676709308.443777799606 0.000091937500
676709308.443777799606	-1110991.916384034790	3144072.059950761497	1550890.967914223205	2.64414048227648601	1.08773353217571089	-2.27621035593782484
676709308.462165355682	-1110976.416805001209	3144050.013628032058	1550947.903362097917	2.64416441038615657	1.08772021120287232	-2.27618926740404381
676709308.480552792549	-1110960.917091254378	3144027.966520656366	1551004.837999522919	2.64418833697416433	1.08770689016695687	-2.27616818034018742
676709308.498940348625	-1110945.416973594110	3144005.918316471390	1551061.772543374915	2.64421224737951999	1.08769354918060812	-2.27614716823988905
676709308.517327785492	-1110929.916736695217	3143983.869222397916	1551118.706260882784	2.64423610970574030	1.08768014801517676	-2.27612638445634063
676709308.535715341568	-1110914.416102188407	3143961.819144150242	1551175.639926120872	2.64425997083230380	1.08766674662006091	-2.27610560185727318
676709308.554102778435	-1110898.915290616453	3143939.768205513712	1551232.572741255630	2.64428383044166626	1.08765334516669898	-2.27608482072138019
676709308.572490334511	-1110883.414134220919	3143917.716184733436	1551289.505475876620	2.64430768912040737	1.08763994329838898	-2.27606404054608458
676709308.590877771378	-1110867.912773831282	3143895.663360283710	1551346.437387218000	2.64433154656315805	1.08762654119003810	-2.27604326159633041
676709308.609265327454	-1110852.413360782666	3143873.610883221962	1551403.369455764070	2.64435531163199622	1.08761277480966223	-2.27602187905612841
676709308.627652764320	-1110836.911510518286	3143851.556127979420	1551460.300461667357	2.64437905708863141	1.08759893642296768	-2.27600037855319748
676709308.646040320396	-1110821.409319639904	3143829.500301598106	1551517.231374941999	2.64440280156607255	1.08758509761313227	-2.27597887904394991
676709308.664427757263	-1110805.906953693833	3143807.443656796589	1551574.161476818379	2.64442654473605998	1.08757125855379000	-2.27595738083017984
676709308.682815313339	-1110790.404194108909	3143785.385919514112	1551631.091484888224	2.64445028665962223	1.08755741926231231	-2.27593588384297973
676709308.701202750206	-1110774.901304609142	3143763.327409492340	1551688.020646863384	2.64447406168705301	1.08754374245070529	-2.27591465806841553
676709308.719590306282	-1110759.398022210458	3143741.267804792151	1551744.949764438439	2.64449789460806972	1.08753034092539203	-2.27589389068550751
676709308.737977743149	-1110743.894595897058	3143719.207335954998	1551801.878031672444	2.64452172629442606	1.08751693916039671	-2.27587312452677581
676709308.756365299225	-1110728.390791682992	3143697.145788698457	1551858.806218630401	2.64454555677058023	1.08750353716267756	-2.27585235956461140
676709308.774752855301	-1110712.886696260422	3143675.083299939521	1551915.733965574298	2.64456938603660863	1.08749013493225344	-2.27583159579893790
676709308.793140292168	-1110697.382466744864	3143653.020027425140	1551972.660878536291	2.64459321376319512	1.08747673263710620	-2.27581083352196734
676709308.811527848244	-1110681.877869448392	3143630.955621179193	1552029.587696278235	2.64461770645209260	1.08746145098834801	-2.27578546517807068
676709308.829915285110	-1110666.373104392551	3143608.890434007626	1552086.513703802135	2.64464222865646992	1.08744608126910292	-2.27575988318176181
676709308.848302841187	-1110650.867964410689	3143586.824135252275	1552143.439629636006	2.64466674928618994	1.08743071125965263	-2.27573430272923583
676709308.866690278053	-1110635.362683754414	3143564.757058496587	1552200.364733132999	2.64469126802738641	1.08741534116044147	-2.27570872414759151
676709308.885077834129	-1110619.857061289251	3143542.688866416458	1552257.289754705736	2.64471578548379371	1.08739997056373050	-2.27568314680978068
676709308.903465270996	-1110604.351219723234	3143520.619857489131	1552314.213915940374	2.64473996446096127	1.08738555634764911	-2.27565992155756369
676709308.921852827072	-1110588.845021497225	3143498.549776625820	1552371.138045836706	2.64476379752009949	1.08737212051866217	-2.27563910205507858
676709308.940240263939	-1110573.338726377115	3143476.478859621566	1552428.061314693186	2.64478762904739817	1.08735868462820129	-2.27561828403259891
676709308.958627820015	-1110557.832001621136	3143454.406887010206	1552484.984491390409	2.64481145966527675	1.08734524832908352	-2.27559746694529519
676709308.977015256882	-1110542.325142834103	3143432.334067886230	1552541.906892335741	2.64483528901999509	1.08733181178279037	-2.27557665111363239
676709308.995402812958	-1110526.817878408590	3143410.260169585235	1552598.829175709048	2.64485913095830583	1.08731834151569462	-2.27555577698810430
676709309.013790249825	-1110511.310455803759	3143388.185451434925	1552655.750635803910	2.64488312926166902	1.08730448709162419	-2.27553422247266068
676709309.032177805901	-1110495.802675841143	3143366.109663529787	1552712.672015152406	2.64490712659255989	1.08729063224417088	-2.27551266894580539
676709309.050565242767	-1110480.294775017072	3143344.033063043840	1552769.592558871722	2.64493112260726804	1.08727677714371485	-2.27549111672378501
676709309.068952798843	-1110464.786469293758	3143321.955381185282	1552826.513034427539	2.64495511734242772	1.08726292180067730	-2.27546956576523307
676709309.087340354919	-1110449.277886172989	3143299.876729896758	1552883.433044794248	2.64497911078594550	1.08724906621161255	-2.27544801608382175
676709309.105727791786	-1110433.769221349852	3143277.797255620826	1552940.352231178200	2.64500299331272348	1.08723546806808691	-2.27542692605861152
676709309.124115347862	-1110418.260096775601	3143255.716696302406	1552997.271324221278	2.64502680783314226	1.08722202754019959	-2.27540611810363247
676709309.142502784729	-1110402.750886427471	3143233.635362639092	1553054.189620112069	2.64505062109101274	1.08720858676535159	-2.27538531140366551
676709309.160890340805	-1110387.241246364545	3143211.552913698368	1553111.107809131965	2.64507443315949686	1.08719514576435938	-2.27536450587608252
676709309.179277777672	-1110371.731464429991	3143189.469642577693	1553168.025186519604	2.64509824369733293	1.08718170470224651	-2.27534370182738677
676709309.197665333748	-1110356.221295573050	3143167.385273175314	1553224.942458450794	2.64512184318557209	1.08716829469312604	-2.27532321425229078
676709309.216052770615	-1110340.711024125572	3143145.300130840857	1553281.858945109649	2.64514462166827391	1.08715500723562997	-2.27530395889303971
676709309.234440326691	-1110325.200316939270	3143123.213879888412	1553338.775313017191	2.64516739904706855	1.08714171957801775	-2.27528470462284460
676709309.252827763557	-1110309.689490762074	3143101.126798670739	1553395.690869292710	2.64519017498192444	1.08712843187985753	-2.27526545174185868
676709309.271215319633	-1110294.178274174687	3143079.038651417475	1553452.606345055392	2.64521295008006030	1.08711514380127183	-2.27524619973208919
676709309.289602756500	-1110278.666900570272	3143056.949668815825	1553509.520972128026	2.64523572401361751	1.08710185550529426	-2.27522694887993904
676709309.307990312576	-1110263.155208247015	3143034.859622431453	1553566.435531986179	2.64525925819395447	1.08708844801044413	-2.27520656328550297
676709309.326377749443	-1110247.643272235058	3143012.768722179346	1553623.349265735829	2.64528305737995950	1.08707499882225034	-2.27518578155787576
676709309.344765305519	-1110232.131035596598	3142990.676800895948	1553680.262909683632	2.64530685562099377	1.08706154921541653	-2.27516500080578288
676709309.363152742386	-1110216.618601007154	3142968.584009584971	1553737.175727526424	2.64533065262465250	1.08704809936893265	-2.27514422128041671
676709309.381540298462	-1110201.105853755958	3142946.490147821140	1553794.088490033522	2.64535444840319300	1.08703464928628257	-2.27512344296794122
676709309.399927854538	-1110185.592771362048	3142924.395346092992	1553851.000763584860	2.64537841494282633	1.08702159680866961	-2.27510281243033452
676709309.418315291405	-1110170.079600156518	3142902.299743519165	1553907.912226686720	2.64540273286636474	1.08700936059005637	-2.27508248410244995
676709309.436702847481	-1110154.565975182224	3142880.202989553101	1553964.823593619978	2.64542704999995326	1.08699712397795323	-2.27506215660636224
676709309.455090284348	-1110139.052261530887	3142858.105494394433	1554021.734164813999	2.64545136598355102	1.08698488711829944	-2.27504183025618678
676709309.473477840424	-1110123.538138025207	3142836.006849356461	1554078.644615838537	2.64547568087810214	1.08697265002843113	-2.27502150498308664
676709309.491865277290	-1110108.023851080332	3142813.907434368040	1554135.554244531784	2.64549999437234762	1.08696041286815714	-2.27500118104608040
676709309.510252833366	-1110092.509197356645	3142791.806943059899	1554192.463842122117	2.64552384127001128	1.08694715124547647	-2.27498049338481234
676709309.528640270233	-1110076.994417940034	3142769.705630326644	1554249.372566788457	2.64554761393141868	1.08693372885991701	-2.27495974978730198
676709309.547027826309	-1110061.479233594611	3142747.603176535107	1554306.281208584085	2.64557138538436165	1.08692030624222657	-2.27493900738451016
676709309.565415263176	-1110045.963902653661	3142725.499951374251	1554363.189016164979	2.64559515532463951	1.08690688356758725	-2.27491826644085249
676709309.583802819252	-1110030.448256010655	3142703.395629255101	1554420.096755115082	2.64561892432437151	1.08689346047530577	-2.27489752646851873
676709309.602190256119	-1110014.932365857298	3142681.290512901731	1554477.003682668088	2.64564275805759808	1.08688027849375235	-2.27487668587672509
676709309.620577812195	-1109999.416194786550	3142659.184281276539	1554533.910492414841	2.64566667259462251	1.08686739641478969	-2.27485571985822688
676709309.638965249062	-1109983.899759180844	3142637.077245819382	1554590.816514762817	2.64569058568094650	1.08685451427496238	-2.27483475523468748
676709309.657352805138	-1109968.383048830321	3142614.969148076605	1554647.722445896128	2.64571449785587021	1.08684163171721027	-2.27481379155376562
676709309.675740242004	-1109952.866118977079	3142592.860232530627	1554704.627540219575	2.64573840886201639	1.08682874892355175	-2.27479282902777991
676709309.694127798080	-1109937.348850991810	3142570.750169355888	1554761.532527673524	2.64576231867511069	1.08681586588708212	-2.27477186768416439
676709309.712515354156	-1109921.831293243216	3142548.639208780136	1554818.437064413447	2.64578612054241580	1.08680244055938546	-2.27475110392156354
676709309.730902791023	-1109906.313566647237	3142526.527423066553	1554875.340801635291	2.64580991912922547	1.08678900626953823	-2.27473034485957504
676709309.749290347099	-1109890.795554531971	3142504.414569807705	1554932.244471409591	2.64583371677387147	1.08677557156135651	-2.27470958677069079
676709309.767677783966	-1109875.277298650704	3142482.300865748432	1554989.147242136998	2.64585751320828599	1.08676213662055443	-2.27468882987831655
676709309.786065340042	-1109859.758717153454	3142460.186116931029	1555046.050032116240	2.64588130840820535	1.08674870144022928	-2.27466807420987793
676709309.804452776909	-1109844.239925009431	3142438.070513575803	1555102.951922814129	2.64590505768170337	1.08673540894631060	-2.27464731628207062
676709309.822840332985	-1109828.720827996265	3142415.953818501905	1555159.853721119463	2.64592877280897154	1.08672222271191554	-2.27462655656154933
676709309.841227769852	-1109813.201523713069	3142393.836351935286	1555216.754721088801	2.64595248675068273	1.08670903624575077	-2.27460579801270191
676709309.859615325928	-1109797.681893538218	3142371.717784052249	1555273.655652662506	2.64597619948256924	1.08669584954091336	-2.27458504066295664
676709309.878002762794	-1109782.162063682452	3142349.598363784142	1555330.555734129157	2.64599991073770369	1.08668266277990733	-2.27456428473567041
676709309.896390318871	-1109766.641886324389	3142327.477894436102	1555387.455736500910	2.64602362569431904	1.08666945028696160	-2.27454353434509571
676709309.914777755737	-1109751.121521494817	3142305.356619022321	1555444.354927239707	2.64604737706290427	1.08665603081264139	-2.27452282273017126
676709309.933165311813	-1109735.600852948148	3142283.234236394521	1555501.254000172717	2.64607112721331061	1.08664261110315175	-2.27450211232130739
676709309.951552748680	-1109720.079980649985	3142261.111050025560	1555558.152249824954	2.64609487585378389	1.08662919133709690	-2.27448140336875415
676709309.969940304756	-1109704.561033703387	3142238.988217053935	1555615.050706092268	2.64611862356808425	1.08661577115732921	-2.27446069537176143
676709309.988327741623	-1109689.039642032003	3142216.863129959907	1555671.948063836666	2.64614237004010144	1.08660235073553202	-2.27443998860809593
676709310.006715297699	-1109673.517863078741	3142194.736943608616	1555728.845339653082	2.64616607682644567	1.08658901469363012	-2.27441954691298909
676709310.025102853775	-1109657.995816571871	3142172.609808512498	1555785.742151928367	2.64618976517989379	1.08657571623070193	-2.27439922439375142
676709310.043490290642	-1109642.473639713135	3142150.481840045191	1555842.638126927195	2.64621345206064840	1.08656241771761342	-2.27437890328896408
676709310.061877846718	-1109626.951118353521	3142128.352789327502	1555899.534021412022	2.64623713803868998	1.08654911879690519	-2.27435858312169437
676709310.080265283585	-1109611.428376568016	3142106.222995921504	1555956.429119207663	2.64626082282304820	1.08653581964560342	-2.27433826413717943
676709310.098652839661	-1109595.905275699683	3142084.092045266181	1556013.324134133290	2.64628452225011612	1.08652249172580939	-2.27431785653915597
676709310.117040276527	-1109580.382042667596	3142061.960278905928	1556070.218287783442	2.64630827253755241	1.08650906952885573	-2.27429715378156860
676709310.135427832603	-1109564.858414622257	3142039.827451839112	1556127.112374918768	2.64633202187473282	1.08649564691123368	-2.27427645200691630
676709310.153815269470	-1109549.334656246938	3142017.693791396916	1556184.005624778103	2.64635576999420952	1.08648222405849104	-2.27425575143787828
676709310.172202825546	-1109533.810497419443	3141995.559060503263	1556240.898794358596	2.64637951692039541	1.08646880097756227	-2.27423505204688015
676709310.190590262413	-1109518.286210752558	3141973.423539133742	1556297.791141842259	2.64640326231290723	1.08645537783326063	-2.27421435413902362
676709310.208977818489	-1109502.761539813597	3141951.286885330454	1556354.683405981632	2.64642646439484430	1.08644265185999456	-2.27419451360784652
676709310.227365255356	-1109487.236707931384	3141929.149444784038	1556411.574848258402	2.64644954376064234	1.08643008200920366	-2.27417486617462528
676709310.245752811432	-1109471.711546046194	3141907.010937314946	1556468.466197671602	2.64647262206786182	1.08641751195111991	-2.27415521978494350
676709310.264140248299	-1109456.186192949070	3141884.871554024983	1556525.356709331274	2.64649569897260628	1.08640494183603664	-2.27413557474401351
676709310.282527804375	-1109440.660452760290	3141862.731131105684	1556582.247153772507	2.64651877508987177	1.08639237134267397	-2.27411593052369643
676709310.300915241241	-1109425.134557554498	3141840.589855123777	1556639.136773521546	2.64654209748624547	1.08637950374163772	-2.27409592283225059
676709310.319302797318	-1109409.608325193869	3141818.447534367442	1556696.026313938433	2.64656592209363684	1.08636603190182646	-2.27407517449384589
676709310.337690353394	-1109394.081833636388	3141796.304227203596	1556752.915351871867	2.64658974547594550	1.08635255982555390	-2.27405442736849439
676709310.356077790260	-1109378.555150605273	3141774.160162599292	1556809.803604996763	2.64661356734045805	1.08633908769209930	-2.27403368170692843
676709310.374465346336	-1109363.028103110148	3141752.014930981211	1556866.691761486698	2.64663738828501494	1.08632561514642245	-2.27401293699368834
676709310.392852783203	-1109347.500874922844	3141729.868947179522	1556923.579109407496	2.64666120798039550	1.08631214235743068	-2.27399219352075876
676709310.411240339279	-1109331.973299228819	3141707.721854606643	1556980.466363518499	2.64668401543857224	1.08629823546968285	-2.27397207855697037
676709310.429627776146	-1109316.445636016084	3141685.573945658281	1557037.352781767026	2.64670675286844803	1.08628429914116098	-2.27395200756818516
676709310.448015332222	-1109300.917495411821	3141663.424968445208	1557094.239143970190	2.64672948938291830	1.08627036241601127	-2.27393193751495826
676709310.466402769089	-1109285.389247924788	3141641.275150691625	1557151.124645367032	2.64675222464250348	1.08625642546224976	-2.27391186870801354
676709310.484790325165	-1109269.860637380276	3141619.124269728549	1557208.010054134065	2.64677495872027357	1.08624248830062675	-2.27389180106478728
676709310.503177762032	-1109254.331853904761	3141596.972552590072	1557264.894675502786	2.64679815969365118	1.08622879355996171	-2.27387145455342310
676709310.521565318108	-1109238.802721117390	3141574.819744341541	1557321.779179064790	2.64682187806970681	1.08621536670290730	-2.27385079877623264
676709310.539952754974	-1109223.273414834635	3141552.666161745787	1557378.662860527867	2.64684559521836960	1.08620193960794609	-2.27383014421599272
676709310.558340311050	-1109207.743690114934	3141530.511465910356	1557435.546484294580	2.64686931117620627	1.08618851228546154	-2.27380949083138795
676709310.576727747917	-1109192.213888681727	3141508.355958954431	1557492.429248436587	2.64689302560325102	1.08617508490033043	-2.27378883892691297
676709310.595115303993	-1109176.683692930266	3141486.199374847114	1557549.311944181565	2.64691672925136379	1.08616166866148411	-2.27376821708101318
676709310.613502740860	-1109161.153323576786	3141464.041956736706	1557606.193803115981	2.64694027665917275	1.08614843374738013	-2.27374805393233403
676709310.631890296936	-1109145.622582764598	3141441.883453402203	1557663.075593656860	2.64696382290021148	1.08613519860899355	-2.27372789193804659
676709310.650277853012	-1109130.091545097297	3141419.724015099928	1557719.956932300702	2.64698736797454792	1.08612196324634169	-2.27370773109808333
676709310.668665289879	-1109114.560436771484	3141397.563759008888	1557776.837423199555	2.64701091155659096	1.08610872782526768	-2.27368757169680968
676709310.687052845955	-1109099.028897960903	3141375.402402997483	1557833.717832638184	2.64703445426128159	1.08609549200378197	-2.27366741320648602
676709310.705440282822	-1109083.497224830557	3141353.240262234118	1557890.597431627335	2.64705809158947947	1.08608214288626592	-2.27364697442733554
676709310.723827838898	-1109067.965148292016	3141331.077024479397	1557947.476937042084	2.64708179194651105	1.08606871777125957	-2.27362634818505915
676709310.742215275764	-1109052.432970958529	3141308.912939506117	1558004.355593530228	2.64710549077465407	1.08605529259396483	-2.27360572342090750
676709310.760602831841	-1109036.900352494791	3141286.747808999848	1558061.234207035042	2.64712918870504588	1.08604186701092487	-2.27358509958131760
676709310.778990268707	-1109021.367654268630	3141264.581840872765	1558118.111947619356	2.64715288538574978	1.08602844118353725	-2.27356447698419029
676709310.797377824783	-1109005.834534700727	3141242.414792645257	1558174.989631921053	2.64717646656460470	1.08601513613749812	-2.27354414459800180
676709310.815765261650	-1108990.301310870796	3141220.246929431800	1558231.866492239060	2.64719953964287091	1.08600236739166789	-2.27352509468634301
676709310.834152817726	-1108974.767664399929	3141198.078004707582	1558288.743248752551	2.64722261191010055	1.08598959826374131	-2.27350604563159386
676709310.852540254593	-1108959.233856446110	3141175.908232636284	1558345.619192219339	2.64724568307110042	1.08597682892041325	-2.27348699767627016
676709310.870927810669	-1108943.699704163708	3141153.737378254998	1558402.495055173524	2.64726875315025811	1.08596405936860441	-2.27346795079281749
676709310.889315247536	-1108928.165373547003	3141131.565740679391	1558459.370058733737	2.64729182186460665	1.08595128977847488	-2.27344890520994225
676709310.907702803612	-1108912.630699170986	3141109.392958966549	1558516.245016482426	2.64731533328255386	1.08593805148377665	-2.27342874407128770
676709310.926090240479	-1108897.095855582505	3141087.219413887709	1558573.119140017545	2.64733901665435312	1.08592463013735441	-2.27340814828003346
676709310.944477796555	-1108881.560631492175	3141065.044763733167	1558629.993169977330	2.64736269882698183	1.08591120856077916	-2.27338755367444456
676709310.962865352631	-1108866.025193647482	3141042.869169720914	1558686.866735689575	2.64738637978836033	1.08589778675061788	-2.27336696026818519
676709310.981252789497	-1108850.489552108571	3141020.692712259013	1558743.739463413600	2.64741005924761907	1.08588436488549012	-2.27334636830999504
676709310.999640345573	-1108834.953545358498	3140998.515222534072	1558800.612149333348	2.64743388395441226	1.08587098193757714	-2.27332539284409085
676709311.018027782440	-1108819.417410223512	3140976.336944472510	1558857.483963742852	2.64745804055574929	1.08585768837952990	-2.27330354236514909
676709311.036415338516	-1108803.880873568822	3140954.157551730983	1558914.355708578136	2.64748219592079748	1.08584439457335802	-2.27328169310620698
676709311.054802775383	-1108788.344169428572	3140931.977318297140	1558971.226628484903	2.64750634974037080	1.08583110069257138	-2.27325984534603798
676709311.073190331459	-1108772.807087889640	3140909.796006272081	1559028.097468115855	2.64753050260877254	1.08581780638331304	-2.27323799855433384
676709311.091577768326	-1108757.269922033185	3140887.613904338796	1559084.967485175701	2.64755465420464287	1.08580451181564008	-2.27321615302362590
676709311.109965324402	-1108741.732330000028	3140865.430713451002	1559141.837408663006	2.64757839354436175	1.08579111758054814	-2.27319537525171489
676709311.128352761269	-1108726.194561495446	3140843.246721690986	1559198.706496755127	2.64760205528769843	1.08577770488323111	-2.27317479637354358
676709311.146740317345	-1108710.656470318092	3140821.061595374718	1559255.575515034609	2.64762571608829234	1.08576429176726297	-2.27315421847142840
676709311.165127754211	-1108695.118179820711	3140798.875676255208	1559312.443697921699	2.64764937567980052	1.08575087841804030	-2.27313364176647381
676709311.183515310287	-1108679.579581252532	3140776.688697562087	1559369.311813357053	2.64767303407445276	1.08573746483903144	-2.27311306624486642
676709311.201902747154	-1108664.040763875470	3140754.500842244830	1559426.179053744068	2.64769674429076929	1.08572379521080808	-2.27309223815205597
676709311.220290303230	-1108648.501611484447	3140732.311984073836	1559483.046253506560	2.64772052553091841	1.08570977951263359	-2.27307106807776549
676709311.238677740097	-1108632.962279441999	3140710.122238880489	1559539.912589867832	2.64774430547398731	1.08569576357047293	-2.27304989928823975
676709311.257065296173	-1108617.422605094034	3140687.931453336030	1559596.778884424595	2.64776808413221909	1.08568174738779577	-2.27302873176965026
676709311.275452852249	-1108601.882647235412	3140665.739703957923	1559653.644725436345	2.64779186153001023	1.08566773097152014	-2.27300756549443106
676709311.293840289116	-1108586.342496638186	3140643.547156030312	1559710.509719405323	2.64781563733878000	1.08565371449762615	-2.27298640075996472
676709311.312227845192	-1108570.802025797311	3140621.353502199985	1559767.374607450562	2.64783932478994144	1.08564024598436615	-2.27296577997221716
676709311.330615282059	-1108555.261367749190	3140599.159042223357	1559824.238683864707	2.64786300746749781	1.08562679957853381	-2.27294518250592059
676709311.349002838135	-1108539.722662679618	3140576.964879976586	1559881.102916534524	2.64788668892003898	1.08561335293550609	-2.27292458625429061
676709311.367390275002	-1108524.181509902468	3140554.768555203918	1559937.966090338770	2.64791036888099152	1.08559990624111613	-2.27290399143862931
676709311.385777831078	-1108508.639985720860	3140532.571085495874	1559994.829181033652	2.64793404792021736	1.08558645913410134	-2.27288339757486124
676709311.404165267944	-1108493.098279076628	3140510.372821569443	1560051.691424452933	2.64795754668477556	1.08557299744410662	-2.27286298235081929
676709311.422552824020	-1108477.556228225818	3140488.173475291580	1560108.553587357281	2.64798089886189869	1.08555952387940335	-2.27284271238149049
676709311.440940260887	-1108462.014000955969	3140465.973328127060	1560165.414914869005	2.64800424955514169	1.08554605026697759	-2.27282244384212673
676709311.459327816963	-1108446.471405375050	3140443.772062515840	1560222.276172569254	2.64802759933798670	1.08553257624831745	-2.27280217624336967
676709311.477715253830	-1108430.928645462729	3140421.569982687477	1560279.136618637946	2.64805094791165230	1.08551910199925916	-2.27278190984352602
676709311.496102809906	-1108415.385583425174	3140399.366839698516	1560335.996936197160	2.64807432175905255	1.08550563071107220	-2.27276161819955824
676709311.514490246773	-1108399.842236691620	3140377.162884086836	1560392.856466828613	2.64809796304464173	1.08549219173825096	-2.27274105950100402
676709311.532877802849	-1108384.298643681686	3140354.957793863956	1560449.715854006121	2.64812160339885772	1.08547875235018920	-2.27272050176555096
676709311.551265358925	-1108368.754716276191	3140332.751820065547	1560506.574839877430	2.64814524256775030	1.08546531273605940	-2.27269994520032315
676709311.569652795792	-1108353.210694249487	3140310.544992354698	1560563.432988703251	2.64816888049064625	1.08545187287864864	-2.27267938987392526
676709311.588040351868	-1108337.666243198561	3140288.337108805776	1560620.291045370279	2.64819251724052807	1.08543843279865326	-2.27265883570385796
676709311.606427788734	-1108322.121618722565	3140266.128391203471	1560677.148265228840	2.64821591525266697	1.08542478013396959	-2.27263735240405174
676709311.624815344810	-1108306.576689740643	3140243.918581772596	1560734.005392691586	2.64823919801676233	1.08541102468857042	-2.27261542196609279
676709311.643202781677	-1108291.031576686306	3140221.707992671523	1560790.861721819965	2.64826247950957550	1.08539726900050448	-2.27259349278132250
676709311.661590337753	-1108275.486113313818	3140199.496268216055	1560847.717943845782	2.64828575974333980	1.08538351307323677	-2.27257156483592082
676709311.679977774620	-1108259.940452538896	3140177.283733262680	1560904.573354471708	2.64830903842022058	1.08536975708626748	-2.27254963840967594
676709311.698365330696	-1108244.394432577537	3140155.070162426215	1560961.428662235150	2.64833239067712878	1.08535606531167383	-2.27252799828871366
676709311.716752767563	-1108228.848248208407	3140132.855717706028	1561018.283143658191	2.64835602256454283	1.08534261677866328	-2.27250743415559642
676709311.735140323639	-1108213.301775774220	3140110.640238471795	1561075.137559044175	2.64837965324187063	1.08532916801265800	-2.27248687122058968
676709311.753527760506	-1108197.755042018602	3140088.423925203271	1561131.991112676449	2.64840328244317291	1.08531571919950798	-2.27246630970458252
676709311.771915316582	-1108182.207943095593	3140066.206519961357	1561188.844609795837	2.64842691100302563	1.08530226979207312	-2.27244574890338846
676709311.790302753448	-1108166.660746623995	3140043.988293956965	1561245.697271284647	2.64845053776028827	1.08528882050614417	-2.27242518981064467
676709311.808690309525	-1108151.113150066230	3140021.768997367471	1561302.549852497410	2.64847397108356652	1.08527539385200811	-2.27240441877364496
676709311.827077746391	-1108135.565413239645	3139999.548862982541	1561359.401596662588	2.64849735397469210	1.08526197285066739	-2.27238359453312677
676709311.845465302467	-1108120.017293258803	3139977.327716263477	1561416.253263380378	2.64852073566878232	1.08524855161984091	-2.27236277147439791
676709311.863852858543	-1108104.468935471261	3139955.105529889930	1561473.104461843846	2.64854411615376595	1.08523513015610340	-2.27234194961111813
676709311.882240295410	-1108088.920374391600	3139932.882599324454	1561529.954851737712	2.64856749514265033	1.08522170863806022	-2.27232112919500473
676709311.900627851486	-1108073.371519010048	3139910.658521593548	1561586.805134291295	2.64859094928473304	1.08520827929928187	-2.27230040055148885
676709311.919015288353	-1108057.822408491047	3139888.433662806638	1561643.654581686482	2.64861455505199528	1.08519483485660717	-2.27227985549318134
676709311.937402844429	-1108042.272988800891	3139866.207700239029	1561700.503972330829	2.64863815961112570	1.08518139018134319	-2.27225931163101658
676709311.955790281296	-1108026.723383782199	3139843.980976583436	1561757.352517116116	2.64866176267222952	1.08516794545239503	-2.27223876921310408
676709311.974177837372	-1108011.173460369697	3139821.753069662489	1561814.200965259923	2.64868536480320360	1.08515450030856897	-2.27221822775670645
676709311.992565274239	-1107995.623324180488	3139799.524457430933	1561871.048617898021	2.64870896573842840	1.08514105493565349	-2.27219768748248230
676709312.010952830315	-1107980.072883444605	3139777.294693696778	1561927.896163432160	2.64873270622017953	1.08512890258560235	-2.27217976540013877
676709312.029340267181	-1107964.522196716163	3139755.064168726094	1561984.742898981553	2.64875645836409035	1.08511686912549776	-2.27216208517366169
676709312.047727823257	-1107948.971203631721	3139732.832509910688	1562041.589503430296	2.64878020978110751	1.08510483529601909	-2.27214440575445265
676709312.066115260124	-1107933.420025291620	3139710.600027246866	1562098.435320244636	2.64880396017936226	1.08509280125776497	-2.27212672735354859
676709312.084502816200	-1107917.868517877301	3139688.366478450131	1562155.281020667637	2.64882770958319957	1.08508076701763456	-2.27210904994343021
676709312.102890253067	-1107902.316786061972	3139666.132116196211	1562212.125921808649	2.64885139199855324	1.08506809632128665	-2.27209009513083871
676709312.121277809143	-1107886.764743299922	3139643.896667812951	1562268.970742202597	2.64887499417624417	1.08505465621723030	-2.27206959620239068
676709312.139665246010	-1107871.212504860712	3139621.660394345410	1562325.814702259144	2.64889859512374137	1.08504121587413938	-2.27204909849547709
676709312.158052802086	-1107855.659942907980	3139599.423047135118	1562382.658581333002	2.64892219490183622	1.08502777530924011	-2.27202860194136536
676709312.176440358162	-1107840.107098801294	3139577.184734802693	1562439.502032741904	2.64894579344989367	1.08501433450534401	-2.27200810660863262
676709312.194827795029	-1107824.554086866323	3139554.945643533953	1562496.344624525635	2.64896939469611548	1.08500090357603018	-2.27198758274830981
676709312.213215351105	-1107809.000689326087	3139532.705451597925	1562553.187160263071	2.64899309416102557	1.08498770816930157	-2.27196634777865603
676709312.231602787971	-1107793.447132971836	3139510.464440899901	1562610.028846838744	2.64901679243020771	1.08497451252539201	-2.27194511398918308
676709312.249990344048	-1107777.893255426083	3139488.222339732107	1562666.870452905074	2.64904048949160087	1.08496131664087980	-2.27192388139354229
676709312.268377780914	-1107762.339174543042	3139465.979434699751	1562723.711235691095	2.64906418505409391	1.08494812069144086	-2.27190265024878713
676709312.286765336990	-1107746.784767592093	3139443.735430359840	1562780.551900670398	2.64908787970014181	1.08493492432578376	-2.27188142004057658
676709312.305152773857	-1107731.230168238748	3139421.490624323487	1562837.391791544156	2.64911150602987711	1.08492159395009935	-2.27186062318892912
676709312.323540329933	-1107715.675197138451	3139399.244735096116	1562894.231564613292	2.64913508244160445	1.08490816614599317	-2.27184014152035862
676709312.341927766800	-1107700.120108813280	3139376.998059640173	1562951.070515349275	2.64915865734828593	1.08489473828534222	-2.27181966130434354
676709312.360315322876	-1107684.564613110386	3139354.750216413755	1563007.909369915491	2.64918223134138930	1.08488131001428134	-2.27179918203228448
676709312.378702759743	-1107669.008991183480	3139332.501626780722	1563064.747391681885	2.64920580410708473	1.08486788150461089	-2.27177870397896209
676709312.397090315819	-1107653.452982535120	3139310.251937686000	1563121.585331522860	2.64922951315454158	1.08485438798713263	-2.27175775764155219
676709312.415477752686	-1107637.896849371027	3139288.001424871851	1563178.422447848832	2.64925393451225899	1.08484055788364131	-2.27173437459120287
676709312.433865308762	-1107622.340269316221	3139265.749813387170	1563235.259494595928	2.64927835484477470	1.08482672733215080	-2.27171099255881570
676709312.452252745628	-1107606.783582814271	3139243.497420938686	1563292.095695249038	2.64930277379087542	1.08481289649936374	-2.27168761189798651
676709312.470640301704	-1107591.226559523493	3139221.243923900183	1563348.931801858358	2.64932719141133965	1.08479906540249793	-2.27166423253999028
676709312.489027857780	-1107575.669236675603	3139198.989465273917	1563405.767443276243	2.64935160769411571	1.08478523403813676	-2.27164085449846720
676709312.507415294647	-1107560.111715420382	3139176.734211605508	1563462.602298707003	2.64937542966061557	1.08477168177174499	-2.27161949537182561
676709312.525802850723	-1107544.553865069291	3139154.477832118981	1563519.437023036648	2.64939899855242933	1.08475824786674968	-2.27159899544405475
676709312.544190287590	-1107528.995853766799	3139132.220724505838	1563576.270963742398	2.64942256622828598	1.08474481372637954	-2.27157849672189194
676709312.562577843666	-1107513.437513383338	3139109.962491071783	1563633.104773344705	2.64944613271253449	1.08473137935752972	-2.27155799917780943
676709312.580965280533	-1107497.879001560854	3139087.703405874781	1563689.937770132907	2.64946969769148488	1.08471794493208828	-2.27153750308678193
676709312.599352836609	-1107482.320091098780	3139065.443294181954	1563746.770675943466	2.64949335497976879	1.08470460879436237	-2.27151701253910376
676709312.617740273476	-1107466.761032041861	3139043.182322666980	1563803.602768941782	2.64951724645939013	1.08469152170153471	-2.27149653489657144
676709312.636127829552	-1107451.201577322558	3139020.920291493181	1563860.434769544518	2.64954113679588898	1.08467843438381917	-2.27147605838166244
676709312.654515266418	-1107435.642025191337	3138998.657439525705	1563917.265934518538	2.64956502563496654	1.08466534699829142	-2.27145558331025743
676709312.672902822495	-1107420.082080366090	3138976.393494739663	1563974.097005685093	2.64958891361264293	1.08465225921023167	-2.27143510913271252
676709312.691290259361	-1107404.521987069165	3138954.128749778960	1564030.927278750343	2.64961280037460467	1.08463917117671582	-2.27141463616492523
676709312.709677815437	-1107388.963776565623	3138931.864344514906	1564087.757684073411	2.64963642112876929	1.08462580403670406	-2.27139415349691065
676709312.728065252304	-1107373.403163152048	3138909.597716161516	1564144.587041229475	2.64965998336354813	1.08461237681424816	-2.27137366996189227
676709312.746452808380	-1107357.842161666835	3138887.329947266262	1564201.416254222626	2.64968354469770828	1.08459894918480915	-2.27135318735602842
676709312.764840245247	-1107342.280958366580	3138865.061415530276	1564258.244706172263	2.64970710482971628	1.08458552132361685	-2.27133270594041914
676709312.783227801323	-1107326.719465668080	3138842.791748509277	1564315.073015137343	2.64973066374751420	1.08457209322725334	-2.27131222572871350
676709312.801615357399	-1107311.157668871805	3138820.521167594939	1564371.900909266900	2.64975437150540305	1.08455868961052526	-2.27129141479631214
676709312.820002794266	-1107295.595712702721	3138798.249784329440	1564428.727956119925	2.64977829965384437	1.08454532247273794	-2.27127011439546278
676709312.838390350342	-1107280.033388523618	3138775.977282517590	1564485.554933161242	2.64980222686655909	1.08453195491305387	-2.27124881495296682
676709312.856777787209	-1107264.470932049677	3138753.703981289174	1564542.381050810684	2.64982615282513612	1.08451858710248938	-2.27122751675424128
676709312.875165343285	-1107248.908092046855	3138731.429607053753	1564599.207099828171	2.64985007759032021	1.08450521905824271	-2.27120621973058823
676709312.893552780151	-1107233.345070495037	3138709.154436365236	1564656.032350978348	2.64987400080737956	1.08449185094103817	-2.27118492420851714
676709312.911940336227	-1107217.781734446762	3138686.878155151848	1564712.857458675047	2.64989767282117894	1.08447836465724623	-2.27116431103958583
676709312.930327773094	-1107202.218189668609	3138664.601014894899	1564769.681765911635	2.64992132289358207	1.08446486839456679	-2.27114375544693603
676709312.948715329170	-1107186.654296242865	3138642.322842991911	1564826.505970051745	2.64994497177792576	1.08445137190526064	-2.27112320102726928
676709312.967102766037	-1107171.090271868277	3138620.043853066396	1564883.329362324439	2.64996861915945292	1.08443787536202296	-2.27110264805629791
676709312.985490322113	-1107155.525838555768	3138597.763772632461	1564940.152649142547	2.64999226563153201	1.08442437840921624	-2.27108209602351874
676709313.003877758980	-1107139.961257979507	3138575.482876510825	1564996.975112448679	2.65001581282026555	1.08441009052973203	-2.27105969010549869
676709313.022265315056	-1107124.396329308627	3138553.200886929873	1565053.797507356387	2.65003927150208263	1.08439509993151950	-2.27103563744837222
676709313.040652751923	-1107108.831211949466	3138530.918108762242	1565110.619066632818	2.65006272846211077	1.08438010927283446	-2.27101158648876345
676709313.059040307999	-1107093.265733144945	3138508.634206314571	1565167.440544453217	2.65008618422815667	1.08436511814212766	-2.27098753669403708
676709313.077427744865	-1107077.700119800400	3138486.349521148484	1565224.261162411189	2.65010963854859805	1.08435012674864284	-2.27096348831663830
676709313.095815300941	-1107062.134154136758	3138464.063731528353	1565281.081724088639	2.65013309842822675	1.08433523711866231	-2.27093967769761873
676709313.114202857018	-1107046.567886084784	3138441.777013436425	1565337.901821986539	2.65015665492276931	1.08432176875417374	-2.27091916065643584
676709313.132590293884	-1107031.001477991696	3138419.489457484800	1565394.721082843374	2.65018020992192316	1.08430830033669667	-2.27089864505708094
676709313.150977849960	-1107015.434670114890	3138397.200830839574	1565451.540263422299	2.65020376401665869	1.08429483151132566	-2.27087813039002429
676709313.169365286827	-1106999.867758873850	3138374.911390044726	1565508.358596488833	2.65022731686914748	1.08428136244352413	-2.27085761695794641
676709313.187752842903	-1106984.300453903154	3138352.620871889871	1565565.176861156942	2.65025086854011072	1.08426789315047722	-2.27083710469216671
676709313.206140279770	-1106968.732928962912	3138330.329551210627	1565621.994314428885	2.65027405691798634	1.08425408638417076	-2.27081588877436324
676709313.224527835846	-1106953.165129868779	3138308.037108384073	1565678.811661775922	2.65029705209966560	1.08424009994941595	-2.27079429932631127
676709313.242915272713	-1106937.597130044131	3138285.743890288286	1565735.628149728756	2.65032004602196603	1.08422611328147811	-2.27077271111804846
676709313.261302828789	-1106922.028814008692	3138263.449530839454	1565792.444579753559	2.65034303866072385	1.08421212637351227	-2.27075112417692404
676709313.279690265656	-1106906.460276216967	3138241.154386518057	1565849.260174383409	2.65036602977034130	1.08419813942173882	-2.27072953872342520
676709313.298077821732	-1106890.891410251381	3138218.858173825312	1565906.075702032074	2.65038912289233908	1.08418425149102893	-2.27070816084055949
676709313.316465258598	-1106875.322375411401	3138196.561137979850	1565962.890380752506	2.65041264887982742	1.08417078235873032	-2.27068765447608811
676709313.334852814674	-1106859.752963663079	3138174.263023373205	1566019.704979195027	2.65043617367480477	1.08415731299806217	-2.27066714929043290
676709313.353240251541	-1106844.183408951154	3138151.964104053564	1566076.518742009066	2.65045969697625328	1.08414384358480209	-2.27064664554494433
676709313.371627807617	-1106828.613477230305	3138129.664046316408	1566133.332409834024	2.65048321936220166	1.08413037376059029	-2.27062614274411345
676709313.390015244484	-1106813.043349685846	3138107.363222140353	1566190.145255558426	2.65050674054374458	1.08411690370463343	-2.27060564113558616
676709313.408402800560	-1106797.472900030436	3138085.061322920024	1566246.958046183223	2.65053066751290434	1.08410350302965797	-2.27058440145187745
676709313.426790356636	-1106781.902202080004	3138062.758441426791	1566303.770334087545	2.65055471146975652	1.08409012233188151	-2.27056294825961658
676709313.445177793503	-1106766.331314354436	3138040.454786828253	1566360.581811775221	2.65057875390568176	1.08407674156849132	-2.27054149653727588
676709313.463565349579	-1106750.760092338780	3138018.150010856334	1566417.393195887795	2.65060279537579779	1.08406336037313622	-2.27052004580591582
676709313.481952786446	-1106735.188654647442	3137995.844443335664	1566474.203756487230	2.65062683562084489	1.08404997893416644	-2.27049859628431738
