269843795.418117940426 0.000084812500
269843795.418117940426	-2694421.247412736528	2460013.585995038040	-315128.704188054195	1.45379463672081277	0.69775416402848300	2.94171050031481940
269843795.435080468655	-2694420.560080915224	2460022.521806440316	-315070.977981031814	1.45381489051351842	0.69775737805739435	2.94172347619201346
269843795.452042937279	-2694419.872067688499	2460031.456957608927	-315013.251923786011	1.45383514427166594	0.69776059187239525	2.94173645211521251
269843795.469005465508	-2694419.183338678442	2460040.391540243290	-314955.525563357573	1.45385539828087285	0.69776380550909700	2.94174942826826236
269843795.485967934132	-2694418.493924376089	2460049.325452116784	-314897.799334752373	1.45387574068530090	0.69776700064202013	2.94176252549013828
269843795.502930462360	-2694417.803812009282	2460058.258777797222	-314840.072828289005	1.45389645329082628	0.69777011888859375	2.94177612978268632
269843795.519892930984	-2694417.113019139972	2460067.191470496822	-314782.346436751133	1.45391716585928554	0.69777323690017723	2.94178973411795575
269843795.536855459213	-2694416.421516914852	2460076.123574030120	-314724.619765781797	1.45393787868203161	0.69777635471826127	2.94180333868751509
269843795.553817927837	-2694415.729300225154	2460085.055057620630	-314666.893202913459	1.45395859161337904	0.69777947232209447	2.94181694339556943
269843795.570780456066	-2694415.036419249140	2460093.985931128263	-314609.166370439692	1.45397930465367686	0.69778258970806062	2.94183054824266543
269843795.587742924690	-2694414.342827397864	2460102.916159346234	-314551.439661591372	1.45399984802522986	0.69778576860821928	2.94184407657055447
269843795.604705452919	-2694413.648543812800	2460111.845789902844	-314493.712672628462	1.45402010851556152	0.69778905037278971	2.94185747734466485
269843795.621667921543	-2694412.953562128358	2460120.774795945734	-314435.985799276328	1.45404036911833545	0.69779233192733248	2.94187087826112936
269843795.638630449772	-2694412.257881492376	2460129.703175730538	-314378.258659018960	1.45406062983283535	0.69779561327906969	2.94188427931883512
269843795.655592918396	-2694411.561503665056	2460138.630971042439	-314320.531623420015	1.45408089051619527	0.69779889440971943	2.94189768042286293
269843795.672555446625	-2694410.864444098901	2460147.558117700741	-314262.804315688030	1.45410115145519403	0.69780217534499944	2.94191108176468941
269843795.689517915249	-2694410.166679155547	2460156.484651853796	-314205.077127310855	1.45412162676163659	0.69780546810602961	2.94192459381277516
269843795.706480443478	-2694409.468228310347	2460165.410550733097	-314147.349672061100	1.45414241709315895	0.69780877833856203	2.94193826851249218
269843795.723442912102	-2694408.769076871220	2460174.335874887649	-314089.622319265560	1.45416320739321736	0.69781208834367203	2.94195194326074683
269843795.740405440331	-2694408.069217654876	2460183.260587038938	-314031.894686924934	1.45418399795603071	0.69781539814748039	2.94196561825285796
269843795.757367968559	-2694407.368682710454	2460192.184680282138	-313974.166972403647	1.45420478863501268	0.69781870773150045	2.94197929339198483
269843795.774330437183	-2694406.667444102000	2460201.108103951439	-313916.439397804439	1.45422557942980202	0.69782201709934233	2.94199296867756743
269843795.791292965412	-2694405.965505522676	2460210.030942521989	-313858.711548317748	1.45424642958171346	0.69782519350284411	2.94200669558142858
269843795.808255434036	-2694405.262883184943	2460218.953162287828	-313800.983798916976	1.45426732544764281	0.69782826714113855	2.94202046227981606
269843795.825217962265	-2694404.559555616230	2460227.874793647788	-313743.255770113494	1.45428822156865944	0.69783134058112661	2.94203422921321334
269843795.842180430889	-2694403.855541824829	2460236.795762529597	-313685.527867220575	1.45430911779849947	0.69783441379514288	2.94204799628578861
269843795.859142959118	-2694403.150820074603	2460245.716129112989	-313627.799702707096	1.45433001413538321	0.69783748680125102	2.94206176349477566
269843795.876105427742	-2694402.445406612009	2460254.635912541300	-313570.071622041811	1.45435091043339737	0.69784055956817892	2.94207553074489070
269843795.893067955971	-2694401.739308446180	2460263.555063174106	-313512.343278986693	1.45437194761545130	0.69784379140393271	2.94208955993733978
269843795.910030424595	-2694401.032497282140	2460272.473540109582	-313454.615071310021	1.45439307655629135	0.69784712680578442	2.94210375982076311
269843795.926992952824	-2694400.324991459958	2460281.391488084570	-313396.886563748878	1.45441420561589485	0.69785046198664680	2.94211795985348257
269843795.943955421448	-2694399.616819475312	2460290.308755897917	-313339.158185097855	1.45443533464706598	0.69785379690979310	2.94213215993772170
269843795.960917949677	-2694398.907926302869	2460299.225427329075	-313281.429538827855	1.45445646394559280	0.69785713163421592	2.94214636027121612
269843795.977880418301	-2694398.198333238717	2460308.141487561166	-313223.700991102320	1.45447759336428040	0.69786046612318631	2.94216056075618981
269843795.994842946529	-2694397.489376375917	2460317.056971845683	-313165.972527080216	1.45449819988912266	0.69786414323813561	2.94217457260303172
269843796.011805415154	-2694396.778393010143	2460325.971824265551	-313108.243820878502	1.45451866277631692	0.69786791427021522	2.94218853266877600
269843796.028767943382	-2694396.066718017682	2460334.886011923198	-313050.514858783456	1.45453912593977375	0.69787168510312403	2.94220249299667991
269843796.045730412006	-2694395.354355611373	2460343.799593844451	-312992.786001289438	1.45455958923556272	0.69787545571152121	2.94221645348845007
269843796.062692940235	-2694394.641299075447	2460352.712560801767	-312935.056874748436	1.45458005266226298	0.69787922610985709	2.94223041414187669
269843796.079655468464	-2694393.927530677523	2460361.624952763319	-312877.327654128720	1.45460051622022246	0.69788299629451422	2.94224437495750424
269843796.096617937088	-2694393.213092715014	2460370.536647864152	-312819.598574975622	1.45462118692668030	0.69788641244742877	2.94225810613017691
269843796.113580465317	-2694392.497935858089	2460379.447779393755	-312761.869203806855	1.45464190304799690	0.69788975129841435	2.94227178748223084
269843796.130542933941	-2694391.782096832991	2460388.358289819676	-312704.139949107135	1.45466261928625240	0.69789308993028676	2.94228546898200261
269843796.147505462170	-2694391.065565158147	2460397.268176651560	-312646.410430530435	1.45468333564073360	0.69789642835026899	2.94229915062838510
269843796.164467930794	-2694390.348319387063	2460406.177432327997	-312588.681020740129	1.45470405196572883	0.69789976653606467	2.94231283232504071
269843796.181430459023	-2694389.630401448347	2460415.086113492027	-312530.951325106958	1.45472476855370281	0.69790310452141813	2.94232651426627312
269843796.198392927647	-2694388.911776479334	2460423.994108349551	-312473.221781948698	1.45474435692033022	0.69790673140383030	2.94233906020815406
269843796.215355455875	-2694388.192452692427	2460432.901548373513	-312415.491935023631	1.45476392278131361	0.69791036389671335	2.94235158351814219
269843796.232317924500	-2694387.472447527573	2460441.808355875779	-312357.762204508763	1.45478348862323092	0.69791399617910010	2.94236410688880712
269843796.249280452728	-2694386.751716739032	2460450.714578673244	-312300.032187051023	1.45480305472096338	0.69791762830332293	2.94237663049597353
269843796.266242921352	-2694386.030316793825	2460459.620092069730	-312242.302330353472	1.45482262093794668	0.69792126023417544	2.94238915425309511
269843796.283205449581	-2694385.308224069420	2460468.525050288532	-312184.572166947066	1.45484218727346959	0.69792489197888163	2.94240167815906783
269843796.300167918205	-2694384.585428455379	2460477.429368070792	-312126.842133933620	1.45486336283584206	0.69792840895792874	2.94241563646283222
269843796.317130446434	-2694383.861921661533	2460486.333124135155	-312069.111809706315	1.45488481886917520	0.69793190578488884	2.94242984476453939
269843796.334092915058	-2694383.137742721476	2460495.236208081245	-312011.381609932869	1.45490627503019954	0.69793540236914919	2.94244405322670044
269843796.351055443287	-2694382.412850442808	2460504.138701942749	-311953.651130699611	1.45492773131714448	0.69793889872877402	2.94245826184656245
269843796.368017911911	-2694381.687280395068	2460513.040537918452	-311895.920783406531	1.45494918757980263	0.69794239483312903	2.94247247052518102
269843796.384980440140	-2694380.961016962770	2460521.941788097378	-311838.190157537290	1.45497028589668531	0.69794586634052280	2.94248648609303842
269843796.401942968369	-2694380.234027786180	2460530.842458611354	-311780.459433762706	1.45499004455347758	0.69794924642460066	2.94249977859445400
269843796.418905436993	-2694379.506381557789	2460539.742437695153	-311722.728857507696	1.45500980332458973	0.69795262629816790	2.94251307123985173
269843796.435867965221	-2694378.778021531645	2460548.641853390262	-311664.997987782175	1.45502956220825408	0.69795600597929053	2.94252636402648315
269843796.452830433846	-2694378.048977308907	2460557.540605382994	-311607.267240997229	1.45504932106619411	0.69795938543815317	2.94253965686184182
269843796.469792962074	-2694377.319213178474	2460566.438808505889	-311549.536208969424	1.45506908017600312	0.69796276472353502	2.94255294993256689
269843796.486755430698	-2694376.588765338995	2460575.336347640492	-311491.805299136904	1.45508910998991281	0.69796611379368612	2.94256640405251746
269843796.503717958927	-2694375.857630463783	2460584.233281736728	-311434.074115872616	1.45511000557349068	0.69796936664957765	2.94258037307665399
269843796.520680427551	-2694375.125798759051	2460593.129575028550	-311376.343060061336	1.45513090112442578	0.69797261926902454	2.94259434214675153
269843796.537642955780	-2694374.393255901057	2460602.025306570344	-311318.611713035672	1.45515179693734553	0.69797587168818243	2.94260831146059854
269843796.554605424404	-2694373.660041882657	2460610.920338967815	-311260.880503732362	1.45517269286633577	0.69797912387451311	2.94262228092148170
269843796.571567952633	-2694372.927426534705	2460619.814893050585	-311203.149338955001	1.45519358890962835	0.69798237584608092	2.94263625052665390
269843796.588530421257	-2694372.192790359259	2460628.708748037461	-311145.417954022065	1.45521424912745823	0.69798545518525246	2.94264990325186293
269843796.605492949486	-2694371.457493198104	2460637.601934885141	-311087.686317823769	1.45523458265249261	0.69798829528707407	2.94266311676868453
269843796.622455418110	-2694370.721484296955	2460646.494562559295	-311029.954775156861	1.45525491627432957	0.69799113518469247	2.94267633041082011
269843796.639417946339	-2694369.984761404339	2460655.386597320903	-310972.222947802977	1.45527524999225966	0.69799397488533255	2.94268954417716744
269843796.656380414963	-2694369.247381493915	2460664.277940616477	-310914.491267969774	1.45529558366431644	0.69799681435936078	2.94270275797632141
269843796.673342943192	-2694368.509291199036	2460673.168692077510	-310856.759304222651	1.45531591757617296	0.69799965364796734	2.94271597199381008
269843796.690305411816	-2694367.770504915155	2460682.058836391661	-310799.027445760323	1.45533643597077234	0.69800269302120066	2.94272946739215024
269843796.707267940044	-2694367.031008149032	2460690.948376632761	-310741.295323420607	1.45535719832257993	0.69800599708009048	2.94274333488552386
269843796.724230468273	-2694366.290823047981	2460699.837322130334	-310683.563104803499	1.45537796079081549	0.69800930091642188	2.94275720252589235
269843796.741192936897	-2694365.549954261631	2460708.725577172823	-310625.831023140287	1.45539872322909125	0.69801260451175406	2.94277107021506401
269843796.758155465126	-2694364.808374733198	2460717.613257914782	-310568.098669557599	1.45541948592910786	0.69801590791380008	2.94278493814775821
269843796.775117933750	-2694364.066109826323	2460726.500331681222	-310510.366417603858	1.45544024874588507	0.69801921108966536	2.94279880622797307
269843796.792080461979	-2694363.323159144260	2460735.386743595824	-310452.633913527592	1.45546068140151030	0.69802256981364419	2.94281250069679468
269843796.809042930603	-2694362.579490792006	2460744.272590218578	-310394.901493242593	1.45548089680722681	0.69802596498940117	2.94282608093461073
269843796.826005458832	-2694361.835140668787	2460753.157789975870	-310337.168826147681	1.45550111247185332	0.69802935997550342	2.94283966141476450
269843796.842967927456	-2694361.090100605506	2460762.042382229120	-310279.436261397437	1.45552132825355129	0.69803275474563864	2.94285324204218002
269843796.859930455685	-2694360.344356581103	2460770.926343342289	-310221.703443841252	1.45554154415055903	0.69803614931787161	2.94286682281411904
269843796.876892924309	-2694359.597916207742	2460779.809709800407	-310163.970712273556	1.45556176002208915	0.69803954365505771	2.94288040363714076
269843796.893855452538	-2694358.850784633309	2460788.692439467646	-310106.237734639086	1.45558243016319611	0.69804287946340671	2.94289419157081200
269843796.910817921162	-2694358.102958263829	2460797.574572224170	-310048.504859377863	1.45560334654510726	0.69804618342104519	2.94290809179784185
269843796.927780449390	-2694357.354438155424	2460806.456052342895	-309990.771730508946	1.45562426304342041	0.69804948716121440	2.94292199217173867
269843796.944742918015	-2694356.605217992328	2460815.336932242382	-309933.038699499157	1.45564517951101813	0.69805279066186088	2.94293589259462873
269843796.961705446243	-2694355.855290140025	2460824.217240574770	-309875.305379476806	1.45566609624281673	0.69805609395985413	2.94294979326332884
269843796.978667914867	-2694355.104700625874	2460833.096852411516	-309817.572220326983	1.45568701309170057	0.69805939703314046	2.94296369407996616
269843796.995630443096	-2694354.353377536405	2460841.975908724125	-309759.838746782742	1.45570786203690195	0.69806275877867896	2.94297759377172197
269843797.012592911720	-2694353.601376689970	2460850.854347676504	-309702.105395707069	1.45572869714244324	0.69806613224258995	2.94299149325630527
269843797.029555439949	-2694352.848682908807	2460859.732148997486	-309644.371776212356	1.45574953251414074	0.69806950550159752	2.94300539298947816
269843797.046517968178	-2694352.095295649953	2460868.609324402176	-309586.638089290995	1.45577036800439763	0.69807287854399713	2.94301929287173936
269843797.063480436802	-2694351.341201049276	2460877.485885161906	-309528.904518727271	1.45579120361355807	0.69807625136617080	2.94303319290362575
269843797.080442965031	-2694350.586426291615	2460886.361829064321	-309471.170671730593	1.45581203934196668	0.69807962396450252	2.94304709308567691
269843797.097405433655	-2694349.830933595542	2460895.237192327622	-309413.436922592926	1.45583279359530260	0.69808289087418984	2.94306080155617167
269843797.114367961884	-2694349.074764735531	2460904.111927293241	-309355.702917090675	1.45585353526328642	0.69808614094945776	2.94307448002331151
269843797.131330430508	-2694348.319214161020	2460912.986050285399	-309297.969377508096	1.45587427704556926	0.69808939080179777	2.94308815863546469
269843797.148292958736	-2694347.561655163299	2460921.859533420298	-309240.235217029229	1.45589501894074491	0.69809264044566322	2.94310183739044540
269843797.165255427361	-2694346.803394673392	2460930.732390725520	-309182.501171394309	1.45591576080327290	0.69809588985576554	2.94311551619248224
269843797.182217955589	-2694346.044439251069	2460939.604652130511	-309124.766850839253	1.45593644727756688	0.69809910292818012	2.94312915006729003
269843797.199180424213	-2694345.284787396900	2460948.476287937723	-309067.032643669052	1.45595587852311192	0.69810150053964937	2.94314176515368420
269843797.216142952442	-2694344.524442544673	2460957.347300277092	-309009.298173364834	1.45597530984635104	0.69810389796850891	2.94315438034337884
269843797.233105421066	-2694343.763415276539	2460966.217677445151	-308951.563814988651	1.45599474111095573	0.69810629519546119	2.94316699554807837
269843797.250067949295	-2694343.001670126338	2460975.087478067726	-308893.829183155554	1.45601417258991539	0.69810869225547978	2.94317961094489844
269843797.267030417919	-2694342.239245486446	2460983.956634047907	-308836.094666188699	1.45603360414795335	0.69811108911842701	2.94319222644717771
269843797.283992946148	-2694341.476121814456	2460992.825174652971	-308778.359881631681	1.45605303578331480	0.69811348580237043	2.94320484205218991
269843797.300955414772	-2694340.712311853655	2461001.693082344718	-308720.625214943779	1.45607437043765020	0.69811697879605727	2.94321900946376935
269843797.317917943001	-2694339.947777796537	2461010.560437173117	-308662.890257013729	1.45609592736110516	0.69812059948993888	2.94323335814946185
269843797.334880411625	-2694339.182570454665	2461019.427104999777	-308605.155439091322	1.45611748441729860	0.69812421994133722	2.94324770700094751
269843797.351842939854	-2694338.416677160189	2461028.293167095631	-308547.420346252969	1.45613904160552377	0.69812784015747653	2.94326205601713164
269843797.368805468082	-2694337.650061065797	2461037.158661875874	-308489.685156335938	1.45616059892507721	0.69813146014558236	2.94327640519692046
269843797.385767936707	-2694336.882770456374	2461046.023499994539	-308431.950099870621	1.45618176853908698	0.69813501233241815	2.94329050330676356
269843797.402730464935	-2694336.114778799936	2461054.887725249864	-308374.214760175208	1.45620179214237178	0.69813836461825551	2.94330385913502601
269843797.419692933559	-2694335.346091609448	2461063.751312072389	-308316.479552417994	1.45622181585920840	0.69814171670080039	2.94331721510631583
269843797.436655461788	-2694334.576706904918	2461072.614327729680	-308258.744052732538	1.45624183968924292	0.69814506858366387	2.94333057122008368
269843797.453617930412	-2694333.806635624263	2461081.476695146877	-308201.008684986969	1.45626186349163200	0.69814842024445423	2.94334392738228257
269843797.470580458641	-2694333.035853382200	2461090.338460061699	-308143.273035495193	1.45628188754874333	0.69815177172071841	2.94335728378207317
269843797.487542927265	-2694332.264396918472	2461099.199564944021	-308085.537512742449	1.45630221626446854	0.69815507117555597	2.94337083700471647
269843797.504505455494	-2694331.492230599280	2461108.060110440943	-308027.801703260513	1.45632333639671363	0.69815823579856506	2.94338490140408737
269843797.521467924118	-2694330.719361068681	2461116.920015602373	-307970.066024916712	1.45634445649270905	0.69816140018184536	2.94339896584678806
269843797.538430452347	-2694329.945818834938	2461125.779297243804	-307912.329987547593	1.45636557685127466	0.69816456434946828	2.94341303053355796
269843797.555392920971	-2694329.171564551536	2461134.637980182655	-307854.594143988099	1.45638669732246728	0.69816772829481244	2.94342709536320246
269843797.572355449200	-2694328.396610903554	2461143.496052454226	-307796.858020938758	1.45640781790662976	0.69817089201426308	2.94344116033625713
269843797.589317917824	-2694327.620984223206	2461152.353467184585	-307739.122029113059	1.45642854045409575	0.69817417303589446	2.94345495743350405
269843797.606280446053	-2694326.844649628270	2461161.210294950753	-307681.385762341553	1.45644879384326131	0.69817759250952827	2.94346843877717301
269843797.623242914677	-2694326.067610661499	2461170.066479865462	-307623.649622223515	1.45646904734953275	0.69818101177559511	2.94348192026800293
269843797.640205442905	-2694325.289886099286	2461178.922100738157	-307565.913178367482	1.45648930097325180	0.69818443083047621	2.94349540190652892
269843797.657167911530	-2694324.511472314596	2461187.777026606724	-307508.176886300673	1.45650955457091769	0.69818784966215319	2.94350888359619800
269843797.674130439758	-2694323.732350177597	2461196.631410870701	-307450.440297920431	1.45652980842847235	0.69819126830550104	2.94352236552847302
269843797.691092967987	-2694322.952538338490	2461205.485156017356	-307392.703637601167	1.45655026297062595	0.69819466206216363	2.94353587595484312
269843797.708055436611	-2694322.173341656104	2461214.338301982265	-307334.967446971568	1.45657092715512415	0.69819802982254953	2.94354941614230636
269843797.725017964840	-2694321.392134990077	2461223.190824392252	-307277.230624348391	1.45659159145634187	0.69820139737386189	2.94356295647699406
269843797.741980433464	-2694320.610258419532	2461232.042664177716	-307219.493949218886	1.45661225572928332	0.69820476468998471	2.94357649686410605
269843797.758942961693	-2694319.827656145208	2461240.893948817160	-307161.756979102385	1.45663292026427116	0.69820813181952757	2.94359003749376447
269843797.775905430317	-2694319.044364145491	2461249.744611622300	-307104.020106048614	1.45665358491735208	0.69821149872552968	2.94360357827279184
269843797.792867958546	-2694318.260395456105	2461258.594615424052	-307046.283004764351	1.45667397246905495	0.69821486473137262	2.94361677287217205
269843797.809830427170	-2694317.475715052336	2461267.444016190246	-306988.546000512142	1.45669421074076411	0.69821823014208184	2.94362978106501982
269843797.826792955399	-2694316.690339812078	2461276.292847387958	-306930.808706588228	1.45671444926901805	0.69822159537162698	2.94364278949417901
269843797.843755424023	-2694315.904266542755	2461285.140997818206	-306873.071551817295	1.45673468791146843	0.69822496039751836	2.94365579806804867
269843797.860717952251	-2694315.117506819777	2461293.988583349157	-306815.334113399498	1.45675492666741602	0.69822832522698342	2.94366880678554299
269843797.877680420876	-2694314.330051306635	2461302.835475857370	-306757.596811848285	1.45677516553789665	0.69823168984917483	2.94368181564827713
269843797.894642949104	-2694313.541900889948	2461311.681839401368	-306699.859211155272	1.45679582731042800	0.69823506650325973	2.94369521509641263
269843797.911605417728	-2694312.753047890030	2461320.527548079845	-306642.121735573688	1.45681667227128209	0.69823844822326475	2.94370878379718848
269843797.928567945957	-2694311.963494311087	2461329.372657724656	-306584.383981306339	1.45683751749743062	0.69824182974726068	2.94372235274347904
269843797.945530414581	-2694311.173260146752	2461338.217106493656	-306526.646376071032	1.45685836284191472	0.69824521105625859	2.94373592183920563
269843797.962492942810	-2694310.382343134843	2461347.060952210799	-306468.908478821977	1.45687920830542161	0.69824859214302615	2.94374949108544071
269843797.979455411434	-2694309.590696698986	2461355.904198882170	-306411.170691930223	1.45690005373925224	0.69825197300665309	2.94376306038339974
269843797.996417939663	-2694308.798380244523	2461364.746816796251	-306353.432645731722	1.45692053884972084	0.69825518776752948	2.94377677080408384
269843798.013380467892	-2694308.005360731855	2461373.588835723698	-306295.694500913669	1.45694097200039141	0.69825837835397608	2.94379050170931800
269843798.030342936516	-2694307.211637989152	2461382.430228431243	-306237.956492520112	1.45696140526126161	0.69826156873071699	2.94380423275399172
269843798.047305464745	-2694306.417228203733	2461391.271012807731	-306180.218204722507	1.45698183863267339	0.69826475889413608	2.94381796393863926
269843798.064267933369	-2694305.622124032117	2461400.111143899616	-306122.480042093375	1.45700227197055865	0.69826794882659327	2.94383169516603749
269843798.081230461597	-2694304.826329439878	2461408.950695064850	-306064.741590507212	1.45702270556338020	0.69827113855974587	2.94384542663114912
269843798.098192930222	-2694304.029827321880	2461417.789589705411	-306007.003284098580	1.45704348628646763	0.69827438436338518	2.94385911965526148
269843798.115155458450	-2694303.232643052004	2461426.627891826909	-305949.264683505695	1.45706430325152803	0.69827763580619084	2.94387280880761582
269843798.132117927074	-2694302.434754696675	2461435.465580515563	-305891.526200783963	1.45708512018348157	0.69828088701791069	2.94388649800697522
269843798.149080455303	-2694301.636165966280	2461444.302654554136	-305833.787452698336	1.45710593737583682	0.69828413803467870	2.94390018744717041
269843798.166042923927	-2694300.836895442568	2461453.139085235074	-305776.048823196732	1.45712675468321651	0.69828738882396446	2.94391387703343188
269843798.183005452156	-2694300.036916872021	2461461.974925797898	-305718.309912778670	1.45714748652143689	0.69829061407211179	2.94392751321864043
269843798.199967920780	-2694299.236256705597	2461470.810133834835	-305660.571119516448	1.45716732215269773	0.69829357383443347	2.94394058875845221
269843798.216930449009	-2694298.434887422714	2461479.644740083721	-305602.832066861331	1.45718715802202237	0.69829653342290399	2.94395366451674922
269843798.233892917633	-2694297.632832732517	2461488.478683217429	-305545.093139377248	1.45720699399093023	0.69829949280703973	2.94396674040307360
269843798.250855445862	-2694296.830080654938	2461497.312073727138	-305487.353912606661	1.45722683005872389	0.69830245199406915	2.94397981641634310
269843798.267817914486	-2694296.026635862887	2461506.144820910413	-305429.614807348698	1.45724666608518927	0.69830541097158993	2.94399289246340468
269843798.284780442715	-2694295.223807523493	2461514.977001926396	-305371.875790192164	1.45726650235039101	0.69830836976801269	2.94400596873000664
269843798.301742911339	-2694294.418977383059	2461523.808477457613	-305314.136556680081	1.45728802148039160	0.69831179264545507	2.94402013742653335
269843798.318705439568	-2694293.613431573380	2461532.639432472643	-305256.397004589613	1.45730965827395753	0.69831524772277287	2.94403438257564654
269843798.335667967796	-2694292.807208194397	2461541.469686993863	-305198.657411580905	1.45733129519388549	0.69831870256210016	2.94404862788367350
269843798.352630436420	-2694292.000293236226	2461550.299359954894	-305140.917927742645	1.45735293208695804	0.69832215715116563	2.94406287324870419
269843798.369592964649	-2694291.192660406698	2461559.128412520513	-305083.178173943481	1.45737456925820497	0.69832561152895989	2.94407711887238177
269843798.386555433273	-2694290.384358832147	2461567.956794038415	-305025.438546113030	1.45739583488551294	0.69832905977468662	2.94409122270097789
269843798.403517961502	-2694289.575345097575	2461576.784643880092	-304967.698620512208	1.45741618664004702	0.69833249333054670	2.94410497759242817
269843798.420480430126	-2694288.765636222437	2461585.611798936501	-304909.958849646500	1.45743653836955511	0.69833592665782973	2.94411873253478884
269843798.437442958355	-2694287.955242335331	2461594.438389554620	-304852.218774296518	1.45745689036204085	0.69833935978438577	2.94413248772442326
269843798.454405426979	-2694287.144152835011	2461603.264312094077	-304794.478839668911	1.45747724247332155	0.69834279269809219	2.94414624306287154
269843798.471367955208	-2694286.332355082035	2461612.089692910668	-304736.738608727755	1.45749759470304574	0.69834622540255942	2.94415999854959010
269843798.488330423832	-2694285.519881750457	2461620.914369318169	-304678.998528864118	1.45751807898108376	0.69834958113411172	2.94417377939415736
269843798.505292952061	-2694284.706704040989	2461629.738475303166	-304621.258161499514	1.45753884458445726	0.69835277335489154	2.94418761433567377
269843798.522255420685	-2694283.892823180184	2461638.561968628783	-304563.517891911499	1.45755961030063919	0.69835596535001565	2.94420144942039919
269843798.539217948914	-2694283.078243832570	2461647.384833879769	-304505.777374026540	1.45758037612789937	0.69835915713755570	2.94421528464564286
269843798.556180417538	-2694282.262980521191	2461656.207094396930	-304448.036962257640	1.45760114192121537	0.69836234868540148	2.94422911991560232
269843798.573142945766	-2694281.447031199001	2461665.028719511814	-304390.296284354001	1.45762190797337143	0.69836554002884721	2.94424295542615422
269843798.590105414391	-2694280.630377633963	2461673.849701632280	-304332.555733105051	1.45764270032818266	0.69836838890999253	2.94425686257363006
269843798.607067942619	-2694279.813011447899	2461682.670152332168	-304274.814884828287	1.45766351833660734	0.69837090357483633	2.94427083961601177
269843798.624030411243	-2694278.994976056740	2461691.489905803930	-304217.074178018142	1.45768433628753113	0.69837341799831043	2.94428481667683695
269843798.640992939472	-2694278.176240350585	2461700.309044554364	-304159.333205844101	1.45770515447343629	0.69837593221703853	2.94429879395236505
269843798.657955467701	-2694277.356793811545	2461709.127637145109	-304101.592130065779	1.45772597274755444	0.69837844621812606	2.94431277134365121
269843798.674917936325	-2694276.536672809627	2461717.945529198740	-304043.851191239199	1.45774679111125693	0.69838095998711169	2.94432674885283108
269843798.691880464554	-2694275.715840653051	2461726.762888966128	-303986.109953157138	1.45776763291373523	0.69838384862269665	2.94434065813469958
269843798.708842933178	-2694274.894317787141	2461735.579570014030	-303928.368855768873	1.45778849500749508	0.69838706358934810	2.94435450795245535
269843798.725805461407	-2694274.072113223374	2461744.395619508810	-303870.627498247777	1.45780935736199790	0.69839027835052381	2.94436835801239249
269843798.742767930031	-2694273.249206592795	2461753.211054349784	-303812.886255623540	1.45783021982982341	0.69839349289202268	2.94438220821592767
269843798.759730458260	-2694272.425589086488	2461762.025927118026	-303755.144721785560	1.45785108241027639	0.69839670722107039	2.94439605856198217
269843798.776692926884	-2694271.601291803177	2461770.840128877666	-303697.403318314813	1.45787194495765271	0.69839992130539874	2.94440990895464338
269843798.793655455112	-2694270.776301648002	2461779.653747558594	-303639.661642239720	1.45789286878471436	0.69840325004174386	2.94442405876342983
269843798.810617923737	-2694269.950617299881	2461788.466698648874	-303581.920086053258	1.45791382240576994	0.69840663439556450	2.94443835421106037
269843798.827580451965	-2694269.124215961434	2461797.279102183878	-303524.178246875003	1.45793477614675870	0.69841001853241313	2.94445264980864208
269843798.844542920589	-2694268.297141277231	2461806.090848276857	-303466.436539663468	1.45795572986133437	0.69841340241882610	2.94446694545713239
269843798.861505448818	-2694267.470682530664	2461814.902037622873	-303408.694895286986	1.45797668384491930	0.69841678609280033	2.94448124135887346
269843798.878467917442	-2694266.642191415187	2461823.712565250695	-303350.953020459390	1.45799763794910486	0.69842016954256125	2.94449553741161374
269843798.895430445671	-2694265.813032058999	2461832.522466210648	-303293.210890066752	1.45801849136243256	0.69842347073120570	2.94450958258896911
269843798.912392914295	-2694264.983171536122	2461841.331726892851	-303235.468869233911	1.45803930981624874	0.69842674325326493	2.94452354083869849
269843798.929355442524	-2694264.152619330678	2461850.140406981576	-303177.726580279937	1.45806012853199363	0.69843001557620621	2.94453749933247977
269843798.946317911148	-2694263.321370710619	2461858.948431720491	-303119.984413494880	1.45808094736358473	0.69843328767457757	2.94455145797257067
269843798.963280439377	-2694262.489417771809	2461867.755885970779	-303062.241959210078	1.45810176631032817	0.69843655955560535	2.94456541675789607
269843798.980242967606	-2694261.656768300571	2461876.562701816205	-303004.499437413353	1.45812258537256101	0.69843983121567188	2.94457937568898220
269843798.997205436230	-2694260.823436560109	2461885.368896425236	-302946.757032829162	1.45814253946142625	0.69844311742842047	2.94459271363076436
269843799.014167964458	-2694259.989411301911	2461894.174497367349	-302889.014357813401	1.45816241745486219	0.69844640476362807	2.94460599698909364
269843799.031130433083	-2694259.154677377548	2461902.979440541938	-302831.271804880176	1.45818229555929735	0.69844969189453310	2.94461928048762811
269843799.048092961311	-2694258.319261106662	2461911.783749331720	-302773.528986584453	1.45820217377438222	0.69845297882474788	2.94463256412582775
269843799.065055429935	-2694257.483136227820	2461920.587511081249	-302715.786262648704	1.45822205195927057	0.69845626554318274	2.94464584780855709
269843799.082017958164	-2694256.646322968882	2461929.390612345655	-302658.043291047914	1.45824193039529604	0.69845955207562382	2.94465913172553417
269843799.098980426788	-2694255.808827058412	2461938.193078450393	-302600.300432117481	1.45826271442567190	0.69846290293247049	2.94467295463496059
269843799.115942955017	-2694254.970609420910	2461946.994993361644	-302542.557284945797	1.45828355007701282	0.69846625725182809	2.94468680834138530
269843799.132905423641	-2694254.131731117610	2461955.796201458201	-302484.814279979968	1.45830438570069565	0.69846961132210228	2.94470066210022452
269843799.149867951870	-2694253.292126219254	2461964.596868961584	-302427.070986799663	1.45832522158842259	0.69847296520256041	2.94471451610440615
269843799.166830420494	-2694252.451838184148	2461973.396875153761	-302369.327821786748	1.45834605759501890	0.69847631885633277	2.94472837025852208
269843799.183792948723	-2694251.610857230611	2461982.196273180190	-302311.584380314045	1.45836678679040355	0.69847972165572203	2.94474217742786903
269843799.200755417347	-2694250.769195389468	2461990.995036853943	-302253.841073866526	1.45838680072048898	0.69848345442713466	2.94475566937967637
269843799.217717945576	-2694249.926806173753	2461999.793232110795	-302196.097470119130	1.45840681491835977	0.69848718701834855	2.94476916158400392
269843799.234680414200	-2694249.083742293995	2462008.590730100870	-302138.354010036390	1.45842682924427303	0.69849091939344665	2.94478265394745264
269843799.251642942429	-2694248.239968998823	2462017.387724371161	-302080.610239685804	1.45844684369651034	0.69849465157050117	2.94479614646735222
269843799.268605411053	-2694247.395526457112	2462026.183990431018	-302022.866638194886	1.45846685813464005	0.69849838352083304	2.94480963904923376
269843799.285567939281	-2694246.550363791641	2462034.979735314380	-301965.122718838160	1.45848687284087974	0.69850211528733075	2.94482313188414802
269843799.302530467510	-2694245.704516408499	2462043.774818007369	-301907.378747553914	1.45850835546394442	0.69850547361559057	2.94483737943234791
269843799.319492936134	-2694244.857985908631	2462052.569239366334	-301849.634904438048	1.45852986418127384	0.69850882509948198	2.94485164048660319
269843799.336455464363	-2694244.010723397136	2462061.363132390194	-301791.890755266300	1.45855137301939819	0.69851217636097940	2.94486590169277429
269843799.353417932987	-2694243.162802965846	2462070.156318821479	-301734.146769169020	1.45857288182806610	0.69851552736685085	2.94488016295205268
269843799.370380461216	-2694242.314186534844	2462078.948922117241	-301676.402490344190	1.45859439091049659	0.69851887815462965	2.94489442446628891
269843799.387342929840	-2694241.464855588507	2462087.740938038100	-301618.658318291418	1.45861549167958571	0.69852224036418586	2.94490835166586074
269843799.404305458069	-2694240.614832204301	2462096.532300392166	-301560.913891147531	1.45863578000327765	0.69852562555044873	2.94492161360442894
269843799.421267926693	-2694239.765441450290	2462105.323098966386	-301503.169930249336	1.45865606829944050	0.69852901051324112	2.94493487559481970
269843799.438230454922	-2694238.914025085047	2462114.113296509720	-301445.425321746967	1.45867635685413899	0.69853239529057265	2.94494813782484055
269843799.455192923546	-2694238.061919736676	2462122.902772360947	-301387.680879790161	1.45869664552433287	0.69853577986343385	2.94496140020057817
269843799.472155451775	-2694237.209127085283	2462131.691685039550	-301329.936137064127	1.45871693431035809	0.69853916422820495	2.94497466272255837
269843799.489117920399	-2694236.355625741184	2462140.479954072274	-301272.191521707980	1.45873737495314471	0.69854245175098406	2.94498804516372825
269843799.506080448627	-2694235.501429466065	2462149.267637989949	-301214.446630747290	1.45875808335417556	0.69854556891109754	2.94500163895478595
269843799.523042917252	-2694234.646553255618	2462158.054706995375	-301156.701847358199	1.45877879186492287	0.69854868584640084	2.94501523288598488
269843799.540005445480	-2694233.790982860141	2462166.841107963584	-301098.956825172703	1.45879950048367268	0.69855180257496807	2.94502882695466139
269843799.556967914104	-2694232.934717827477	2462175.626900794450	-301041.211906789162	1.45882020906545473	0.69855491906882961	2.94504242106616321
269843799.573930442333	-2694232.077744652517	2462184.412133086007	-300983.466699447541	1.45884091790155690	0.69855803536945471	2.94505601541189943
269843799.590892910957	-2694231.220079920255	2462193.196687092539	-300925.721634287969	1.45886131115424322	0.69856126727131995	2.94506920757565993
269843799.607855439186	-2694230.361713860184	2462201.980668817647	-300867.976277169480	1.45888144620482563	0.69856459374404256	2.94508207068398775
269843799.624817967415	-2694229.502661674283	2462210.764015585184	-300810.230855595844	1.45890158136722126	0.69856792002002321	2.94509493393422384
269843799.641780436039	-2694228.642908529378	2462219.546739230864	-300752.485554833955	1.45892171649946634	0.69857124608066667	2.94510779723525751
269843799.658742964268	-2694227.782461743336	2462228.328866046388	-300694.739977669436	1.45894185188547221	0.69857457196315642	2.94512066076929058
269843799.675705432892	-2694226.921326330397	2462237.110339294653	-300636.994523474423	1.45896198738361682	0.69857789764528044	2.94513352444574394
269843799.692667961121	-2694226.059492430184	2462245.891218541190	-300579.248800305009	1.45898250833449317	0.69858108387396800	2.94514694063333193
269843799.709630429745	-2694225.196977135725	2462254.671465043910	-300521.503194289864	1.45900331237362701	0.69858416754815011	2.94516076271041261
269843799.726592957973	-2694224.333739002701	2462263.451131337322	-300463.757310300309	1.45902411666717313	0.69858725102785058	2.94517458502243690
269843799.743555426598	-2694223.469822870567	2462272.230136469938	-300406.011553022603	1.45904492106982997	0.69859033428171458	2.94518840747367783
269843799.760517954826	-2694222.605217701755	2462281.008537509013	-300348.265526025672	1.45906572558090941	0.69859341731696911	2.94520223006306825
269843799.777480423450	-2694221.739911563694	2462289.786296749488	-300290.519627196831	1.45908653005340327	0.69859650012034435	2.94521605269222686
269843799.794442951679	-2694220.873914053664	2462298.563473308925	-300232.773434928211	1.45910700493837853	0.69859974690468674	2.94522945955884197
269843799.811405420303	-2694220.007205369417	2462307.340021790005	-300175.027379023319	1.45912736085530192	0.69860305276046419	2.94524271638311363
269843799.828367948532	-2694219.139819710515	2462316.115965503268	-300117.281047515396	1.45914771688527423	0.69860635841118579	2.94525597335053035
269843799.845330417156	-2694218.271719967481	2462324.891277800314	-300059.534825538751	1.45916807288478001	0.69860966383840040	2.94526923036721611
269843799.862292945385	-2694217.402939064428	2462333.665972292423	-300001.788347966911	1.45918842914083347	0.69861296907900283	2.94528248762090339
269843799.879255414009	-2694216.533468320034	2462342.440043528564	-299944.041986810334	1.45920878551025890	0.69861627411092397	2.94529574501824465
269843799.896217942238	-2694215.663295886014	2462351.213502107654	-299886.295343907375	1.45922967681003413	0.69861960881064433	2.94530958293358625
269843799.913180410862	-2694214.792416871525	2462359.986359535716	-299828.548821902717	1.45925071802898976	0.69862295165261401	2.94532358362103253
269843799.930142939091	-2694213.920852715615	2462368.758584150579	-299770.802038991416	1.45927175951563015	0.69862629428570855	2.94533758455804939
269843799.947105467319	-2694213.048604727257	2462377.530187929980	-299713.055174586421	1.45929280112162463	0.69862963669121325	2.94535158564553434
269843799.964067935944	-2694212.175639360677	2462386.301187293138	-299655.308428764925	1.45931384284628707	0.69863297887635567	2.94536558688242467
269843799.981030464172	-2694211.301989841741	2462395.071579693817	-299597.561405800050	1.45933488468994987	0.69863632083751581	2.94537958826923951
269843799.997992932796	-2694210.428977890406	2462403.841371253598	-299539.814863806590	1.45935610245637304	0.69863943692854347	2.94539370831284897
269843800.014955461025	-2694209.553925968707	2462412.610538645647	-299482.067678479769	1.45937732782495888	0.69864254339871446	2.94540783354652369
269843800.031917929649	-2694208.678208534140	2462421.378997460939	-299424.320655427349	1.45939855330575607	0.69864564963370324	2.94542195892316316
269843800.048880457878	-2694207.801764931995	2462430.146957280580	-299366.573315338232	1.45941977889705865	0.69864875565158513	2.94543608444011884
269843800.065842926502	-2694206.924646959174	2462438.914204125758	-299308.826132239366	1.45944100445059943	0.69865186142085012	2.94545020999952456
269843800.082805454731	-2694206.046832319815	2462447.680897793267	-299251.078649116098	1.45946223026560906	0.69865496697558438	2.94546433580131328
269843800.099767923355	-2694205.168331908993	2462456.446897471789	-299193.331319296383	1.45948320971020862	0.69865818290201742	2.94547808424204138
269843800.116730451584	-2694204.289112346712	2462465.212363051251	-299135.583690164203	1.45950418778472701	0.69866139928190851	2.94549183055460739
269843800.133692920208	-2694203.409211263061	2462473.977184985299	-299077.836179616686	1.45952516582563585	0.69866461541756164	2.94550557691511727
269843800.150655448437	-2694202.528616081458	2462482.741365219001	-299020.088415518287	1.45954614412766981	0.69866783135545985	2.94551932351659174
269843800.167617917061	-2694201.647329463158	2462491.504938595928	-298962.340756735939	1.45956712254396082	0.69867104706693239	2.94553307026330113
269843800.184580445290	-2694200.765323666390	2462500.267932779621	-298904.592820752820	1.45958781566782303	0.69867429870016184	2.94554666468585502
269843800.201542913914	-2694199.882656468544	2462509.030219166074	-298846.845047071460	1.45960717051872102	0.69867771952108759	2.94555954425104627
269843800.218505442142	-2694198.999282307923	2462517.791975241154	-298789.096955552930	1.45962652561845885	0.69868114016825633	2.94557242404873332
269843800.235467910767	-2694198.115203152411	2462526.553088647779	-298731.348992173676	1.45964588083022151	0.69868456062602080	2.94558530398717089
269843800.252430438995	-2694197.230443164241	2462535.313554410357	-298673.600781242887	1.45966523615366550	0.69868798089799455	2.94559818406582608
269843800.269392967224	-2694196.344983435702	2462544.073436418083	-298615.852478491608	1.45968459158912456	0.69869140098055871	2.94561106428522113
269843800.286355435848	-2694195.458819718566	2462552.832693837583	-298558.104295039782	1.45970399713136834	0.69869481844633585	2.94562397812341858
269843800.303317964077	-2694194.571964382194	2462561.591353202704	-298500.355832213361	1.45972540376573279	0.69869813960713156	2.94563823201718122
269843800.320280432701	-2694193.684425002895	2462570.349365846720	-298442.607504324289	1.45974681052078425	0.69870146053231053	2.94565248606318608
269843800.337242960930	-2694192.796179597732	2462579.106749660801	-298384.858908730850	1.45976821739583840	0.69870478122910007	2.94566674026037090
269843800.354205429554	-2694191.907250945922	2462587.863501767162	-298327.110433266440	1.45978962424067271	0.69870810167171282	2.94568099450890886
269843800.371167957783	-2694191.017618338112	2462596.619694018271	-298269.361668872822	1.45981103135638746	0.69871142190448354	2.94569524900948432
269843800.388130426407	-2694190.127279088367	2462605.375214936212	-298211.613043629448	1.45983197796154052	0.69871462540304141	2.94570922173821348
269843800.405092954636	-2694189.236269684974	2462614.130152116530	-298153.864137712109	1.45985215940399971	0.69871763513158036	2.94572272623017684
269843800.422055423260	-2694188.344555797987	2462622.884446317796	-298096.115359191434	1.45987234080673334	0.69872064464022088	2.94573623075742219
269843800.439017951488	-2694187.452128818259	2462631.638179616537	-298038.366293170722	1.45989252245429402	0.69872365396169644	2.94574973551115038
269843800.455980420113	-2694186.559040575288	2462640.391217311844	-297980.617369414889	1.45991270420575003	0.69872666306517350	2.94576324039785487
269843800.472942948341	-2694185.665237102192	2462649.143692161888	-297922.868155161093	1.45993288605940363	0.69872967196872560	2.94577674541489998
269843800.489905416965	-2694184.770739490166	2462657.895519796759	-297865.119078756717	1.45995342333891864	0.69873273615836140	2.94579046715178761
269843800.506867945194	-2694183.875543092843	2462666.646773600485	-297807.369706682803	1.45997448084974724	0.69873588136854226	2.94580450606926325
269843800.523830413818	-2694182.979662951548	2462675.397350875661	-297749.620477587858	1.45999553832425932	0.69873902633665486	2.94581854502974450
269843800.540792942047	-2694182.083069545217	2462684.147356392816	-297691.870962421002	1.46001659605931988	0.69874217109733527	2.94583258423194039
269843800.557755410671	-2694181.185804969631	2462692.896703084931	-297634.121576250123	1.46003765390716245	0.69874531562602882	2.94584662357753624
269843800.574717938900	-2694180.289145458024	2462701.645532260649	-297576.372266455495	1.46005871186609082	0.69874845994081003	2.94586066306389771
269843800.591680467129	-2694179.390477723908	2462710.393682131078	-297518.622528300795	1.46007937766103613	0.69875111401600565	2.94587468544547049
269843800.608642935753	-2694178.491130166221	2462719.141171849333	-297460.872919828107	1.46009977343301567	0.69875343062939221	2.94588869597250502
269843800.625605463982	-2694177.591074105818	2462727.888074730989	-297403.123037894664	1.46012016942883061	0.69875574704061438	2.94590270670491661
269843800.642567932606	-2694176.690323341638	2462736.634339820594	-297345.373268547293	1.46014056550570182	0.69875806322732315	2.94591671754511442
269843800.659530460835	-2694175.788870004471	2462745.380005503073	-297287.623242835456	1.46016096166193443	0.69876037920759448	2.94593072849046766
269843800.676492929459	-2694174.886734442320	2462754.125065290835	-297229.873321012652	1.46018135775508462	0.69876269495547128	2.94594473944390600
269843800.693455457687	-2694173.983907120768	2462762.869489701930	-297172.123135997273	1.46020193592868619	0.69876542351102189	2.94595860819592970
269843800.710417926311	-2694173.080375353340	2462771.613271092996	-297114.373078378441	1.46022262768780142	0.69876840958943620	2.94597238820814411
269843800.727380454540	-2694172.176138218492	2462780.356493427418	-297056.622734059114	1.46024331955076603	0.69877139545834177	2.94598616835303861
269843800.744342923164	-2694171.271233074367	2462789.099050511140	-296998.872527648055	1.46026401137305806	0.69877438108707357	2.94599994853516556
269843800.761305451393	-2694170.365622146055	2462797.840989538934	-296941.122052106424	1.46028470344538808	0.69877736651887534	2.94601372894801994
269843800.778267920017	-2694169.459295222536	2462806.582338770851	-296883.371679593984	1.46030539562222406	0.69878035173392905	2.94602750949458292
269843800.795230448246	-2694168.552303036675	2462815.323048520368	-296825.621048488712	1.46032535690642140	0.69878325777885275	2.94604066531648368
269843800.812192916870	-2694167.644601270556	2462824.063155617099	-296767.870536767587	1.46034510847895116	0.69878614097355363	2.94605364194481867
269843800.829155445099	-2694166.736224721652	2462832.802634706721	-296710.119748586731	1.46036486028765755	0.69878902397815945	2.94606661879023024
269843800.846117913723	-2694165.827127274126	2462841.541463083122	-296652.369100328768	1.46038461219159421	0.69879190679526515	2.94607959575820200
269843800.863080441952	-2694164.917334441096	2462850.279767095577	-296594.618141776882	1.46040436419142883	0.69879478941763551	2.94609257284977533
269843800.880042970181	-2694164.006870145909	2462859.017399691045	-296536.867131324601	1.46042411628749336	0.69879767184165398	2.94610555006546848
269843800.897005438805	-2694163.095691012684	2462867.754399893340	-296479.116250494902	1.46044474575294414	0.69880086931819918	2.94611893677906922
269843800.913967967033	-2694162.183823272586	2462876.490792480763	-296421.365093234403	1.46046555452277116	0.69880413092887472	2.94613240728720793
269843800.930930435658	-2694161.271274298895	2462885.226525718346	-296363.614067883755	1.46048636340711857	0.69880739231931921	2.94614587794090799
269843800.947892963886	-2694160.358008215670	2462893.961723601446	-296305.862740250595	1.46050717240463412	0.69881065350399352	2.94615934873806973
269843800.964855432510	-2694159.444053572603	2462902.696229067631	-296248.111570380395	1.46052798136896067	0.69881391446114427	2.94617281958384680
269843800.981817960739	-2694158.529411333613	2462911.430171427317	-296190.360100482358	1.46054878943265809	0.69881717508214980	2.94618628925792558
269843800.998780429363	-2694157.614069259260	2462920.163471241947	-296132.608757267415	1.46056932952374829	0.69882040456481953	2.94619943312268795
269843801.015742957592	-2694156.698013188783	2462928.896184211131	-296074.857142791268	1.46058986972502747	0.69882363384962320	2.94621257712757467
269843801.032705426216	-2694155.781303625088	2462937.628203381319	-296017.105671379773	1.46061040989303659	0.69882686290418483	2.94622572118160475
269843801.049667954445	-2694154.863870938774	2462946.359687513672	-295959.353900629736	1.46063095031635681	0.69883009177516930	2.94623886546933411
269843801.066630423069	-2694153.945748655591	2462955.090507603250	-295901.602255760692	1.46065149085119428	0.69883332043381585	2.94625200989925995
269843801.083592951298	-2694153.026939320844	2462963.820691382047	-295843.850365596241	1.46067204709528076	0.69883654951518193	2.94626517471628002
269843801.100555419922	-2694152.107427566312	2462972.550276033580	-295786.098577748693	1.46069303602359679	0.69883979558165299	2.94627890123217817
269843801.117517948151	-2694151.187227339018	2462981.279270303436	-295728.346524724097	1.46071402521453497	0.69884304144718590	2.94629262799064495
269843801.134480416775	-2694150.267628323752	2462990.007713715546	-295670.594908796833	1.46073501452047405	0.69884628709013119	2.94630635489503723
269843801.151442945004	-2694149.346037765034	2462998.735458904877	-295612.842708996614	1.46075600394073501	0.69884953251771675	2.94632008194430295
269843801.168405413628	-2694148.423756837845	2463007.462551443838	-295555.090635134664	1.46077699332769440	0.69885277770830134	2.94633380904179587
269843801.185367941856	-2694147.500762728043	2463016.189072132111	-295497.338275200455	1.46079771123952340	0.69885604364500342	2.94634738275368591
269843801.202330470085	-2694146.577080078889	2463024.914982404560	-295439.585833800898	1.46081745056171131	0.69885938482103671	2.94636040329423254
269843801.219292938709	-2694145.652723915409	2463033.640208748635	-295381.833539864630	1.46083718999587253	0.69886272579456976	2.94637342397626245
269843801.236255466938	-2694144.727640052326	2463042.364880851936	-295324.080954657984	1.46085692954032420	0.69886606658368022	2.94638644479716127
269843801.253217935562	-2694143.801884172019	2463051.088913252577	-295266.328492579167	1.46087666905756808	0.69886940715158985	2.94639946566733224
269843801.270180463791	-2694142.875422568526	2463059.812327526975	-295208.575761365821	1.46089640882493388	0.69887274754653472	2.94641248676960243
269843801.287142932415	-2694141.948255836498	2463068.535128760617	-295150.823150250944	1.46091626831338961	0.69887607980732536	2.94642559857580277
269843801.304105460644	-2694141.020429965574	2463077.257308763918	-295093.070270245837	1.46093770872867124	0.69887930692190359	2.94643990745175799
269843801.321067929268	-2694140.091878206003	2463085.978864173405	-295035.317516866489	1.46095914910905389	0.69888253379618037	2.94645421637317861
269843801.338030457497	-2694139.162629242986	2463094.699837011285	-294977.564472987666	1.46098058975811762	0.69888576045147921	2.94646852554464145
