269843795.419384419918 0.000084812500
269843795.419384419918	-2694421.196122958325	2460014.253168442752	-315124.394158961659	1.45379614893378095	0.69775440400219335	2.94171146913325643
269843795.436346948147	-2694420.508736933582	2460023.188947558403	-315066.667952211923	1.45381640273423973	0.69775761801980618	2.94172444502023600
269843795.453309416771	-2694419.820665782783	2460032.124048096128	-315008.941883213003	1.45383665650049632	0.69776083181989546	2.94173742095377477
269843795.470271945000	-2694419.131892294623	2460041.058577238116	-314951.215522999701	1.45385691051816757	0.69776404543807247	2.94175039711771769
269843795.487234413624	-2694418.442425527610	2460049.992452617735	-314893.489285727963	1.45387728715444964	0.69776723346814273	2.94176354122766837
269843795.504196941853	-2694417.752251369413	2460058.925756365526	-314835.762758697267	1.45389799976808520	0.69777035169872137	2.94177714553055880
269843795.521159410477	-2694417.061398854945	2460067.858429062180	-314778.036349592614	1.45391871234465353	0.69777346969430876	2.94179074987616929
269843795.538121938705	-2694416.369855244644	2460076.790461811703	-314720.309687708446	1.45393942517550845	0.69777658749639604	2.94180435445606925
269843795.555084407330	-2694415.677600283176	2460085.721875986084	-314662.583135438734	1.45396013811496383	0.69777970508423237	2.94181795917446420
269843795.572046935558	-2694414.984654180240	2460094.652696691919	-314604.856289669173	1.45398085116336939	0.69778282245420153	2.94183156403189949
269843795.589009404182	-2694414.291008130182	2460103.582892619539	-314547.129581095243	1.45400136073745956	0.69778601364648940	2.94184507711204501
269843795.605971932411	-2694413.596662268043	2460112.512501524761	-314489.402572307037	1.45402162123616097	0.69778929539564905	2.94185847789674426
269843795.622934401035	-2694412.901643370278	2460121.441423392855	-314431.675702784094	1.45404188184765903	0.69779257693116659	2.94187187882434875
269843795.639896929264	-2694412.205911750905	2460130.369784492999	-314373.948544274957	1.45406214257052646	0.69779585826749213	2.94188527989264070
269843795.656859397888	-2694411.509490681347	2460139.297495963518	-314316.221515446785	1.45408240326260962	0.69779913937911664	2.94189868100780760
269843795.673821926117	-2694410.812368271872	2460148.224635441322	-314258.494193918887	1.45410266420962064	0.69780242030259720	2.94191208235966695
269843795.690784394741	-2694410.114552125335	2460157.151121411007	-314200.766996075748	1.45412317903379429	0.69780571526680735	2.94192561480682535
269843795.707746922970	-2694409.416048532352	2460166.076987155247	-314143.039538866549	1.45414396937361090	0.69780902548681456	2.94193928951692696
269843795.724709391594	-2694408.716841591056	2460175.002225063741	-314085.312192756799	1.45416475968267189	0.69781233547217147	2.94195296427667019
269843795.741671919823	-2694408.016936450731	2460183.926918763667	-314027.584540706943	1.45418555025413254	0.69781564525983975	2.94196663927971747
269843795.758634448051	-2694407.316351946909	2460192.850939617958	-313969.856835213781	1.45420634094176116	0.69781895482771916	2.94198031442977914
269843795.775596916676	-2694406.615059239790	2460201.774343233556	-313912.129240848706	1.45422713174519691	0.69782226417942050	2.94199398972629655
269843795.792559444904	-2694405.913068489172	2460210.697134189308	-313854.401383379067	1.45424798974469227	0.69782542300004513	2.94200772345197814
269843795.809521913528	-2694405.210404281039	2460219.619283450767	-313796.673643805843	1.45426888561869427	0.69782849662200763	2.94202149016067560
269843795.826484441757	-2694404.507017558441	2460228.540894521400	-313738.945596694946	1.45428978174778289	0.69783157004566321	2.94203525710438152
269843795.843446910381	-2694403.802947506309	2460237.461814986076	-313681.217685790791	1.45431067798569469	0.69783464324334676	2.94204902418726544
269843795.860409438610	-2694403.098176700529	2460246.382135323714	-313623.489514808578	1.45433157433064997	0.69783771623312219	2.94206279140656113
269843795.877371907234	-2694402.392711271066	2460255.301874203142	-313565.761432132509	1.45435247063673456	0.69784078898371682	2.94207655866698348
269843795.894334435463	-2694401.686549154110	2460264.220974534750	-313508.033080264344	1.45437352516919560	0.69784404044435333	2.94209062014323930
269843795.911296904087	-2694400.979704313446	2460273.139408994000	-313450.304867718311	1.45439465411895608	0.69784737582916534	2.94210482003789187
269843795.928259432316	-2694400.272141261492	2460282.057309119496	-313392.576353631273	1.45441578318747977	0.69785071099298834	2.94211902008184012
269843795.945221900940	-2694399.563899008557	2460290.974538082723	-313334.847968425893	1.45443691222721583	0.69785404590270872	2.94213322017675649
269843795.962184429169	-2694398.854963789694	2460299.891154597979	-313277.119318657613	1.45445804153501590	0.69785738060647817	2.94214742052203038
269843795.979146897793	-2694398.145331593696	2460308.807158209849	-313219.390762980329	1.45447917096297541	0.69786071507479375	2.94216162101878176
269843795.996109426022	-2694397.436315268278	2460317.722606900614	-313161.662294715003	1.45449972772346370	0.69786442480488076	2.94217561491036994
269843796.013071894646	-2694396.725274672732	2460326.637411470059	-313103.933581987105	1.45452019062048632	0.69786819582073789	2.94218957498826761
269843796.030034422874	-2694396.013557431288	2460335.551541140303	-313046.204610424524	1.45454065379412456	0.69787196663380990	2.94220353532887513
269843796.046996891499	-2694395.301135272719	2460344.465098586399	-312988.475748004101	1.45456111709903313	0.69787573723321072	2.94221749583169601
269843796.063959419727	-2694394.588022198528	2460353.378020477481	-312930.746620163962	1.45458158053556019	0.69787950761532280	2.94223145649727424
269843796.080921947956	-2694393.874221677892	2460362.290347150993	-312873.017394562892	1.45460204410405325	0.69788327777652881	2.94224541732615386
269843796.097884416580	-2694393.159718506038	2460371.202003636863	-312815.288307396579	1.45462273365805483	0.69788666174466429	2.94225912762093067
269843796.114846944809	-2694392.444518344011	2460380.113091936801	-312757.558933529421	1.45464344978807625	0.69789000057955997	2.94227280898397270
269843796.131809413433	-2694391.728619944770	2460389.023552575614	-312699.829669304716	1.45466416603503612	0.69789333919534235	2.94228649049473212
269843796.148771941662	-2694391.012030555867	2460397.933391836938	-312642.100144945085	1.45468488239822125	0.69789667759923379	2.94230017215210182
269843796.165734410286	-2694390.294748198241	2460406.842606736813	-312584.370734740980	1.45470559873192018	0.69790001576893945	2.94231385385974420
269843796.182696938515	-2694389.576760964934	2460415.751248482615	-312526.641031068342	1.45472625201769401	0.69790336996283764	2.94232747206274503
269843796.199659407139	-2694388.858080531005	2460424.659209940583	-312468.911465087847	1.45474581776932599	0.69790700262434435	2.94233999523552781
269843796.216621935368	-2694388.138719450682	2460433.566579975188	-312411.181627274142	1.45476538363916164	0.69791063510333096	2.94235251855663149
269843796.233584403992	-2694387.418655397370	2460442.473337406293	-312353.451886491792	1.45478494948993009	0.69791426737181994	2.94236504193841109
269843796.250546932220	-2694386.697884627152	2460451.379521410912	-312295.721873819246	1.45480451559651391	0.69791789948214489	2.94237756555669172
269843796.267509400845	-2694385.976428997703	2460460.284971910994	-312237.992003083695	1.45482408182270095	0.69792153139548585	2.94239008932547685
269843796.284471929073	-2694385.254283532966	2460469.189896984491	-312180.261837721337	1.45484364816672129	0.69792516312990716	2.94240261324201358
269843796.301434397697	-2694384.531434779987	2460478.094167713542	-312122.531798210519	1.45486496481121974	0.69792867005047865	2.94241669729706068
269843796.318396925926	-2694383.807885254268	2460486.997866072226	-312064.801465257886	1.45488642085436082	0.69793216685651382	2.94243090561117482
269843796.335359394550	-2694383.083641326521	2460495.900940894149	-312007.071248688968	1.45490787702448698	0.69793566342707614	2.94244511408464371
269843796.352321922779	-2694382.358705261257	2460504.803391804453	-311949.340767502319	1.45492933332088525	0.69793915976938870	2.94245932271636068
269843796.369284391403	-2694381.633088088594	2460513.705153968651	-311891.610425523191	1.45495078959299673	0.69794265585643167	2.94247353140683510
269843796.386246919632	-2694380.906765489839	2460522.606357425917	-311833.879796099151	1.45497176114067450	0.69794611871554291	2.94248747855110127
269843796.403209447861	-2694380.179730379023	2460531.506983055733	-311776.149067369348	1.45499151980592334	0.69794949878471324	2.94250077106314434
269843796.420171916485	-2694379.452024293598	2460540.406912630424	-311718.418482332316	1.45501127858549206	0.69795287864337252	2.94251406371916957
269843796.437134444714	-2694378.723617849406	2460549.306283724494	-311660.687608394306	1.45503103747761231	0.69795625830958630	2.94252735651642716
269843796.454096913338	-2694377.994504639413	2460558.205011600628	-311602.956839501043	1.45505079634400780	0.69795963775354064	2.94254064936241200
269843796.471059441566	-2694377.264693385456	2460567.103140909690	-311545.225812787772	1.45507055546227226	0.69796301702401387	2.94255394244376278
269843796.488021910191	-2694376.534205830656	2460576.000611469150	-311487.494915782416	1.45509067012057169	0.69796635667073170	2.94256744702185769
269843796.504984438419	-2694375.803011598997	2460584.897522198502	-311429.763708238432	1.45511156571273803	0.69796960951004949	2.94258141605685086
269843796.521946907043	-2694375.071116350591	2460593.793779087719	-311372.032648158027	1.45513246127190898	0.69797286211653642	2.94259538513725660
269843796.538909435272	-2694374.338536511641	2460602.689455940854	-311314.301296177146	1.45515335709376870	0.69797611451550634	2.94260935446250738
269843796.555871903896	-2694373.605249333661	2460611.584477609489	-311256.570070021902	1.45517425303099346	0.69797936668887650	2.94262332393369785
269843796.572834432125	-2694372.872603018302	2460620.478950245772	-311198.838912101113	1.45519514908322489	0.69798261864025601	2.94263729355027248
269843796.589796900749	-2694372.137915852014	2460629.372760111000	-311141.107523670304	1.45521576729356261	0.69798566724407485	2.94265088981317646
269843796.606759428978	-2694371.402566744946	2460638.265928830486	-311083.375870705175	1.45523610082582500	0.69798850733065032	2.94266410333935458
269843796.623721897602	-2694370.666495359037	2460647.158505343832	-311025.644316999067	1.45525643445488928	0.69799134721302170	2.94267731699084578
269843796.640684425831	-2694369.929738295730	2460656.050471479539	-310967.912500272621	1.45527676818004625	0.69799418689841497	2.94269053076654963
269843796.657646894455	-2694369.192286770791	2460664.941789001226	-310910.180796076718	1.45529710185932881	0.69799702635719585	2.94270374457505746
269843796.674609422684	-2694368.454156762455	2460673.832471887115	-310852.448845154839	1.45531743577841177	0.69799986563055560	2.94271695860190130
269843796.691571891308	-2694367.715310624335	2460682.722566690296	-310794.716977909964	1.45533798615391463	0.69800293972059024	2.94273050278090764
269843796.708534419537	-2694366.975773470011	2460691.612061993685	-310736.984848415537	1.45535874851438929	0.69800624376313303	2.94274437028521518
269843796.725496947765	-2694366.235533778556	2460700.500961285550	-310679.252625529363	1.45537951099129126	0.69800954758311706	2.94275823793651803
269843796.742459416389	-2694365.494603900705	2460709.389197165146	-310621.520528525289	1.45540027343823319	0.69801285116210221	2.94277210563662317
269843796.759421944618	-2694364.752981338184	2460718.276804890949	-310563.788180285774	1.45542103614691531	0.69801615454780108	2.94278597358025040
269843796.776384413242	-2694364.010662326124	2460727.163832166698	-310506.055923319887	1.45544179897235759	0.69801945770731810	2.94279984167139785
269843796.793346941471	-2694363.267657553777	2460736.050224015489	-310448.323399477580	1.45546219075842176	0.69802282331746845	2.94281351464523322
269843796.810309410095	-2694362.523940141313	2460744.935997955035	-310390.590987478034	1.45548240617282709	0.69802621847764079	2.94282709489396321
269843796.827271938324	-2694361.779547291342	2460753.821140000597	-310332.858311658027	1.45550262184649348	0.69802961344454428	2.94284067538557714
269843796.844234406948	-2694361.034452346154	2460762.705697165802	-310275.125741952390	1.45552283763652879	0.69803300820270775	2.94285425602335948
269843796.861196935177	-2694360.288647234440	2460771.589639111888	-310217.392909059767	1.45554305354222380	0.69803640275935463	2.94286783680621111
269843796.878159403801	-2694359.542164518964	2460780.472935338505	-310159.660188062117	1.45556326942244119	0.69803979708095487	2.94288141764014455
269843796.895121932030	-2694358.794978150632	2460789.355615726672	-310101.927200188860	1.45558399184666887	0.69804312615584985	2.94289522940345893
269843796.912084400654	-2694358.047084433492	2460798.237707921769	-310044.194313916727	1.45560490823694688	0.69804643010059597	2.94290912964094975
269843796.929046928883	-2694357.298517731484	2460807.119159022346	-309986.461167509842	1.45562582474432767	0.69804973382064406	2.94292303002639821
269843796.946009397507	-2694356.549235291779	2460815.999990823679	-309928.728131433076	1.45564674122064130	0.69805303730478263	2.94293693046029370
269843796.962971925735	-2694355.799268712755	2460824.880256437697	-309870.994807996089	1.45566765796115649	0.69805634058626909	2.94295083113999922
269843796.979934394360	-2694355.048613600899	2460833.759815739468	-309813.261636293959	1.45568857481875580	0.69805964364304784	2.94296473196764108
269843796.996896922588	-2694354.297251990996	2460842.638832401484	-309755.528165307129	1.45570941766292594	0.69806301066180831	2.94297863155624695
269843797.013859391212	-2694353.545209377073	2460851.517186646815	-309697.794818774273	1.45573025277769696	0.69806638410566346	2.94299253105254799
269843797.030821919441	-2694352.792446719483	2460860.394988872111	-309640.061181027442	1.45575108815757193	0.69806975735545651	2.94300643079580304
269843797.047784447670	-2694352.039013341069	2460869.272108545527	-309582.327490581549	1.45577192365705654	0.69807313037779839	2.94302033068978020
269843797.064746916294	-2694351.284883909859	2460878.148616550025	-309524.593918060593	1.45579275927544516	0.69807650317991587	2.94303423073338388
269843797.081709444523	-2694350.530048040207	2460887.024522624910	-309466.860063080443	1.45581359501238095	0.69807987576541863	2.94304813092606121
269843797.098671913147	-2694349.774503873661	2460895.899841046426	-309409.126311187749	1.45583434223418062	0.69808313354313778	2.94306182283163986
269843797.115634441376	-2694349.018282456324	2460904.774514474906	-309351.392293161131	1.45585508391099627	0.69808638359868713	2.94307550131007023
269843797.132596910000	-2694348.262676030397	2460913.648602943867	-309293.658750108734	1.45587582570141039	0.69808963343853625	2.94308917993242414
269843797.149559438229	-2694347.505052524153	2460922.522050233558	-309235.924586848123	1.45589656760471642	0.69809288306990946	2.94310285869760513
269843797.166521906853	-2694346.746752912179	2460931.394850910641	-309178.190533256740	1.45591730947607556	0.69809613246029323	2.94311653751093161
269843797.183484435081	-2694345.987746301573	2460940.267064118758	-309120.456203233916	1.45593789807709362	0.69809928194856163	2.94313009194851372
269843797.200446903706	-2694345.228043448646	2460949.138628372457	-309062.722007319971	1.45595732932846578	0.69810167954612645	2.94314270704266168
269843797.217409431934	-2694344.467644509394	2460958.009620641358	-309004.987517249538	1.45597676065753179	0.69810407696108212	2.94315532224010967
269843797.234371900558	-2694343.706565286964	2460966.879953249823	-308947.253156860708	1.45599619192796270	0.69810647417413008	2.94316793745256122
269843797.251334428787	-2694342.944768461399	2460975.749705959111	-308889.518516300246	1.45601562341274926	0.69810887122024479	2.94318055285713420
269843797.268296897411	-2694342.182296705898	2460984.618788117543	-308831.784004647809	1.45603505497661256	0.69811126806928758	2.94319316836716505
269843797.285259425640	-2694341.419117007405	2460993.487309785094	-308774.049203294970	1.45605448661779935	0.69811366473932557	2.94320578397992882
269843797.302221894264	-2694340.655252946075	2461002.355170980562	-308716.314531595330	1.45607597994563709	0.69811724913704554	2.94322008077933495
269843797.319184422493	-2694339.890675376635	2461011.222453070804	-308658.579579750774	1.45609753687895105	0.69812086981336274	2.94323442947732516
269843797.336146891117	-2694339.125408891123	2461020.089100591373	-308600.844743519265	1.45611909394500261	0.69812449024719625	2.94324877834110854
269843797.353109419346	-2694338.359456452541	2461028.955142381601	-308543.109632371983	1.45614065114308544	0.69812811044577017	2.94326312736958906
269843797.370071947575	-2694337.592794905417	2461037.820565558039	-308485.374451511132	1.45616220847249611	0.69813173041630994	2.94327747656167427
269843797.387034416199	-2694336.825445905793	2461046.685353304725	-308427.639384037233	1.45618326356481131	0.69813526263259329	2.94329150049291721
269843797.403996944427	-2694336.057410471607	2461055.549535600003	-308369.904042386333	1.45620328717657443	0.69813861490325213	2.94330485633185823
269843797.420959413052	-2694335.288670153357	2461064.413075358141	-308312.168828131922	1.45622331090188917	0.69814196697061837	2.94331821231382662
269843797.437921941280	-2694334.519244391937	2461073.276035515126	-308254.433323464764	1.45624333474074952	0.69814531883468811	2.94333156843881483
269843797.454884409904	-2694333.749104311224	2461082.138363215141	-308196.697946934903	1.45626335855126743	0.69814867048391382	2.94334492461114916
269843797.471846938133	-2694332.978277116083	2461091.000082666986	-308138.962291002681	1.45628338261685530	0.69815202194499915	2.94335828102161745
269843797.488809406757	-2694332.206758776680	2461099.861153356731	-308081.226767722459	1.45630379316043523	0.69815530746831678	2.94337188709465902
269843797.505771934986	-2694331.434538359288	2461108.721652352251	-308023.490953228844	1.45632491330111669	0.69815847207446058	2.94338595150474003
269843797.522734403610	-2694330.661633800250	2461117.581501681823	-307965.755266959255	1.45634603340589663	0.69816163643726137	2.94340001595869127
269843797.539696931839	-2694329.888039895799	2461126.440735403448	-307908.019220866554	1.45636715377289705	0.69816480058801733	2.94341408065616905
269843797.556659400463	-2694329.113716135733	2461135.299368071370	-307850.283370693622	1.45638827425252515	0.69816796451649676	2.94342814549652187
269843797.573621928692	-2694328.338723755907	2461144.157371191774	-307792.547258986160	1.45640939484512222	0.69817112821908134	2.94344221048028398
269843797.590584397316	-2694327.563045138028	2461153.014767782297	-307734.811250393337	1.45643005263631142	0.69817442835241439	2.94345596399095832
269843797.607546925545	-2694326.786653992254	2461161.871531807818	-307677.074989678978	1.45645030603387204	0.69817784781416470	2.94346944534507271
269843797.624509394169	-2694326.009564850014	2461170.727713037282	-307619.338816498232	1.45647055954923510	0.69818126706111916	2.94348292684743162
269843797.641471922398	-2694325.231791018974	2461179.583231721539	-307561.602389711305	1.45649081318169715	0.69818468610050277	2.94349640849694438
269843797.658434391022	-2694324.453317340463	2461188.438167344313	-307503.866072036850	1.45651106678810538	0.69818810491668160	2.94350989019760023
269843797.675396919250	-2694323.674167150632	2461197.292442022823	-307446.129500811279	1.45653132065475011	0.69819152354091651	2.94352337214140247
269843797.692359447479	-2694322.894287702162	2461206.146176378243	-307388.392821439775	1.45655180582417998	0.69819491351804497	2.94353688690571191
269843797.709321916103	-2694322.115039069206	2461214.999277777504	-307330.656628797587	1.45657247001741896	0.69819828126255090	2.94355042710420767
269843797.726284444332	-2694321.333793507889	2461223.851773045957	-307272.919789436040	1.45659313432772519	0.69820164879436875	2.94356396745046922
269843797.743246912956	-2694320.551849378273	2461232.703542764299	-307215.183112079802	1.45661379860905860	0.69820501609822583	2.94357750784807193
269843797.760209441185	-2694319.769194681197	2461241.554809547029	-307157.446125939954	1.45663446315278589	0.69820838321188805	2.94359104848876152
269843797.777171909809	-2694318.985851689707	2461250.405400794465	-307099.709264139878	1.45665512781460649	0.69821175010200975	2.94360458927882052
269843797.794134438038	-2694318.201828917954	2461259.255384520628	-307041.972143089632	1.45667548353331688	0.69821511601252195	2.94361774410957455
269843797.811096906662	-2694317.417112504598	2461268.104703592602	-306984.235147151165	1.45669572181387430	0.69821848140468179	2.94363075231372795
269843797.828059434891	-2694316.631664381828	2461276.953494266141	-306926.497844416415	1.45671596035028150	0.69822184662290554	2.94364376075311096
269843797.845021903515	-2694315.845549010206	2461285.801630379166	-306868.760676677222	1.45673619900123197	0.69822521163386186	2.94365676933774445
269843797.861984431744	-2694315.058743445668	2461294.649130392354	-306811.023242774711	1.45675643776602648	0.69822857644477621	2.94366977806654306
269843797.878946900368	-2694314.271236187313	2461303.496015595738	-306753.285923028365	1.45677667664465926	0.69823194105564579	2.94368278693949970
269843797.895909428596	-2694313.483030005358	2461312.342303989455	-306695.548328337667	1.45679738367230760	0.69823531900264080	2.94369622818333676
269843797.912871897221	-2694312.694128443021	2461321.187939688563	-306637.810860298516	1.45681822864199773	0.69823870070659377	2.94370979689527079
269843797.929834425449	-2694311.904524371494	2461330.033003915101	-306580.073101790156	1.45683907387698186	0.69824208221453699	2.94372336585271910
269843797.946796894073	-2694311.114226776175	2461338.877428499050	-306522.335472247214	1.45685991923030067	0.69824546350748207	2.94373693495960254
269843797.963759422302	-2694310.323257037904	2461347.721241053194	-306464.597573042440	1.45688076470229499	0.69824884458181125	2.94375050421645357
269843797.980721890926	-2694309.531565948389	2461356.564431135077	-306406.859780396277	1.45690161014530695	0.69825222542577103	2.94376407352610947
269843797.997684419155	-2694308.739183546044	2461365.407040474471	-306349.121718887298	1.45692206445338934	0.69825542599864421	2.94377779599431300
269843798.014646947384	-2694307.946123939473	2461374.248976901639	-306291.383582354989	1.45694249761266104	0.69825861656554900	2.94379152691053836
269843798.031609416008	-2694307.152353618294	2461383.090322488453	-306233.645565264567	1.45696293088178463	0.69826180692636286	2.94380525796566328
269843798.048571944237	-2694306.357890712563	2461391.931059793103	-306175.907270969532	1.45698336426144959	0.69826499707385437	2.94381898916076112
269843798.065534412861	-2694305.562725244090	2461400.771142208949	-306118.169101786392	1.45700379760758758	0.69826818699038407	2.94383272039860966
269843798.082496941090	-2694304.766869752202	2461409.610658606980	-306060.430648187117	1.45702423120831459	0.69827137671122297	2.94384645187363114
269843798.099459409714	-2694303.970337490551	2461418.449513231870	-306002.692319070396	1.45704504054758588	0.69827462713112598	2.94386014172900357
269843798.116421937943	-2694303.173093775753	2461427.287779733539	-305944.953714236442	1.45706585752081108	0.69827787856137224	2.94387383089160526
269843798.133384406567	-2694302.375155404676	2461436.125396292657	-305887.215241285798	1.45708667446127582	0.69828112975691681	2.94388752010175070
269843798.150346934795	-2694301.576514343731	2461444.962438278832	-305829.476471891161	1.45710749166248821	0.69828438075389565	2.94390120955327017
269843798.167309403419	-2694300.777182716411	2461453.798831119668	-305771.737834407075	1.45712830897803181	0.69828763153062079	2.94391489914977722
269843798.184271931648	-2694299.977166123688	2461462.634631735738	-305713.998925804044	1.45714896752348544	0.69829083506614076	2.94392848948498376
269843798.201234400272	-2694299.176455941051	2461471.469767642673	-305656.260142311687	1.45716880316213082	0.69829379481374687	2.94394156503427462
269843798.218196928501	-2694298.375030435622	2461480.304351871368	-305598.521066893707	1.45718863903883844	0.69829675438749983	2.94395464080204983
269843798.235159397125	-2694297.572920692619	2461489.138275492471	-305540.782121126365	1.45720847501512996	0.69829971375691968	2.94396771669785284
269843798.252121925354	-2694296.770126084331	2461497.971592688467	-305483.042898956570	1.45722831109030682	0.69830267292923265	2.94398079272060054
269843798.269084393978	-2694295.966624763329	2461506.804268355016	-305425.303807153890	1.45724814712415451	0.69830563189203665	2.94399386877713942
269843798.286046922207	-2694295.163750597741	2461515.636390278116	-305367.564779756300	1.45726800027497871	0.69830859532700074	2.94400695600933116
269843798.303009390831	-2694294.358849261887	2461524.467880351469	-305309.825511667121	1.45728963695193214	0.69831205062119295	2.94402120101188780
269843798.319971919060	-2694293.553262085654	2461533.298738127574	-305252.085983416007	1.45731127375490699	0.69831550568101131	2.94403544617282620
269843798.336934447289	-2694292.746998065617	2461542.128977475222	-305194.346375210909	1.45733291068424364	0.69831896050283915	2.94404969149267748
269843798.353896915913	-2694291.940021597315	2461550.958572259638	-305136.606893602235	1.45735454758672400	0.69832241507440496	2.94406393686953161
269843798.370859444141	-2694291.132336134091	2461559.787577467039	-305078.867132563901	1.45737618476737807	0.69832586943469932	2.94407818250503261
269843798.387821912766	-2694290.323983803391	2461568.615943340119	-305021.127492450934	1.45739735441195983	0.69832931614281590	2.94409224968237337
269843798.404784440994	-2694289.514927043580	2461577.443693723064	-304963.387586946774	1.45741770617536459	0.69833274968278436	2.94410600458493565
269843798.421746909618	-2694288.705152327660	2461586.270852431189	-304905.647780735046	1.45743805791374248	0.69833618299417510	2.94411975953840788
269843798.438709437847	-2694287.894716601353	2461595.097372519318	-304847.907715212496	1.45745840991509801	0.69833961610483930	2.94413351473915341
269843798.455671906471	-2694287.083554924466	2461603.923283739947	-304790.167762247322	1.45747876203490256	0.69834304900626798	2.94414727008817501
269843798.472634434700	-2694286.271723291371	2461612.748566133901	-304732.427549974818	1.45749911427349610	0.69834648169484281	2.94416102558600423
269843798.489596903324	-2694285.459191132337	2461621.573237525765	-304674.687437733286	1.45751962940710933	0.69834981948354280	2.94417481235259082
269843798.506559431553	-2694284.645959821530	2461630.397296715062	-304616.947064616135	1.45754039501885369	0.69835301168801389	2.94418864730471963
269843798.523521900177	-2694283.832029444166	2461639.220744051039	-304559.206789300195	1.45756116074340736	0.69835620366683016	2.94420248240005744
269843798.540484428406	-2694283.017405843828	2461648.043566614389	-304501.466270202654	1.45758192657903773	0.69835939543806147	2.94421631763591263
269843798.557446897030	-2694282.202092316933	2461656.865751925856	-304443.725862233608	1.45760269238072371	0.69836258696959830	2.94423015291648316
269843798.574409425259	-2694281.386077627540	2461665.687353982590	-304385.985162993893	1.45762345844124930	0.69836577829673474	2.94424398843764523
269843798.591371893883	-2694280.569378838874	2461674.508293983527	-304328.244612016657	1.45764425466778502	0.69836857667064323	2.94425790614272520
269843798.608334422112	-2694279.751967701595	2461683.328672779724	-304270.503772055381	1.45766507268282264	0.69837109131896680	2.94427188319379063
269843798.625296890736	-2694278.933869854081	2461692.148401495069	-304212.763039450860	1.45768589064035936	0.69837360572592266	2.94428586026329953
269843798.642259418964	-2694278.115075984970	2461700.967519357800	-304155.022047482198	1.45770670883287701	0.69837611992813120	2.94429983754751134
269843798.659221947193	-2694277.295588570647	2461709.786014423706	-304097.280994800094	1.45772752711360698	0.69837863391269916	2.94431381494747990
269843798.676184415817	-2694276.475417783950	2461718.603890262078	-304039.540042206238	1.45774834548392063	0.69838114766516479	2.94432779246534171
269843798.693146944046	-2694275.654524608050	2461727.421171566937	-303981.798805611324	1.45776919055499721	0.69838408867178459	2.94434169221111297
269843798.710109412670	-2694274.832963331603	2461736.237798753660	-303924.057705497718	1.45779005265756245	0.69838730361841905	2.94435554204012551
269843798.727071940899	-2694274.010690688621	2461745.053864154499	-303866.316314911528	1.45781091502018256	0.69839051836680854	2.94436939211024962
269843798.744034409523	-2694273.187736960128	2461753.869225159287	-303808.575077601708	1.45783177749646908	0.69839373289190543	2.94438324232450643
269843798.760996937752	-2694272.364072383847	2461762.684042746201	-303750.833541722386	1.45785264008572635	0.69839694720093615	2.94439709268181682
269843798.777959406376	-2694271.539733454119	2461771.498184809927	-303693.092146650946	1.45787350264121840	0.69840016127247695	2.94441094308466278
269843798.794921934605	-2694270.714672670234	2461780.311777125578	-303635.350444725656	1.45789443324841672	0.69840350273733975	2.94442512610439611
269843798.811884403229	-2694269.888924794737	2461789.124691790435	-303577.608884268324	1.45791538687816047	0.69840688707776610	2.94443942156280736
269843798.828846931458	-2694269.062488162424	2461797.937042831909	-303519.867043876729	1.45793634062852484	0.69841027119399013	2.94445371717224003
269843798.845809400082	-2694268.236677248962	2461806.748783980496	-303462.125670948182	1.45795729435247523	0.69841365505977837	2.94446801283257997
269843798.862771928310	-2694267.408841300290	2461815.559881938621	-303404.383677751932	1.45797824834474632	0.69841703872035721	2.94448230874510042
269843798.879734396935	-2694266.580319156405	2461824.370342287701	-303346.641815065464	1.45799920245796177	0.69842042215310751	2.94449660480915432
269843798.896696925163	-2694265.751104363706	2461833.180209817365	-303288.899661850824	1.45802004574560984	0.69842371507430401	2.94451062476175585
269843798.913659393787	-2694264.921180707403	2461841.989447978791	-303231.157641290163	1.45804086420736279	0.69842698758709643	2.94452458302130049
269843798.930621922016	-2694264.090563410893	2461850.798075224273	-303173.415339042840	1.45806168293173122	0.69843025989353991	2.94453854152596550
269843798.947584390640	-2694263.259276381694	2461859.606046101078	-303115.673169530986	1.45808250177228937	0.69843353197179880	2.94455250017747527
269843798.964546918869	-2694262.427267212421	2461868.413451898843	-303057.930707234540	1.45810332072765592	0.69843680383632911	2.94456645897368352
269843798.981509447098	-2694261.594574949238	2461877.220224202611	-303000.188181996404	1.45812413979851163	0.69844007547989806	2.94458041791565295
269843798.998471915722	-2694260.761188642122	2461886.026372577064	-302942.445773144951	1.45814402361555429	0.69844336287880193	2.94459370540622389
269843799.015434443951	-2694259.927103552036	2461894.831923983525	-302884.703089345479	1.45816390161725273	0.69844665019902596	2.94460698877498217
269843799.032396912575	-2694259.092320116702	2461903.636821161490	-302826.960530685727	1.45818377972994973	0.69844993731494731	2.94462027228394518
269843799.049359440804	-2694258.256852798164	2461912.441125421785	-302769.217699422268	1.45820365795295270	0.69845322423379286	2.94463355593203868
269843799.066321909428	-2694257.420674404129	2461921.244799751788	-302711.474979202147	1.45822353614644507	0.69845651093362793	2.94464683962572860
269843799.083284437656	-2694256.583813305013	2461930.047883664258	-302653.731990862521	1.45824343453853644	0.69845979887291887	2.94466013542399896
269843799.100246906281	-2694255.746268847492	2461938.850276776124	-302595.989139476500	1.45826427008153003	0.69846315338449272	2.94467398899425170
269843799.117209434509	-2694254.907998097595	2461947.652144604828	-302538.245985805814	1.45828510574169656	0.69846650768746599	2.94468784271179329
269843799.134171903133	-2694254.069069798570	2461956.453306986019	-302480.502975856536	1.45830594137420388	0.69846986174135539	2.94470169648174807
269843799.151134431362	-2694253.229406527244	2461965.253924100660	-302422.759671665670	1.45832677727075488	0.69847321560542819	2.94471555049704481
269843799.168096899986	-2694252.389067042153	2461974.053885427304	-302365.016503897496	1.45834761328617524	0.69847656924281509	2.94472940466227584
269843799.185059428215	-2694251.548044259194	2461982.853212915827	-302307.273072252399	1.45836828110399064	0.69848000036563118	2.94474318478413588
269843799.202021896839	-2694250.706316095311	2461991.651980517898	-302249.529731199378	1.45838829504356005	0.69848373312171852	2.94475667674770536
269843799.218984425068	-2694249.863884564489	2462000.450105519965	-302191.786138022202	1.45840830925091436	0.69848746569760622	2.94477016896379462
269843799.235946893692	-2694249.020766826347	2462009.247612914070	-302134.042649389070	1.45842832358631069	0.69849119805737847	2.94478366133900371
269843799.252909421921	-2694248.176956051495	2462018.044481241610	-302076.298911690130	1.45844833804803065	0.69849493021910614	2.94479715387066410
269843799.269871890545	-2694247.332433173899	2462026.840760794934	-302018.555277050356	1.45846835249529994	0.69849866215772605	2.94481064646377311
269843799.286834418774	-2694246.487239568494	2462035.636397778522	-301960.811379304738	1.45848845276906247	0.69850237215025035	2.94482418329418882
269843799.303796947002	-2694245.641328764148	2462044.431456270628	-301903.067383712798	1.45850996137297484	0.69850572385719412	2.94483844420532126
269843799.320759415627	-2694244.794751387555	2462053.225833284203	-301845.323537125485	1.45853147009940054	0.69850907532367168	2.94485270527103893
269843799.337721943855	-2694243.947443658952	2462062.019684178755	-301787.579388226033	1.45855297894662028	0.69851242656775459	2.94486696648867197
269843799.354684412479	-2694243.099459808785	2462070.812846409157	-301729.835377821291	1.45857448776438292	0.69851577755621130	2.94488122775941097
269843799.371646940708	-2694242.250798432622	2462079.605377796106	-301672.091107310203	1.45859599685590791	0.69851912832657492	2.94489548928510780
269843799.388609409332	-2694241.401404936332	2462088.397356715519	-301614.346929502848	1.45861700646984427	0.69852249312420389	2.94490934184130904
269843799.405571937561	-2694240.551326510962	2462097.188699542079	-301556.602484078030	1.45863729480216042	0.69852587829520063	2.94492260379075788
269843799.422534406185	-2694239.701901227236	2462105.979415555485	-301498.858529266203	1.45865758310728921	0.69852926323911180	2.94493586579256084
269843799.439496934414	-2694238.850433684886	2462114.769538451452	-301441.113926049788	1.45867787167061103	0.69853264800117709	2.94494912803346143
269843799.456459403038	-2694237.998260076623	2462123.559019359294	-301383.369452459505	1.45869816034942734	0.69853603255877084	2.94496239042007835
269843799.473421931267	-2694237.145423667040	2462132.347889056895	-301325.624707777693	1.45871844914407545	0.69853941690827515	2.94497565295293739
269843799.490384399891	-2694236.291882437188	2462141.136086415499	-301267.880099278875	1.45873892110839476	0.69854268449570911	2.94498906011721973
269843799.507346928120	-2694235.437630637549	2462149.923751086462	-301210.135190779984	1.45875962951754090	0.69854580163984736	2.94500265391862248
269843799.524309396744	-2694234.582696524914	2462158.710716563743	-301152.390425145859	1.45878033803640328	0.69854891855917545	2.94501624786016514
269843799.541271924973	-2694233.727066040039	2462167.497124194168	-301094.645371382532	1.45880104666326771	0.69855203527176701	2.94502984193918582
269843799.558234393597	-2694232.870751026552	2462176.282897731755	-301036.900433261413	1.45882175525316371	0.69855515174965321	2.94504343606103003
269843799.575196921825	-2694232.013722590171	2462185.068054570816	-300979.155231177807	1.45884246409737961	0.69855826803430177	2.94505703041710865
269843799.592159390450	-2694231.156017693691	2462193.852540255524	-300921.410179587547	1.45886281450108424	0.69856151564370472	2.94507016797376231
269843799.609121918678	-2694230.297607874963	2462202.636478999164	-300863.664820513455	1.45888294956001507	0.69856484210173786	2.94508303109268565
269843799.626084446907	-2694229.438490816858	2462211.419802411925	-300805.919376859965	1.45890308473075869	0.69856816836302893	2.94509589435351637
269843799.643046915531	-2694228.578700905200	2462220.202455750201	-300748.174084468978	1.45892321987135154	0.69857149440898270	2.94510875766514513
269843799.660009443760	-2694227.718201983254	2462228.984534909483	-300690.428499321977	1.45894335526570496	0.69857482027678253	2.94512162120977239
269843799.676971912384	-2694226.857006465551	2462237.765961966012	-300632.683043056983	1.45896349077219667	0.69857814594421652	2.94513448489681906
269843799.693934440613	-2694225.995109848212	2462246.546846220735	-300574.937286053144	1.45898406164131411	0.69858131412048174	2.94514797263866646
269843799.710896909237	-2694225.132549128029	2462255.327021094505	-300517.191689093714	1.45900486568854437	0.69858439777834247	2.94516179472606288
269843799.727859437466	-2694224.269263909198	2462264.106613539159	-300459.445810419624	1.45902566999018624	0.69858748124172121	2.94517561704840292
269843799.744821906090	-2694223.405307922047	2462272.885565652046	-300401.700052642496	1.45904647440127921	0.69859056447564782	2.94518943951048850
269843799.761784434319	-2694222.540634456091	2462281.663926661946	-300343.954016120697	1.45906727892011312	0.69859364749819575	2.94520326210966354
269843799.778746902943	-2694221.675266752020	2462290.441674753558	-300286.208095299546	1.45908808340035989	0.69859673028886327	2.94521708474860544
269843799.795709431171	-2694220.809232500847	2462299.218799664173	-300228.461904043623	1.45910852477580177	0.69859999373802828	2.94523044935306011
269843799.812671899796	-2694219.942464963999	2462307.995298031718	-300170.715837871481	1.45912888070116598	0.69860329957849532	2.94524370618801967
269843799.829634428024	-2694219.075018998701	2462316.771192481276	-300112.969498323975	1.45914923673957864	0.69860660521390661	2.94525696316612340
269843799.846596896648	-2694218.206879576202	2462325.546436172910	-300055.223289172514	1.45916959274752500	0.69860991062581146	2.94527022019349705
269843799.863559424877	-2694217.338049664628	2462334.321110800374	-299997.476790377754	1.45918994901201771	0.69861321585110336	2.94528347745787000
269843799.880521893501	-2694216.468512680847	2462343.095118912403	-299939.730418839492	1.45921030539022301	0.69861652086409820	2.94529673486642718
269843799.897484421730	-2694215.598292010371	2462351.868559019174	-299881.983778550930	1.45923124782496916	0.69861985841089580	2.94531062827380952
269843799.914446890354	-2694214.727373415139	2462360.641333645210	-299824.237264088646	1.45925228905315163	0.69862320123252764	2.94532462897298020
269843799.931409418583	-2694213.855757919140	2462369.413525619078	-299766.490458383923	1.45927333054901820	0.69862654384528466	2.94533862992172057
269843799.948371946812	-2694212.983450985048	2462378.185093476437	-299708.743588995363	1.45929437216355851	0.69862988623768196	2.94535263101987255
269843799.965334415436	-2694212.110439238138	2462386.956048197579	-299650.996838965162	1.45931541389710495	0.69863322840609932	2.94536663226795525
269843799.982296943665	-2694211.236740513239	2462395.726383469999	-299593.249810958048	1.45933646209427881	0.69863656221182813	2.94538063794309313
269843799.999259412289	-2694210.363661239855	2462404.496134433430	-299535.503257954144	1.45935768721003822	0.69863966887587503	2.94539476294548086
269843800.016221940517	-2694209.488581411541	2462413.265209478792	-299477.756101036153	1.45937891258695185	0.69864277532902586	2.94540888818975111
269843800.033184409142	-2694208.612788524013	2462422.033697599545	-299420.009030052868	1.45940013807607571	0.69864588154699514	2.94542301357698566
269843800.050146937370	-2694207.736305034254	2462430.801559312735	-299362.261711574276	1.45942136367570496	0.69864898754785687	2.94543713910453597
269843800.067109405994	-2694206.859128425363	2462439.568785536569	-299304.514509425848	1.45944258923757131	0.69865209330010136	2.94545126467453500
269843800.084071934223	-2694205.981268848293	2462448.335407289676	-299246.767034614168	1.45946379802993875	0.69865520647952528	2.94546536440292028
269843800.101034402847	-2694205.102710500360	2462457.101415559184	-299189.019676215888	1.45948477600002002	0.69865842305500558	2.94547911058310685
269843800.117996931076	-2694204.223436653614	2462465.866805115715	-299131.272050856089	1.45950575408301964	0.69866163941853177	2.94549285690643936
269843800.134959399700	-2694203.343495205510	2462474.631555651315	-299073.524547907931	1.45952673213240947	0.69866485553781932	2.94550660327771530
269843800.151921927929	-2694202.462838969659	2462483.395743106958	-299015.776753717451	1.45954771044292353	0.69866807145935184	2.94552034988995493
269843800.168884396553	-2694201.581505749375	2462492.159215919208	-298958.029114262667	1.45956868886769398	0.69867128715445792	2.94553409664742816
269843800.185846924782	-2694200.699452112429	2462500.922166314907	-298900.281176293269	1.45958926077250939	0.69867455411808532	2.94554762631953171
269843800.202809393406	-2694199.816724626347	2462509.684456285555	-298842.533365063660	1.45960861563177224	0.69867797492487016	2.94556050589523322
269843800.219771921635	-2694198.933301922400	2462518.446112930309	-298784.785295842157	1.45962797073987427	0.69868139555789710	2.94557338570342919
269843800.236734390259	-2694198.049162853509	2462527.207190979272	-298727.037328965263	1.45964732595966185	0.69868481600513599	2.94558626565184767
269843800.253696918488	-2694197.164339664858	2462535.967662027571	-298669.289084942546	1.45966668129146937	0.69868823626296761	2.94559914574101134
269843800.270659446716	-2694196.278835311998	2462544.727487416938	-298611.540776438254	1.45968603673563013	0.69869165632777319	2.94561202597144067
269843800.287621915340	-2694195.392638912424	2462553.486648901366	-298553.792616138351	1.45970559541864242	0.69869506642333212	2.94562504236190748
269843800.304584443569	-2694194.505736319814	2462562.245249999221	-298496.044145300111	1.45972700206233164	0.69869838756319058	2.94563929626752463
269843800.321546912193	-2694193.618124077097	2462571.003222091123	-298438.295808600669	1.45974840882602974	0.69870170847466284	2.94565355032432974
269843800.338509440422	-2694192.729823638219	2462579.760586366057	-298380.547194726998	1.45976981571006847	0.69870502915413013	2.94566780453284149
269843800.355471909046	-2694191.840838682838	2462588.517330626026	-298322.798701779568	1.45979122256354898	0.69870834958303629	2.94568205879217881
269843800.372434437275	-2694190.951158026233	2462597.273449589033	-298265.049944185710	1.45981262968824788	0.69871166979848420	2.94569631330408033
269843800.389396905899	-2694190.060782528482	2462606.028918566182	-298207.301319214224	1.45983348477243857	0.69871485012686863	2.94571023002450216
269843800.406359434128	-2694189.169715939555	2462614.783807845786	-298149.552406771283	1.45985366622258028	0.69871785983994095	2.94572373452627678
269843800.423321902752	-2694188.277946808841	2462623.538053012453	-298091.803618754435	1.45987384763299577	0.69872086933311572	2.94573723906333385
269843800.440284430981	-2694187.385471787769	2462632.291739447508	-298034.054544779123	1.45989402928823808	0.69872387863912488	2.94575074382687285
269843800.457246899605	-2694186.492327050306	2462641.044732028618	-297976.305619724735	1.45991421104737529	0.69872688772713476	2.94576424872338816
269843800.474209427834	-2694185.598479342647	2462649.797164170537	-297918.556404257950	1.45993439290870963	0.69872989661521978	2.94577775375024320
269843800.491171896458	-2694184.703934758902	2462658.548930181656	-297860.807313131751	1.45995499556007591	0.69873297099442588	2.94579151534027073
269843800.508134424686	-2694183.808682044968	2462667.300123283640	-297803.057953084935	1.45997605307893807	0.69873611619144205	2.94580555426785118
269843800.525096893311	-2694182.912742784712	2462676.050680214539	-297745.308705680829	1.45999711056182102	0.69873926114277363	2.94581959323896125
269843800.542059421539	-2694182.016110025346	2462684.800658846740	-297687.559174518276	1.46001816830558995	0.69874240588305792	2.94583363245231089
269843800.559021890163	-2694181.118800212629	2462693.549918313511	-297629.809810731735	1.46003922616146387	0.69874555039858521	2.94584767180800844
269843800.575984418392	-2694180.222065999638	2462702.298720300198	-297572.060475056525	1.46006028412876243	0.69874869469658552	2.94586171130499785
269843800.592946946621	-2694179.323355788365	2462711.046815489884	-297514.310734146507	1.46008090048634820	0.69875128698711297	2.94587573152282234
269843800.609909415245	-2694178.423950262368	2462719.794268711004	-297456.561119204853	1.46010129626399232	0.69875360358789285	2.94588974205730159
269843800.626871943474	-2694177.523844221141	2462728.541125860997	-297398.811232288543	1.46012169226580890	0.69875591998289166	2.94590375279768280
269843800.643834412098	-2694176.623043478001	2462737.287345218938	-297341.061457957083	1.46014208834868131	0.69875823615337718	2.94591776364584979
269843800.660796940327	-2694175.721542314626	2462746.032993531786	-297283.311415508972	1.46016248451091446	0.69876055211742472	2.94593177459917088
269843800.677759408951	-2694174.819347901735	2462754.777976771351	-297225.561498170951	1.46018288061006518	0.69876286784907893	2.94594578556057707
269843800.694721937180	-2694173.916469417978	2462763.522326521110	-297167.811318441294	1.46020348084148766	0.69876564646938177	2.94595963705340758
269843800.711684405804	-2694173.012876291759	2462772.266099823639	-297110.061244798300	1.46022417260807025	0.69876863253522925	2.94597341707508287
269843800.728646934032	-2694172.108598137274	2462781.009266625158	-297052.310895495641	1.46024486447917612	0.69877161838433643	2.94598719723048630
269843800.745609402657	-2694171.203633180819	2462789.751774151810	-296994.560680302151	1.46026555630927124	0.69877460399688551	2.94600097742259637
269843800.762571930885	-2694170.297974425368	2462798.493695809040	-296936.810188022617	1.46028624838940435	0.69877758941250401	2.94601475784543476
269843800.779534399509	-2694169.391606475692	2462807.234963079914	-296879.059825280274	1.46030694057437982	0.69878057460775889	2.94602853840250445
269843800.796496927738	-2694168.484552721027	2462815.975635244511	-296821.309186935367	1.46032683163247112	0.69878347305542354	2.94604163419790366
269843800.813459396362	-2694167.576804093085	2462824.715697978623	-296763.558671744657	1.46034658321216182	0.69878635623558560	2.94605461083546860
269843800.830421924591	-2694166.668370055966	2462833.455113860313	-296705.807891106408	1.46036633502769209	0.69878923922926772	2.94606758768958565
269843800.847384393215	-2694165.759218371473	2462842.193937711883	-296648.057209756575	1.46038608693912586	0.69879212202821817	2.94608056466730961
269843800.864346921444	-2694164.849389263894	2462850.932144696359	-296590.306273587048	1.46040583894612030	0.69879500463604927	2.94609354176811156
269843800.881309449673	-2694163.938862735406	2462859.669755578041	-296532.555243309762	1.46042559104934511	0.69879788704552825	2.94610651899303289
269843800.898271918297	-2694163.027629537508	2462868.406709244009	-296474.804357467976	1.46044629940186321	0.69880111284832758	2.94611994252759768
269843800.915234446526	-2694162.115711335093	2462877.143056379631	-296417.053195966815	1.46046710818019077	0.69880437444309940	2.94613341304652643
269843800.932196915150	-2694161.203104702290	2462885.878768419847	-296359.302150079107	1.46048791707303827	0.69880763581764083	2.94614688371101607
269843800.949159443378	-2694160.289782581385	2462894.613875817508	-296301.550842514087	1.46050872607871662	0.69881089699002730	2.94616035451844382
269843800.966121912003	-2694159.375792496838	2462903.348370782100	-296243.799643351755	1.46052953505221517	0.69881415792404222	2.94617382537605588
269843800.983084440231	-2694158.461082942784	2462912.082272532396	-296186.048162442981	1.46055032302119581	0.69881741621348992	2.94618727061823549
269843801.000046908855	-2694157.545695939567	2462920.815473993775	-296128.296842297539	1.46057086312056295	0.69882064568084545	2.94620041449353787
269843801.017009437084	-2694156.629601004068	2462929.548159788363	-296070.545211082906	1.46059140333045545	0.69882387494672005	2.94621355850948730
269843801.033971905708	-2694155.712816647254	2462938.280165957287	-296012.793719077483	1.46061194350640489	0.69882710398958403	2.94622670257353425
269843801.050934433937	-2694154.795344087761	2462947.011551972013	-295955.041969938262	1.46063248393800138	0.69883033284525442	2.94623984687180274
269843801.067896902561	-2694153.877182149794	2462955.742329867091	-295897.290323142428	1.46065302448111445	0.69883356148858689	2.94625299131226681
269843801.084859430790	-2694152.958312251139	2462964.472520573996	-295839.538402143167	1.46067361420645714	0.69883679188627879	2.94626619958643277
269843801.101821899414	-2694152.038758023176	2462973.202050537802	-295781.786611539661	1.46069460314367117	0.69884003793278504	2.94627992611371026
269843801.118784427643	-2694151.118487366475	2462981.931002826896	-295724.034545991046	1.46071559234283477	0.69884328378558513	2.94629365288251144
269843801.135746896267	-2694150.198847024702	2462990.659348972607	-295666.282953902846	1.46073658165733455	0.69884652941218084	2.94630737979775947
269843801.152709424496	-2694149.277210189030	2462999.387035318650	-295608.530744606280	1.46075757108649196	0.69884977481980126	2.94632110685840276
269843801.169671893120	-2694148.354861188214	2463008.114117308985	-295550.778652434528	1.46077856048167587	0.69885301999765215	2.94633483396622919
269843801.186634421349	-2694147.431822162122	2463016.840592495166	-295493.026286060573	1.46079918503996709	0.69885629311513586	2.94634835490625813
269843801.203596949577	-2694146.508097041398	2463025.566448079422	-295435.273841905582	1.46081892437080096	0.69885963427297382	2.94636137545781285
269843801.220559418201	-2694145.583665123209	2463034.291688412894	-295377.521514106251	1.46083866381293626	0.69886297523554342	2.94637439614980590
269843801.237521946430	-2694144.658539453521	2463043.016289957333	-295319.768938727211	1.46085840336569772	0.69886631601007398	2.94638741698119011
269843801.254484415054	-2694143.732728336472	2463051.740273314528	-295262.016467151931	1.46087814289125073	0.69886965656340416	2.94640043786184558
269843801.271446943283	-2694142.806229704991	2463060.463620620314	-295204.263751022052	1.46089788266692566	0.69887299694376848	2.94641345897460027
269843801.288409411907	-2694141.879012027755	2463069.186376680620	-295146.511136409128	1.46091786912291832	0.69887632076309747	2.94642666691948785
269843801.305371940136	-2694140.951112612151	2463077.908513332717	-295088.758242365962	1.46093930954661788	0.69887954786387629	2.94644097580599329
269843801.322334408760	-2694140.022516238503	2463086.630012116395	-295031.005483232031	1.46096074993608838	0.69888277471712157	2.94645528473900553
269843801.339296936989	-2694139.093218657188	2463095.350926130079	-294973.252452181885	1.46098219059356826	0.69888600135861956	2.94646959392101726
