298907085.176761507988 0.000079750000
298907085.176761507988	2463155.792318767868	142783.989584859228	-2677167.081991163082	2.42101344307080524	-3.04172210122625897	3.06612724636088263
298907085.192711532116	2463196.555981578771	142779.900459641329	-2677130.257390468381	2.42099842239694141	-3.04172100291915015	3.06612492849013396
298907085.208661496639	2463237.318954866379	142775.811191867659	-2677093.432344055735	2.42098340183440719	-3.04171990457187658	3.06612261066358149
298907085.224611520767	2463278.081519926898	142771.721806912188	-2677056.606541635934	2.42096838127112424	-3.04171880617460522	3.06612029286204280
298907085.240561485291	2463318.843358491547	142767.632311035413	-2677019.780269933864	2.42095372780681917	-3.04171765683901718	3.06611804642795294
298907085.256511509418	2463359.604808545206	142763.542642630462	-2676982.953277846333	2.42093955055323162	-3.04171644141658870	3.06611589256712236
298907085.272461533546	2463400.365694924258	142759.452894241578	-2676946.125660409220	2.42092537340495362	-3.04171522595986188	3.06611373874935023
298907085.288411498070	2463441.125840737950	142755.363040829718	-2676909.297563362867	2.42091119625621110	-3.04171401045812573	3.06611158495667668
298907085.304361522198	2463481.885612124577	142751.272997850727	-2676872.468753283843	2.42089701900040932	-3.04171279490787239	3.06610943117938772
298907085.320311486721	2463522.644632546697	142747.182903218811	-2676835.639450243209	2.42088284184991620	-3.04171157932332203	3.06610727744515810
298907085.336261510849	2463563.403276483528	142743.092639202368	-2676798.809417789336	2.42086860477972410	-3.04171035789938449	3.06610511348149783
298907085.352211534977	2463604.161354076583	142739.002256631706	-2676761.978782367427	2.42085368339945406	-3.04170907029266457	3.06610283247808946
298907085.368161499500	2463644.918708862271	142734.911794962274	-2676725.147658254020	2.42083876213036131	-3.04170778264566000	3.06610055151846961
298907085.384111523628	2463685.675667846110	142730.821164888766	-2676688.315813808702	2.42082384086083557	-3.04170649494952228	3.06609827058647877
298907085.400061488152	2463726.431928994600	142726.730398649815	-2676651.483507322147	2.42080891959060418	-3.04170520720665216	3.06609598968486274
298907085.416011512280	2463767.187752731610	142722.639549476298	-2676614.650437588803	2.42079399820723529	-3.04170391941540386	3.06609370880570387
298907085.431961536407	2463807.943034078460	142718.548526943312	-2676577.816775156185	2.42077907693613881	-3.04170263157427012	3.06609142795934897
298907085.447911500931	2463848.697601431981	142714.457421152940	-2676540.982643324882	2.42076454774002459	-3.04170147282823988	3.06608914074057859
298907085.463861525059	2463889.451763126999	142710.366169059853	-2676504.147771870252	2.42075007585935653	-3.04170033294483444	3.06608685259689295
298907085.479811489582	2463930.205221227370	142706.274780344305	-2676467.312444368843	2.42073560408662303	-3.04169919301893854	3.06608456449127154
298907085.495761513710	2463970.958233590238	142702.183326216997	-2676430.476340268739	2.42072113231302755	-3.04169805304760921	3.06608227641299225
298907085.511711478233	2464011.710556439590	142698.091718424170	-2676393.639787481166	2.42070666053829608	-3.04169691303324896	3.06607998836480222
298907085.527661502361	2464052.462474641856	142693.999968719931	-2676356.802501007915	2.42069218865417835	-3.04169577296811200	3.06607770033048954
298907085.543611526489	2464093.213833282236	142689.908094185754	-2676319.964608540293	2.42067760829586387	-3.04169467327632415	3.06607546750483717
298907085.559561491013	2464133.965414927341	142685.817214363167	-2676283.126195249613	2.42066293702273105	-3.04169360738150285	3.06607328090191622
298907085.575511515141	2464174.715631535742	142681.725122544100	-2676246.287067111582	2.42064826563907509	-3.04169254143252266	3.06607109430744229
298907085.591461479664	2464215.465166941285	142677.632870713307	-2676209.447506604716	2.42063359436382752	-3.04169147544857132	3.06606890775782270
298907085.607411503792	2464256.214272231795	142673.540520700713	-2676172.607179825660	2.42061892308779791	-3.04169040941765356	3.06606672123210844
298907085.623361527920	2464296.962834582664	142669.448028623709	-2676135.766266288701	2.42060425170042226	-3.04168934333978225	3.06606453472308393
298907085.639311492443	2464337.710667873733	142665.355443670240	-2676098.924864112865	2.42058949558285263	-3.04168829307768984	3.06606224064016875
298907085.655261516571	2464378.458126207814	142661.262678143656	-2676062.082748908550	2.42057442446757065	-3.04168730164396450	3.06605954704127592
298907085.671211481094	2464419.204834597651	142657.169854245236	-2676025.240143710282	2.42055935335089467	-3.04168631015922175	3.06605685347138479
298907085.687161505222	2464459.951159204356	142653.076865102543	-2675988.396809157915	2.42054428212009576	-3.04168531861682512	3.06605415991125163
298907085.703111529350	2464500.696909675840	142648.983754846762	-2675951.552855312359	2.42052921100200180	-3.04168432701803937	3.06605146638563664
298907085.719061493874	2464541.441954987124	142644.890534892271	-2675914.708445422351	2.42051413988196673	-3.04168333537304036	3.06604877289451894
298907085.735011518002	2464582.186601913068	142640.797175708256	-2675877.863298821729	2.42049906907053192	-3.04168234256027947	3.06604608108418741
298907085.750961482525	2464622.930521833710	142636.703703484731	-2675841.017679965589	2.42048410609282350	-3.04168106681484307	3.06604381514262059
298907085.766911506653	2464663.674011638388	142632.610133094888	-2675804.171294837724	2.42046914311464523	-3.04167979102037078	3.06604154922859617
298907085.782861530781	2464704.416989739984	142628.516366251686	-2675767.324346569832	2.42045418002352664	-3.04167851517290755	3.06603928333156039
298907085.798811495304	2464745.159231974743	142624.422524009104	-2675730.476915666368	2.42043921704358578	-3.04167723928757194	3.06603701748086355
298907085.814761519432	2464785.901050363667	142620.328586269810	-2675693.628715461120	2.42042425406317285	-3.04167596335320312	3.06603475165771400
298907085.830711483955	2464826.642173468601	142616.234494436416	-2675656.780072566122	2.42040929108174296	-3.04167468737460434	3.06603248586760246
298907085.846661508083	2464867.382884117775	142612.140269267897	-2675619.930682634935	2.42039444649948354	-3.04167334037898174	3.06603013966805715
298907085.862611532211	2464908.123043005820	142608.045910763380	-2675583.080700058490	2.42037962905195503	-3.04167197716424731	3.06602777517793124
298907085.878561496735	2464948.862472812179	142603.951470567146	-2675546.230231819674	2.42036481160364181	-3.04167061390427307	3.06602541072182255
298907085.894511520863	2464989.601534950547	142599.856845713715	-2675509.379050489515	2.42034999404370987	-3.04166925058964566	3.06602304628294720
298907085.910461485386	2465030.339823747985	142595.762174911448	-2675472.527359988540	2.42033517659437436	-3.04166788723438941	3.06602068188938404
298907085.926411509514	2465071.077742316294	142591.667337439285	-2675435.674937045202	2.42032035914507437	-3.04166652382668934	3.06601831752160559
298907085.942361533642	2465111.815098618623	142587.572358919046	-2675398.821936428081	2.42030546478277842	-3.04166525050101777	3.06601599310954454
298907085.958311498165	2465152.551732107997	142583.477301383478	-2675361.968447117601	2.42029047269490727	-3.04166409195345588	3.06601371961114566
298907085.974261522293	2465193.287991686258	142579.382034213952	-2675325.114241805393	2.42027548060692022	-3.04166293335185145	3.06601144613312115
298907085.990211486816	2465234.023484666832	142575.286748279730	-2675288.259533205535	2.42026048851717279	-3.04166177471061960	3.06600917269194539
298907086.006161510944	2465274.758581327274	142571.191291810683	-2675251.404101303779	2.42024549631407337	-3.04166061601707183	3.06600689926602410
298907086.022111535072	2465315.493146562483	142567.095694265852	-2675214.548070647754	2.42023050422272146	-3.04165945727977016	3.06600462587933142
298907086.038061499596	2465356.226982716937	142563.000015053141	-2675177.691554325633	2.42021556064168530	-3.04165828351141432	3.06600231487725816
298907086.054011523724	2465396.960401176475	142558.904186464351	-2675140.834307406098	2.42020074480178415	-3.04165707019186016	3.06599990467101158
298907086.069961488247	2465437.693122799974	142554.808226179390	-2675103.976604383904	2.42018592907249941	-3.04165585682748230	3.06599749450547421
298907086.085911512375	2465478.425435157958	142550.712155576097	-2675067.118142386433	2.42017111334246371	-3.04165464341479286	3.06599508436900914
298907086.101861536503	2465519.157181680202	142546.615957546455	-2675030.259077421855	2.42015629750030836	-3.04165342995030352	3.06599267424998123
298907086.117811501026	2465559.888218315318	142542.519631473842	-2674993.399562407751	2.42014148176849586	-3.04165221644339567	3.06599026417440967
298907086.133761525154	2465600.618840454146	142538.423174484487	-2674956.539291447960	2.42012666603648041	-3.04165100288337209	3.06598785412242236
298907086.149711489677	2465641.348748099525	142534.326620996348	-2674919.678545147646	2.42011169420209349	-3.04164980176538213	3.06598558282448597
298907086.165661513805	2465682.078251602594	142530.229916686716	-2674882.817065166309	2.42009670893789552	-3.04164860165766049	3.06598332337380297
298907086.181611478329	2465722.807057230733	142526.133098635008	-2674845.955129080918	2.42008172378490594	-3.04164740151153312	3.06598106396833980
298907086.197561502457	2465763.535447339527	142522.036156453396	-2674809.092434078455	2.42006673863131372	-3.04164620131640229	3.06597880458934968
298907086.213511526585	2465804.263266871683	142517.939079609292	-2674772.229145076592	2.42005175336448364	-3.04164500106888047	3.06597654522632324
298907086.229461491108	2465844.990378175862	142513.841908939881	-2674735.365377706476	2.42003676820886193	-3.04164380078295560	3.06597428590851928
298907086.245411515236	2465885.717072284780	142509.744591103517	-2674698.500882708002	2.42002227984319473	-3.04164227511528917	3.06597191002590819
298907086.261361479759	2465926.443074294366	142505.647148847173	-2674661.635922639165	2.42000796960758535	-3.04164063275124574	3.06596949237430705
298907086.277311503887	2465967.168662308715	142501.549577877769	-2674624.770209594630	2.41999365926507437	-3.04163899032892582	3.06596707473966701
298907086.293261528015	2466007.893684990704	142497.451881697780	-2674587.903896550648	2.41997934903029499	-3.04163734786652507	3.06596465715086630
298907086.309211492538	2466048.617965535726	142493.354107534280	-2674551.037103897892	2.41996503879510882	-3.04163570536215655	3.06596223960170144
298907086.325161516666	2466089.341890428681	142489.256151885464	-2674514.169589130674	2.41995072845274795	-3.04163406280191673	3.06595982207224571
298907086.341111481190	2466130.065068448428	142485.158111008321	-2674477.301603721455	2.41993616796138067	-3.04163259946179165	3.06595746402622638
298907086.357061505318	2466170.787853843998	142481.059920267842	-2674440.432872633915	2.41992120713840642	-3.04163142282626398	3.06595520108222930
298907086.373011529446	2466211.510079149157	142476.961613770312	-2674403.563535549212	2.41990624620179506	-3.04163024614335198	3.06595293815926517
298907086.388961493969	2466252.231571675278	142472.863193849655	-2674366.693732208572	2.41989128537645204	-3.04162906941947986	3.06595067527840914
298907086.404911518097	2466292.953609120101	142468.765726471931	-2674329.823140675202	2.41987632455074575	-3.04162789264422750	3.06594841242089089
298907086.420861482620	2466333.673989773262	142464.667064141860	-2674292.952128255274	2.41986136372358240	-3.04162671582720767	3.06594614959768874
298907086.436811506748	2466374.393956935499	142460.568275307189	-2674256.080365827773	2.41984648988035467	-3.04162545807840790	3.06594387318425232
298907086.452761530876	2466415.113372843713	142456.469344242360	-2674219.208010759670	2.41983202371944550	-3.04162382182293412	3.06594153316062146
298907086.468711495399	2466455.832074770238	142452.370307751844	-2674182.335180350579	2.41981755755828454	-3.04162218552370733	3.06593919317417596
298907086.484661519527	2466496.550372031983	142448.271129443368	-2674145.461616257671	2.41980309128866278	-3.04162054916927405	3.06593685320831444
298907086.500611484051	2466537.267951076850	142444.171840649011	-2674108.587588766590	2.41978862512781934	-3.04161891277533147	3.06593451328800892
298907086.516561508179	2466577.985122402199	142440.072419224191	-2674071.712815708481	2.41977415896672277	-3.04161727633763812	3.06593217340489188
298907086.532511532307	2466618.701748740859	142435.972853680141	-2674034.837433571462	2.41975969269771474	-3.04161563983993100	3.06592983353687165
298907086.548461496830	2466659.417633434292	142431.873223546281	-2673997.961577763315	2.41974498125079496	-3.04161439773327125	3.06592757468515487
298907086.564411520958	2466700.133112462237	142427.773436053481	-2673961.084979362786	2.41973022523256365	-3.04161322724700245	3.06592533056850503
298907086.580361485481	2466740.847893103957	142423.673532685149	-2673924.207921889145	2.41971546921289438	-3.04161205671988100	3.06592308648568634
298907086.596311509609	2466781.562263317872	142419.573487041140	-2673887.330136730336	2.41970071308168677	-3.04161088614153119	3.06592084241806928
298907086.612261533737	2466822.276079209056	142415.473314973497	-2673850.451736606192	2.41968595706051115	-3.04160971552068649	3.06591859838919367
298907086.628211498260	2466862.989175861236	142411.373039222322	-2673813.572870111559	2.41967120103817068	-3.04160854485658794	3.06591635439140786
298907086.644161522388	2466903.701851728838	142407.272641104093	-2673776.693253668956	2.41965639519430464	-3.04160737858190755	3.06591395502308517
298907086.660111486912	2466944.413807852194	142403.172137115471	-2673739.813167883083	2.41964154242421170	-3.04160621646529394	3.06591140866884748
298907086.676061511040	2466985.125387978740	142399.071454881545	-2673702.932352686767	2.41962668965414363	-3.04160505429101757	3.06590886233477145
298907086.692011535168	2467025.836386118084	142394.970687061927	-2673666.050924195442	2.41961183677108638	-3.04160389206799797	3.06590631602192154
298907086.707961499691	2467066.546696251724	142390.869761149370	-2673629.169052953366	2.41959698399887602	-3.04160272979763269	3.06590376975012679
298907086.723911523819	2467107.256584057584	142386.768728635623	-2673592.286428792402	2.41958213122559629	-3.04160156747922317	3.06590122350947203
298907086.739861488342	2467147.965744313318	142382.667598793196	-2673555.403321935795	2.41956730091766703	-3.04160041325042663	3.06589875759597064
298907086.755811512470	2467188.674498372246	142378.566331750801	-2673518.519475457724	2.41955252130514031	-3.04159927738545033	3.06589647330457593
298907086.771761536598	2467229.382702698931	142374.464917927980	-2673481.635042276233	2.41953774180277481	-3.04159814147705410	3.06589418905176370
298907086.787711501122	2467270.090199808590	142370.363403574622	-2673444.750133698806	2.41952296229919916	-3.04159700552473788	3.06589190482957674
298907086.803661525249	2467310.797286513261	142366.261724630691	-2673407.864491494838	2.41950818268441115	-3.04159586951597927	3.06588962061634396
298907086.819611489773	2467351.503652433399	142362.159957787750	-2673370.978379950859	2.41949340317896366	-3.04159473347101628	3.06588733644992573
298907086.835561513901	2467392.209604337346	142358.058073450375	-2673334.091518399771	2.41947867829025176	-3.04159364359903783	3.06588501663536928
298907086.851511478424	2467432.914857879747	142353.956050947076	-2673297.204191832803	2.41946435841547913	-3.04159289643613695	3.06588243231000535
298907086.867461502552	2467473.619689596351	142349.853924049967	-2673260.316115319263	2.41945003843125761	-3.04159214922645127	3.06587984799594970
298907086.883411526680	2467514.323957511224	142345.751656251639	-2673223.427441776264	2.41943571855373207	-3.04159140196276656	3.06587726371085889
298907086.899361491203	2467555.027526528575	142341.649270433903	-2673186.538306191098	2.41942139867414596	-3.04159065465470180	3.06587467945276426
298907086.915311515331	2467595.730668997392	142337.546761807054	-2673149.648426653817	2.41940707868565719	-3.04158990729504408	3.06587209520049608
298907086.931261479855	2467636.433103743475	142333.444150478055	-2673112.758068751078	2.41939275880304372	-3.04158915988860290	3.06586951098542393
298907086.947211503983	2467677.135144194588	142329.341355131648	-2673075.866993487813	2.41937797366486107	-3.04158815147088246	3.06586715554837896
298907086.963161528111	2467717.836630292702	142325.238455741783	-2673038.975309200585	2.41936302180155405	-3.04158704955848869	3.06586488205538288
298907086.979111492634	2467758.537374765147	142321.135469490400	-2673002.083145304583	2.41934807004932972	-3.04158594760445000	3.06586260860345750
298907086.995061516762	2467799.237720323261	142317.032341943792	-2672965.190241726115	2.41933311829634867	-3.04158484560130926	3.06586033517649881
298907087.011011481285	2467839.937346131075	142312.929108574288	-2672928.296868806239	2.41931816654206422	-3.04158374355387551	3.06585806177999398
298907087.026961505413	2467880.636589152273	142308.825703303679	-2672891.402769501787	2.41930321467491316	-3.04158264145228419	3.06585578839509365
298907087.042911529541	2467921.335244431626	142304.722200854711	-2672854.508059932385	2.41928835169196343	-3.04158164823463029	3.06585369538440755
298907087.058861494064	2467962.033198757563	142300.618600575486	-2672817.612871938385	2.41927355469218730	-3.04158073594072009	3.06585173644274489
298907087.074811518192	2468002.730750476941	142296.514827203064	-2672780.716963669751	2.41925875758009035	-3.04157982360161361	3.06584977751472065
298907087.090761482716	2468043.427596515510	142292.410937576060	-2672743.820582977496	2.41924396057812974	-3.04157891121977553	3.06584781861687317
298907087.106711506844	2468084.123992585577	142288.306959891081	-2672706.923445093911	2.41922916357452911	-3.04157799879878521	3.06584585974642199
298907087.122661530972	2468124.819872819819	142284.202819630300	-2672670.025721751153	2.41921436645833410	-3.04157708633500423	3.06584390089235370
298907087.138611495495	2468165.515017692931	142280.098595195566	-2672633.127515770961	2.41919950070525935	-3.04157611760252022	3.06584186818343252
298907087.154561519623	2468206.209767243359	142275.994193546707	-2672596.228589461185	2.41918439485949399	-3.04157495243807263	3.06583957743893887
298907087.170511484146	2468246.903778342064	142271.889745847613	-2672559.329164132942	2.41916928901223072	-3.04157378723099958	3.06583728672887412
298907087.186461508274	2468287.597386830021	142267.785125066672	-2672522.429018530995	2.41915418305075436	-3.04157262197096312	3.06583499603426057
298907087.202411532402	2468328.290448765270	142263.680387165543	-2672485.528263850138	2.41913907720186616	-3.04157145666661233	3.06583270537933972
298907087.218361496925	2468368.982806558255	142259.575521843770	-2672448.627053123433	2.41912397135175361	-3.04157029131723222	3.06583041475610685
298907087.234311521053	2468409.675668136682	142255.471617871546	-2672411.725050048903	2.41910889523120343	-3.04156911638544614	3.06582811909249608
298907087.250261485577	2468450.366879115347	142251.366521791177	-2672374.822623058222	2.41909453615354675	-3.04156771254636604	3.06582570208471195
298907087.266211509705	2468491.057691187598	142247.261273267446	-2672337.919453416951	2.41908017707612366	-3.04156630865555933	3.06582328510233060
298907087.282161533833	2468531.747950443067	142243.155904974614	-2672301.015677721705	2.41906581789042807	-3.04156490471293273	3.06582086813914634
298907087.298111498356	2468572.437468557153	142239.050463225809	-2672264.111428358592	2.41905145881182548	-3.04156350073310877	3.06581845122403118
298907087.314061522484	2468613.126596087590	142234.944851540611	-2672227.206449697260	2.41903709973318026	-3.04156209670396604	3.06581603433706507
298907087.330011487007	2468653.815019977279	142230.839114642324	-2672190.301017958671	2.41902274065394440	-3.04156069263031714	3.06581361748373560
298907087.345961511135	2468694.503029334825	142226.733258105931	-2672153.394833245315	2.41900801453439263	-3.04155951617986675	3.06581134249468246
298907087.361911535263	2468735.190457746387	142222.627286943403	-2672116.488032266032	2.41899312050688042	-3.04155844393771302	3.06580913249325793
298907087.377861499786	2468775.877204376273	142218.521182775032	-2672079.580791452900	2.41897822647772998	-3.04155737165480167	3.06580692252448817
298907087.393811523914	2468816.563514109701	142214.414964583062	-2672042.672781450674	2.41896333233608374	-3.04155629931908411	3.06580471256725895
298907087.409761488438	2468857.249135290738	142210.308608538297	-2672005.764331672341	2.41894843830475237	-3.04155522694503722	3.06580250265283327
298907087.425711512566	2468897.934341448825	142206.202119502006	-2671968.855122975539	2.41893354427287832	-3.04155415452061062	3.06580029276009602
298907087.441661536694	2468938.618982229847	142202.095527738042	-2671931.945320219733	2.41891897083112939	-3.04155304475648425	3.06579798320726393
298907087.457611501217	2468979.302900705021	142197.988837009005	-2671895.035025802907	2.41890474848616766	-3.04155189412797533	3.06579556459400893
298907087.473561525345	2469019.986425391398	142193.881957921345	-2671858.124027434271	2.41889052614044919	-3.04155074345297560	3.06579314600779274
298907087.489511489868	2469060.669219412375	142189.775030888530	-2671821.212532963138	2.41887630379370311	-3.04154959273389114	3.06579072745135628
298907087.505461513996	2469101.351601487491	142185.667943922686	-2671784.300298924558	2.41886208133981562	-3.04154844196049234	3.06578830890476883
298907087.521411478519	2469142.033278893679	142181.560738557659	-2671747.387608841527	2.41884785899155919	-3.04154729114842803	3.06578589040241223
298907087.537361502647	2469182.714558398817	142177.453385155794	-2671710.474182047416	2.41883358658539027	-3.04154613877831892	3.06578348003860457
298907087.553311526775	2469223.395286631305	142173.345889666962	-2671673.560162609443	2.41881890303141844	-3.04154497398643553	3.06578113664191854
298907087.569261491299	2469264.075286771171	142169.238317103474	-2671636.645663450472	2.41880421947632396	-3.04154380915007216	3.06577879327610248
298907087.585211515427	2469304.754849493504	142165.130639516283	-2671599.730395101011	2.41878953581027334	-3.04154264426130094	3.06577644992452747
298907087.601161479950	2469345.433740808628	142161.022786699963	-2671562.814703242388	2.41877485225375333	-3.04154147932876118	3.06577410661222682
298907087.617111504078	2469386.112194694113	142156.914840037411	-2671525.898245164659	2.41876016869638288	-3.04154031434933803	3.06577176332805745
298907087.633061528206	2469426.790106120054	142152.806742559973	-2671488.981200330425	2.41874548502805764	-3.04153914931750657	3.06576942005813136
298907087.649011492729	2469467.467286914121	142148.698568242020	-2671452.063663890585	2.41873045515430452	-3.04153785332631088	3.06576675604256810
298907087.664961516857	2469508.144072882365	142144.590218948229	-2671415.145410089288	2.41871533502144676	-3.04153652315518030	3.06576400844568031
298907087.680911481380	2469548.820129228756	142140.481797197484	-2671378.226670624688	2.41870021488762355	-3.04153519293447516	3.06576126088569412
298907087.696861505508	2469589.495797000825	142136.373214310646	-2671341.307213742752	2.41868509464001136	-3.04153386265262426	3.06575851334022031
298907087.712811529636	2469630.170888559427	142132.264524098660	-2671304.387131628580	2.41866997450562415	-3.04153253232073872	3.06575576584033316
298907087.728761494160	2469670.845270202029	142128.155706066085	-2671267.466599465813	2.41865485437054328	-3.04153120193687432	3.06575301837461023
298907087.744711518288	2469711.519259700552	142124.046740484337	-2671230.545324596111	2.41863981745949985	-3.04153010328745710	3.06575056303081261
298907087.760661482811	2469752.192507046741	142119.937697138084	-2671193.623570114374	2.41862483613890733	-3.04152915890885467	3.06574830219338113
298907087.776611506939	2469792.865359058138	142115.828476634313	-2671156.701095303055	2.41860985481756385	-3.04152821447884580	3.06574604137590390
298907087.792561531067	2469833.537655152380	142111.719174546131	-2671119.777998060454	2.41859487338204282	-3.04152727000318235	3.06574378057607655
298907087.808511495590	2469874.209227802232	142107.609723768051	-2671082.854447911493	2.41857989205782831	-3.04152632548239632	3.06574151981221821
298907087.824461519718	2469914.880397917703	142103.500178885733	-2671045.930141703226	2.41856491073204172	-3.04152538091742564	3.06573925907654088
298907087.840411484241	2469955.550843542442	142099.390509856225	-2671009.005372149870	2.41855004588802780	-3.04152444486305962	3.06573707741314427
298907087.856361508369	2469996.220891786274	142095.280677264091	-2670972.079876326490	2.41853534533910519	-3.04152352084463562	3.06573500733821103
298907087.872311532497	2470036.890366350766	142091.170737145148	-2670935.153767150361	2.41852064489964347	-3.04152259678220460	3.06573293729430940
298907087.888261497021	2470077.559155039955	142087.060686665151	-2670898.227192849386	2.41850594445831613	-3.04152167268167295	3.06573086728055788
298907087.904211521149	2470118.227511413395	142082.950501826184	-2670861.299877623562	2.41849124390571157	-3.04152074853209697	3.06572879727688985
298907087.920161485672	2470158.895147001371	142078.840218088531	-2670824.372090083547	2.41847654346174590	-3.04151982434573798	3.06572672731247930
298907087.936111509800	2470199.562392496970	142074.729766664415	-2670787.443576216698	2.41846182330722703	-3.04151889340236359	3.06572465504962555
298907087.952061533928	2470240.229069553781	142070.619217177416	-2670750.514443000779	2.41844663029248430	-3.04151780142813077	3.06572252714806792
298907087.968011498451	2470280.895015321206	142066.508561059891	-2670713.584852440283	2.41843143739050959	-3.04151670941364971	3.06572039928681228
298907087.983961522579	2470321.560574198607	142062.397755695885	-2670676.654510200955	2.41841624448793535	-3.04151561734913001	3.06571827144809994
298907087.999911487103	2470362.225423142780	142058.286833724182	-2670639.723720887210	2.41840105158366780	-3.04151452524420129	3.06571614364289502
298907088.015861511230	2470402.889850775711	142054.175787331362	-2670602.792178652715	2.41838585856434030	-3.04151343308907052	3.06571401585344017
298907088.031811535358	2470443.553718807641	142050.064616407326	-2670565.860030421522	2.41837066565805348	-3.04151234089128897	3.06571188810154993
298907088.047761499882	2470484.216854012571	142045.953350029333	-2670528.927408465184	2.41835626124408742	-3.04151134466028816	3.06570953049270445
298907088.063711524010	2470524.879597583786	142041.841931762523	-2670491.994057209231	2.41834196883431263	-3.04151036203564784	3.06570714021397839
298907088.079661488533	2470565.542573656887	142037.731484097079	-2670455.060201455839	2.41832767653063208	-3.04150937936885946	3.06570474997429843
298907088.095611512661	2470606.204207366798	142033.619792485522	-2670418.125654528849	2.41831338422613618	-3.04150839665335804	3.06570235975668570
298907088.111561536789	2470646.865246019792	142029.508014528576	-2670381.190486955456	2.41829909181337088	-3.04150741388738899	3.06569996954964097
298907088.127511501312	2470687.525592024904	142025.396121396625	-2670344.254854310304	2.41828479950642539	-3.04150643108168239	3.06569757938438547
298907088.143461525440	2470728.185542170424	142021.284060126607	-2670307.318501336500	2.41827018204177202	-3.04150533729176731	3.06569520236234005
298907088.159411489964	2470768.844748103525	142017.171941304696	-2670270.381652372424	2.41825527190842360	-3.04150414360579191	3.06569283718112873
298907088.175361514091	2470809.503579546232	142013.059633190540	-2670233.444090374745	2.41824036166243728	-3.04150294986615499	3.06569047201486145
298907088.191311478615	2470850.161667807493	142008.947249550605	-2670196.506032388192	2.41822545152796176	-3.04150175607951478	3.06568810688616100
298907088.207261502743	2470890.819352405146	142004.834710907511	-2670159.567254127003	2.41821054139237424	-3.04150056224735899	3.06568574178919917
298907088.223211526871	2470931.476484169252	142000.722052602883	-2670122.627869814169	2.41819563114387570	-3.04149936836394996	3.06568337670992408
298907088.239161491394	2470972.132896668743	141996.609290840977	-2670085.688019128051	2.41818085062304622	-3.04149829338603306	3.06568120104499142
298907088.255111515522	2471012.788910747971	141992.496378911484	-2670048.747428763658	2.41816632294900868	-3.04149745039669428	3.06567939481237328
298907088.271061480045	2471053.444197768345	141988.383365473273	-2670011.806369115133	2.41815179527298785	-3.04149660737359895	3.06567758860845530
298907088.287011504173	2471094.099086358212	141984.270213056094	-2669974.864572754595	2.41813726748658953	-3.04149576430881696	3.06567578241788219
298907088.302961528301	2471134.753387704026	141980.156954633683	-2669937.922166128177	2.41812273980797121	-3.04149492120616971	3.06567397625766214
298907088.318911492825	2471175.406996411737	141976.043569884030	-2669900.979291459545	2.41810821212764226	-3.04149407806735983	3.06567217012340398
298907088.334861516953	2471216.060196194798	141971.930027235212	-2669864.035692076199	2.41809368433748473	-3.04149323488204582	3.06567036399701198
298907088.350811481476	2471256.712687203195	141967.816400063602	-2669827.091614326928	2.41807871296772081	-3.04149221224123156	3.06566807333826974
298907088.366761505604	2471297.364766738843	141963.702626405633	-2669790.146802952047	2.41806373594839030	-3.04149118726664991	3.06566577653420858
298907088.382711529732	2471338.016250710934	141959.588764243119	-2669753.201367957983	2.41804875881559900	-3.04149016224048063	3.06566347974323783
298907088.398661494255	2471378.667066982016	141955.474741027720	-2669716.255497509148	2.41803378179367146	-3.04148913717408442	3.06566118299518164
298907088.414611518383	2471419.317461932544	141951.360593428020	-2669679.308874143288	2.41801880477085795	-3.04148811205816827	3.06565888627101701
298907088.430561482906	2471459.967122008558	141947.246364025195	-2669642.361771109514	2.41800382774660960	-3.04148708689755098	3.06565658957622666
298907088.446511507034	2471500.616386723705	141943.131968704169	-2669605.413950717542	2.41798916695849897	-3.04148623757205083	3.06565418024952230
298907088.462461531162	2471541.265104375314	141939.017443042074	-2669568.465515302029	2.41797459927577396	-3.04148543990192177	3.06565173784089051
298907088.478411495686	2471581.913097499870	141934.902815671434	-2669531.516622486524	2.41796003159130946	-3.04148464218624914	3.06564929545762466
298907088.494361519814	2471622.560667778831	141930.788068537368	-2669494.566970809363	2.41794546379586439	-3.04148384442225783	3.06564685308509643
298907088.510311484337	2471663.207535408437	141926.673200733378	-2669457.616871996783	2.41793089610819356	-3.04148304661309288	3.06564441074982641
298907088.526261508465	2471703.853981727734	141922.558197376260	-2669420.666017294861	2.41791632841960480	-3.04148224875115991	3.06564196843170533
298907088.542211532593	2471744.499867910985	141918.443089723500	-2669383.714559565298	2.41790170518136804	-3.04148134729652542	3.06563965285525253
298907088.558161497116	2471785.145045195241	141914.327836375596	-2669346.762651790399	2.41788701191404165	-3.04148031478916359	3.06563749764013771
298907088.574111521244	2471825.789835051168	141910.212454009510	-2669309.809995307587	2.41787231864557572	-3.04147928223766328	3.06563534245126501
298907088.590061485767	2471866.433893608395	141906.096965099772	-2669272.856881482527	2.41785762537569759	-3.04147824964443236	3.06563318729137313
298907088.606011509895	2471907.077537122183	141901.981343306252	-2669235.903008736204	2.41784293199477407	-3.04147721700012363	3.06563103214250132
298907088.621961534023	2471947.720615262166	141897.865596577059	-2669198.948535993230	2.41782823872316488	-3.04147618431379962	3.06562887702961673
298907088.637911498547	2471988.362974119838	141893.749757626443	-2669161.993599850219	2.41781355311745383	-3.04147517285789037	3.06562671104830775
298907088.653861522675	2472029.004917418119	141889.633794790134	-2669125.037904787809	2.41779892770110205	-3.04147432862597311	3.06562445935622696
298907088.669811487198	2472069.646181998309	141885.517661001126	-2669088.081786272116	2.41778430239301256	-3.04147348435183185	3.06562220770074445
298907088.685761511326	2472110.287010659929	141881.401428870973	-2669051.124907478690	2.41776967708378798	-3.04147264002993589	3.06561995606591653
298907088.701711535454	2472150.927286491729	141877.285065953387	-2669014.167419663165	2.41775505166348337	-3.04147179565956982	3.06561770444127912
298907088.717661499977	2472191.566858143080	141873.168587005697	-2668977.209478772245	2.41774042635116704	-3.04147095124939160	3.06561545285598136
298907088.733611524105	2472232.205996956676	141869.051971582609	-2668940.250793986954	2.41772580103798962	-3.04147010678904950	3.06561320128860038
298907088.749561488628	2472272.844418164343	141864.935286993627	-2668903.291614512913	2.41771083332017511	-3.04146908511419012	3.06561098441609658
298907088.765511512756	2472313.482444017660	141860.818425337580	-2668866.331714706495	2.41769583019122880	-3.04146804512185165	3.06560877112833996
298907088.781461536884	2472354.119920596015	141856.701430509245	-2668829.371234140825	2.41768082717360944	-3.04146700508816270	3.06560655788040881
298907088.797411501408	2472394.756667046342	141852.584350019228	-2668792.410261967685	2.41766582415454856	-3.04146596501094946	3.06560434466212595
298907088.813361525536	2472435.393017622177	141848.467101454618	-2668755.448569465894	2.41765082102182705	-3.04146492488321440	3.06560213145783456
298907088.829311490059	2472476.028617712669	141844.349792774650	-2668718.486384000164	2.41763581800043115	-3.04146388471413331	3.06559991829337175
298907088.845261514187	2472516.663856850471	141840.232293380715	-2668681.523482419085	2.41762109458274610	-3.04146264917280718	3.06559768472301286
298907088.861211478710	2472557.298339224420	141836.114742399572	-2668644.560093872249	2.41760648178873883	-3.04146133631243831	3.06559544310578991
298907088.877161502838	2472597.932453875430	141831.996995859517	-2668607.595989265945	2.41759186888478395	-3.04146002339787547	3.06559320150285020
298907088.893111526966	2472638.565958378837	141827.879169159132	-2668570.631261153612	2.41757725608976282	-3.04145871044477900	3.06559095994319364
298907088.909061491489	2472679.199729856104	141823.762288286613	-2668533.666029785294	2.41756264329409687	-3.04145739744652577	3.06558871841369251
298907088.925011515617	2472719.832131745294	141819.644195478526	-2668496.700108918361	2.41754803038793620	-3.04145608439889870	3.06558647690395425
298907088.940961480141	2472760.463826387189	141815.526002439816	-2668459.733712654095	2.41753330823135748	-3.04145484430408164	3.06558419587486686
298907088.956911504269	2472801.095093940850	141811.407684602280	-2668422.766569468658	2.41751837499765987	-3.04145374504181021	3.06558183851094412
298907088.972861528397	2472841.725827844813	141807.289189617208	-2668385.798852875829	2.41750344165097619	-3.04145264572663665	3.06557948116068157
298907088.988811492920	2472882.355838378426	141803.170625031722	-2668348.830647591967	2.41748850841498042	-3.04145154637102877	3.06557712385481018
298907089.004761517048	2472922.985416070558	141799.051923997002	-2668311.861698413268	2.41747357517852013	-3.04145044696272837	3.06557476657111883
298907089.020711481571	2472963.614301607478	141794.933110109938	-2668274.892287132330	2.41745864194049886	-3.04144934751137708	3.06557240932056541
298907089.036661505699	2473004.242769897450	141790.814149330341	-2668237.922148225363	2.41744373801105805	-3.04144829068381206	3.06556998803992897
298907089.052611529827	2473044.870691606775	141786.695071650669	-2668200.951400236692	2.41742896969405674	-3.04144743035623977	3.06556727184163647
298907089.068561494350	2473085.497881000396	141782.575883113634	-2668163.980188963003	2.41741420137542562	-3.04144656997842766	3.06556455566993913
298907089.084511518478	2473126.124662619084	141778.456568777765	-2668127.008221683558	2.41739943294497284	-3.04144570954231419	3.06556183950268357
298907089.100461483002	2473166.750742617995	141774.337109324726	-2668090.035817710683	2.41738466462363100	-3.04144484905920498	3.06555912337870273
298907089.116411507130	2473207.376377362292	141770.217564674327	-2668053.062634169124	2.41736989630148091	-3.04144398851862796	3.06555640727310497
298907089.132361531258	2473248.001492513344	141766.097848256788	-2668016.088890515734	2.41735512786641360	-3.04144312792939120	3.06555369118290644
298907089.148311495781	2473288.625864984468	141761.978047431505	-2667979.114650873467	2.41734015930553081	-3.04144212138851788	3.06555142927219260
298907089.164261519909	2473329.249845805112	141757.858094846830	-2667942.139681929257	2.41732514839336021	-3.04144108394745283	3.06554926344272172
298907089.180211484432	2473369.873092242517	141753.738062749791	-2667905.164236292709	2.41731013747972856	-3.04144004646355492	3.06554709764287825
298907089.196161508560	2473410.495949067175	141749.617865281820	-2667868.188067296520	2.41729512645235456	-3.04143900892985020	3.06554493185736154
298907089.212111532688	2473451.118225922342	141745.497557770694	-2667831.211287978571	2.41728011553689237	-3.04143797135064853	3.06554276610582477
298907089.228061497211	2473491.739803339355	141741.377130393405	-2667794.234043646138	2.41726510461969424	-3.04143693373102764	3.06554060038665721
298907089.244011521339	2473532.360976042692	141737.256561469636	-2667757.256065629423	2.41725038275942161	-3.04143583729244371	3.06553841540887007
298907089.259961485863	2473572.981429474894	141733.135878036352	-2667720.277618273161	2.41723582511308210	-3.04143470746049127	3.06553621953097410
298907089.275911509991	2473613.601470895112	141729.015068397974	-2667683.298440259881	2.41722126746551647	-3.04143357758663146	3.06553402368322514
298907089.291861534119	2473654.220944896340	141724.894131667272	-2667646.318639927078	2.41720670970838114	-3.04143244765837562	3.06553182784461775
298907089.307811498642	2473694.839698084164	141720.773107434303	-2667609.338370251469	2.41719215205891036	-3.04143131769588049	3.06552963205168805
298907089.323761522770	2473735.458040285390	141716.651938998431	-2667572.357369923033	2.41717759440876190	-3.04143018768665740	3.06552743628342972
298907089.339711487293	2473776.075700178742	141712.530624464300	-2667535.375923817512	2.41716294794002895	-3.04142910991086701	3.06552521445003689
298907089.355661511421	2473816.692924154922	141708.409200464986	-2667498.393714465201	2.41714807734331805	-3.04142816393209836	3.06552292680882754
298907089.371611535549	2473857.309566621203	141704.287682249735	-2667461.410891819280	2.41713320685683097	-3.04142721791057991	3.06552063920638451
298907089.387561500072	2473897.925542891957	141700.165998504410	-2667424.427639662288	2.41711833636878914	-3.04142627184484171	3.06551835163197195
298907089.403511524200	2473938.541075954214	141696.044209443935	-2667387.443624318112	2.41710346576796420	-3.04142532572859103	3.06551606406937616
298907089.419461488724	2473979.155896001961	141691.922319750360	-2667350.459139574785	2.41708859527736220	-3.04142437956959322	3.06551377654554980
298907089.435411512852	2474019.770305587910	141687.800265674246	-2667313.473921205848	2.41707372503799167	-3.04142341238167280	3.06551148594310519
298907089.451361536980	2474060.384155023843	141683.678107425279	-2667276.488099810202	2.41705885787552877	-3.04142217928525405	3.06550915612408925
298907089.467311501503	2474100.997290938627	141679.555846355477	-2667239.501806045417	2.41704399082375865	-3.04142094614761493	3.06550682634837335
298907089.483261525631	2474141.610024708323	141675.433403427392	-2667202.514792009257	2.41702912377175183	-3.04141971295790725	3.06550449659669022
298907089.499211490154	2474182.222051719669	141671.310873727169	-2667165.527308516204	2.41701425671841053	-3.04141847972577661	3.06550216687999333
298907089.515161514282	2474222.833642293233	141667.188243576005	-2667128.539061779622	2.41699938955280658	-3.04141724644037215	3.06549983717901631
298907089.531111478806	2474263.444516149815	141663.065481003054	-2667091.550365051255	2.41698452249789408	-3.04141601311375176	3.06549750752134242
298907089.547061502934	2474304.054997312836	141658.942580041185	-2667054.560925615020	2.41696976073444247	-3.04141494618317720	3.06549533050629019
298907089.563011527061	2474344.664926651400	141654.819541575533	-2667017.570880124811	2.41695503458306638	-3.04141393567315310	3.06549320528204250
298907089.578961491585	2474385.274131975137	141650.696386035648	-2666980.580387672409	2.41694030854037489	-3.04141292512853001	3.06549108010152427
298907089.594911515713	2474425.882929502986	141646.573115933046	-2666943.589142187033	2.41692558249676503	-3.04141191453771187	3.06548895494426077
298907089.610861480236	2474466.490994203836	141642.449732861220	-2666906.597430442460	2.41691085645168924	-3.04141090390552193	3.06548682981572895
298907089.626811504364	2474507.098660448100	141638.326210939791	-2666869.604981987737	2.41689613029499739	-3.04140989322518562	3.06548470470092971
298907089.642761528492	2474547.705773331225	141634.202567335247	-2666832.611924509052	2.41688140121999462	-3.04140896796190940	3.06548254379634644
298907089.658711493015	2474588.312155413441	141630.078808333783	-2666795.618409687188	2.41686666789326177	-3.04140816261757196	3.06548033262557462
298907089.674661517143	2474628.918128175661	141625.954939401039	-2666758.624135887716	2.41685193445428004	-3.04140735722774469	3.06547812146764631
298907089.690611481667	2474669.523400327191	141621.830918626540	-2666721.629428367130	2.41683720112428002	-3.04140655179567476	3.06547591034563505
298907089.706561505795	2474710.128242831212	141617.706779884204	-2666684.633951601572	2.41682246779360455	-3.04140574631129734	3.06547369923842483
298907089.722511529922	2474750.732535024174	141613.582514905371	-2666647.637891103979	2.41680773435013174	-3.04140494078625467	3.06547148814953596
298907089.738461494446	2474791.337029114366	141609.459266098624	-2666610.641302486416	2.41679295807033334	-3.04140409364883135	3.06546926192653180
298907089.754411518574	2474831.940208820626	141605.334757309494	-2666573.644029938150	2.41677797793488880	-3.04140304913578463	3.06546696371633942
298907089.770361483097	2474872.542649931740	141601.210135099565	-2666536.646297133528	2.41676299779803427	-3.04140200457802168	3.06546466553582686
298907089.786311507225	2474913.144698853139	141597.085376718722	-2666499.647824587766	2.41674801754771940	-3.04140095996851478	3.06546236736870403
298907089.802261531353	2474953.746173555963	141592.960508828139	-2666462.648735721596	2.41673303740913958	-3.04139991531167286	3.06546006923660652
298907089.818211495876	2474994.346937289461	141588.835520220979	-2666425.649193837773	2.41671805726887534	-3.04139887061253011	3.06545777113692974
298907089.834161520004	2475034.947290554177	141584.710367263586	-2666388.648918328807	2.41670308960084057	-3.04139783412171738	3.06545546771904931
298907089.850111484528	2475075.546929765493	141580.585131737287	-2666351.648173421156	2.41668870784701184	-3.04139718230076328	3.06545291642741979
298907089.866061508656	2475116.146153902635	141576.459774636547	-2666314.646672565024	2.41667432609173005	-3.04139653042850178	3.06545036515333624
298907089.882011532784	2475156.744828754105	141572.334273310174	-2666277.644587978721	2.41665994422659924	-3.04139587850807525	3.06544781388682486
298907089.897961497307	2475197.342793152202	141568.208642273035	-2666240.642050372437	2.41664556246759332	-3.04139522654043715	3.06544526265604622
298907089.913911521435	2475237.940304992720	141564.082930264936	-2666203.638733255677	2.41663118070713656	-3.04139457452149253	3.06544271144281488
298907089.929861485958	2475278.537135024555	141559.957074432750	-2666166.634973330423	2.41661679894467918	-3.04139392245606732	3.06544016025260824
298907089.945811510086	2475319.133545234799	141555.831089744985	-2666129.630466428585	2.41660195791899302	-3.04139316102359469	3.06543773606626102
298907089.961761534214	2475359.729405653663	141551.704958650138	-2666092.625372823793	2.41658686239565990	-3.04139233892651983	3.06543538233922819
298907089.977711498737	2475400.324536941014	141547.578746439976	-2666055.619793553837	2.41657176687053399	-3.04139151678353192	3.06543302863876299
298907089.993661522865	2475440.919271298684	141543.452384283009	-2666018.613493953831	2.41655667123015672	-3.04139069459408917	3.06543067495363042
298907090.009611487389	2475481.513271287549	141539.325920342206	-2665981.606711717322	2.41654157570199368	-3.04138987235445102	3.06542832130082887
298907090.025561511517	2475522.106881634332	141535.199302303896	-2665944.599209092557	2.41652648017231231	-3.04138905006648796	3.06542596767185982
298907090.041511535645	2475562.699916742742	141531.072581603221	-2665907.591087175533	2.41651159928597981	-3.04138808701403152	3.06542358482330268
298907090.057461500168	2475603.292232557666	141526.945757692389	-2665870.582498889416	2.41649695254352981	-3.04138697057247853	3.06542117015954929
298907090.073411524296	2475643.884159256238	141522.818759488699	-2665833.573187244590	2.41648230569060862	-3.04138585407557249	3.06541875550601572
298907090.089361488819	2475684.475350545254	141518.691688722116	-2665796.563395930920	2.41646765894632987	-3.04138473753844618	3.06541634089703185
298907090.105311512947	2475725.066142871976	141514.564465761388	-2665759.552861968987	2.41645301220168607	-3.04138362094870729	3.06541392630995890
298907090.121261537075	2475765.656357762869	141510.437126113626	-2665722.541740003042	2.41643836534574863	-3.04138250431085488	3.06541151174131921
298907090.137211501598	2475806.245873715263	141506.309657725738	-2665685.530153023545	2.41642368361173521	-3.04138139406253938	3.06540911891753520
298907090.153161525726	2475846.834954242222	141502.182082136860	-2665648.517805768177	2.41640875222420748	-3.04138032965992666	3.06540688097966552
298907090.169111490250	2475887.423345663585	141498.054366907803	-2665611.505015764851	2.41639382083501664	-3.04137926521606961	3.06540464307442395
298907090.185061514378	2475928.011323519517	141493.926536705432	-2665574.491478726268	2.41637888933275224	-3.04137820072137810	3.06540240518323204
298907090.201011478901	2475968.598590409849	141489.798574644723	-2665537.477485698182	2.41636395794132941	-3.04137713618538186	3.06540016733230525
298907090.216961503029	2476009.185443236493	141485.670484223636	-2665500.462739693932	2.41634902654933903	-3.04137607159848988	3.06539792950306378
298907090.232911527157	2476049.771707765292	141481.542306050193	-2665463.447383419145	2.41633409504345131	-3.04137500696800567	3.06539569169608583
298907090.248861491680	2476090.357276917435	141477.413980888523	-2665426.431574015412	2.41631937283191878	-3.04137360151151448	3.06539304298299609
298907090.264811515808	2476130.942447624169	141473.285499242833	-2665389.415035370272	2.41630466461989712	-3.04137217319851727	3.06539036680158494
298907090.280761480331	2476171.526896974072	141469.156945751602	-2665352.398016944993	2.41628995640741229	-3.04137074483609871	3.06538769065492733
298907090.296711504459	2476212.110907194205	141465.028253270255	-2665315.380257650744	2.41627524808472227	-3.04136931641194996	3.06538501452117096
298907090.312661528587	2476252.694400495384	141460.899405399017	-2665278.361909928266	2.41626053987213396	-3.04136788794345136	3.06538233843581587
298907090.328611493111	2476293.277146867942	141456.770472860400	-2665241.343091563787	2.41624583165908380	-3.04136645942553496	3.06537966238521786
298907090.344561517239	2476333.859506801236	141452.641404672933	-2665204.323527463246	2.41623099930399565	-3.04136534181921681	3.06537721137526642
298907090.360511481762	2476374.441135418136	141448.512218989199	-2665167.303503047675	2.41621608039766356	-3.04136444144504736	3.06537491762984615
298907090.376461505890	2476415.022326556034	141444.382950962550	-2665130.282715385314	2.41620116148968922	-3.04136354102642859	3.06537262391187415
298907090.392411530018	2476455.603000143077	141440.253464098525	-2665093.261364642531	2.41618624246902947	-3.04136264055258243	3.06537033019961935
298907090.408361494541	2476496.182922700420	141436.123937548691	-2665056.239523906261	2.41617132355831954	-3.04136174004023863	3.06536803653107448
298907090.424311518669	2476536.762477498036	141431.994215571205	-2665019.216967112850	2.41615640464678982	-3.04136083947620595	3.06536574288177244
298907090.440261483192	2476577.341281275731	141427.864442712918	-2664982.193917356431	2.41614168997649870	-3.04135977129370483	3.06536325710782087
298907090.456211507320	2476617.919667277485	141423.734520916245	-2664945.170136999339	2.41612730946654519	-3.04135842879442109	3.06536045686021419
298907090.472161531448	2476658.497537882999	141419.604439121496	-2664908.145774154924	2.41611292906448316	-3.04135708624709711	3.06535765665726023
298907090.488111495972	2476699.074651715346	141415.474294784421	-2664871.120921374299	2.41609854866192331	-3.04135574364971983	3.06535485648712092
298907090.504061520100	2476739.651353026275	141411.343999789999	-2664834.095329028089	2.41608416815129967	-3.04135440099303445	3.06535205632975094
298907090.520011484623	2476780.227357415017	141407.213584872137	-2664797.069283548277	2.41606978774829262	-3.04135305829072600	3.06534925621977239
298907090.535961508751	2476820.802958091255	141403.083010512084	-2664760.042504386976	2.41605540056490753	-3.04135173405839199	3.06534648591567693
298907090.551911532879	2476861.377975720447	141398.952346720529	-2664723.015105988830	2.41604087418687197	-3.04135078984261931	3.06534432653233058
298907090.567861497402	2476901.952299498022	141394.821536058764	-2664685.987273809966	2.41602634791651116	-3.04134984558703092	3.06534216718620067
298907090.583811521530	2476942.527121624909	141390.691742923547	-2664648.958613552619	2.41601182164544248	-3.04134890128293556	3.06534000785929628
298907090.599761486053	2476983.100310510490	141386.560705433338	-2664611.929556085262	2.41599729537256946	-3.04134795693998994	3.06533784856256020
298907090.615711510181	2477023.673079048283	141382.429548161104	-2664574.899751639459	2.41598276898951125	-3.04134701254950146	3.06533568927800104
298907090.631661534309	2477064.245298290625	141378.298246753722	-2664537.869363460224	2.41596824271440047	-3.04134606811678676	3.06533353002792719
298907090.647611498833	2477104.816787882708	141374.166862130776	-2664500.838486647699	2.41595326779412156	-3.04134497540939952	3.06533115981760851
298907090.663561522961	2477145.387867495883	141370.035315417452	-2664463.806879178155	2.41593811640868683	-3.04134382437564454	3.06532870668114343
298907090.679511487484	2477185.958248649258	141365.903664634068	-2664426.774815607816	2.41592296513537175	-3.04134267330212404	3.06532625359371869
298907090.695461511612	2477226.528202684131	141361.771889226016	-2664389.742005115841	2.41590781386139364	-3.04134152217618725	3.06532380053241438
298907090.711411535740	2477267.097590807825	141357.639986945520	-2664352.708591650706	2.41589266247260248	-3.04134037099725330	3.06532134748798546
298907090.727361500263	2477307.666275231633	141353.507959915762	-2664315.674725114834	2.41587751119647898	-3.04133921977372834	3.06531889448712880
298907090.743311524391	2477348.234530991875	141349.375830589008	-2664278.640098244883	2.41586248864530351	-3.04133820204019134	3.06531647130401863
