298907085.130908846855 0.000079750000
298907085.130908846855	2463038.602990978863	142795.744233090780	-2677272.940886159893	2.42105659387323735	-3.04172528528878772	3.06613400048584683
298907085.146858870983	2463079.368257517461	142791.655461668153	-2677236.118026635610	2.42104160322431161	-3.04172416016699421	3.06613159189469364
298907085.162808835506	2463120.132839260623	142787.566561563610	-2677199.294701986015	2.42102658266498993	-3.04172306195415754	3.06612927398559387
298907085.178758859634	2463160.897003310733	142783.477523149253	-2677162.470649708528	2.42101156210464596	-3.04172196369372072	3.06612695610425234
298907085.194708824158	2463201.660444053821	142779.388403420860	-2677125.646105767228	2.42099654154300525	-3.04172086538808584	3.06612463825341663
298907085.210658848286	2463242.423518178053	142775.299081045203	-2677088.820848738775	2.42098152086826612	-3.04171976702501734	3.06612232041115629
298907085.226608872414	2463283.185988457873	142771.209691845346	-2677051.994968145620	2.42096650030485527	-3.04171866862178497	3.06612000261309392
298907085.242558836937	2463323.947782264091	142767.120156457851	-2677015.168635779526	2.42095195245834960	-3.04171750463802182	3.06611777670673735
298907085.258508861065	2463364.709124590270	142763.030544009787	-2676978.341529840603	2.42093777520439524	-3.04171628921265880	3.06611562285214134
298907085.274458825588	2463405.469799790997	142758.940761091246	-2676941.513988452032	2.42092359805602531	-3.04171507375059580	3.06611346903785575
298907085.290408849716	2463446.230032351334	142754.850874636992	-2676904.685686845798	2.42090942090719086	-3.04171385824352392	3.06611131524866920
298907085.306358873844	2463486.989712648559	142750.760859218659	-2676867.856779184192	2.42089524365129538	-3.04171264268793529	3.06610916147486856
298907085.322308838367	2463527.748703417834	142746.670701260417	-2676831.027425803710	2.42088106650071122	-3.04171142709804920	3.06610700774412592
298907085.338258862495	2463568.507264081389	142742.580445095431	-2676794.197306150571	2.42086673624736326	-3.04171019666382669	3.06610482784384564
298907085.354208827019	2463609.265131013934	142738.490019037505	-2676757.366746775806	2.42085181497943580	-3.04170890905290126	3.06610254685216121
298907085.370158851147	2463650.022572563030	142734.399513173470	-2676720.535415129736	2.42083689359837084	-3.04170762139359674	3.06610026588293083
298907085.386108875275	2463690.779464909341	142730.308862553327	-2676683.703499753028	2.42082197232875718	-3.04170633369160637	3.06609798495474317
298907085.402058839798	2463731.535627677105	142726.218127985921	-2676646.871095741633	2.42080705105816341	-3.04170504594528524	3.06609570405967791
298907085.418008863926	2463772.291384791490	142722.127247114724	-2676610.037952104118	2.42079212967498014	-3.04170375814578442	3.06609342318157641
298907085.433958828449	2463813.046460172161	142718.036221800954	-2676573.204365661833	2.42077720840297372	-3.04170247030600116	3.06609114234726610
298907085.449908852577	2463853.801099699456	142713.945086669584	-2676536.370015971828	2.42076273549660126	-3.04170133008888532	3.06608885420620370
298907085.465858817101	2463894.555018976331	142709.853854460554	-2676499.535196943674	2.42074826372434870	-3.04170019020513394	3.06608656607940988
298907085.481808841228	2463935.308554476593	142705.762456990662	-2676462.699648558162	2.42073379184270987	-3.04169905027060583	3.06608427796649075
298907085.497758865356	2463976.061515323818	142701.670947348030	-2676425.863480881788	2.42071932006928048	-3.04169791029118564	3.06608198988888825
298907085.513708829880	2464016.813778826036	142697.579314902454	-2676389.026857102290	2.42070484829471466	-3.04169677026873542	3.06607970184137635
298907085.529658854008	2464057.565614272840	142693.487564090232	-2676352.189483430702	2.42069037641048945	-3.04169563019790878	3.06607741381048715
298907085.545608818531	2464098.316764904652	142689.395695802436	-2676315.351647603326	2.42067577106972376	-3.04169453980155291	3.06607519368436510
298907085.561558842659	2464139.068396325223	142685.304814564006	-2676278.513006186578	2.42066109979673261	-3.04169347389874956	3.06607300708203523
298907085.577508866787	2464179.818585339468	142681.212639245583	-2676241.673844089266	2.42064642841267030	-3.04169240794658968	3.06607082049364488
298907085.593458831310	2464220.568014545366	142677.120438796235	-2676204.834175675176	2.42063175713729040	-3.04169134195705793	3.06606863394736306
298907085.609408855438	2464261.317083919421	142673.028022800281	-2676167.993801583070	2.42061708586112756	-3.04169027592056018	3.06606644742498657
298907085.625358819962	2464302.065399763640	142668.935573184630	-2676131.152915177867	2.42060241458363334	-3.04168920984190061	3.06606426093200968
298907085.641308844090	2464342.813345779665	142664.842902496282	-2676094.311341034714	2.42058760828601383	-3.04168816892817606	3.06606190333094064
298907085.657258868217	2464383.560691159684	142660.750172343571	-2676057.469115009066	2.42057253717086507	-3.04168717748535977	3.06605920973258916
298907085.673208832741	2464424.307360551320	142656.657309412811	-2676020.626443148591	2.42055746605404920	-3.04168618599392726	3.06605651616598651
298907085.689158856869	2464465.053590375930	142652.564316030970	-2675983.783030421473	2.42054239482310996	-3.04168519444484131	3.06605382260914094
298907085.705108821392	2464505.799134375993	142648.471200818662	-2675946.939149595331	2.42052732370405410	-3.04168420284657159	3.06605112909505317
298907085.721058845520	2464546.544267471414	142644.377929890878	-2675910.094535144512	2.42051225258442670	-3.04168321119007956	3.06604843560173101
298907085.737008869648	2464587.288815008942	142640.284598006023	-2675873.249285076745	2.42049719531507757	-3.04168218280925240	3.06604579733099492
298907085.752958834171	2464628.032682350371	142636.191105981648	-2675836.403595175594	2.42048223233755033	-3.04168090705557415	3.06604353139047392
298907085.768908858299	2464668.776130489539	142632.097457982571	-2675799.557165761013	2.42046726935955192	-3.04167963125286089	3.06604126547749711
298907085.784858822823	2464709.518855802715	142628.003742098372	-2675762.710250626784	2.42045230638026165	-3.04167835540831843	3.06603899960030324
298907085.800808846951	2464750.261161369737	142623.909896986792	-2675725.862588513643	2.42043734328830640	-3.04167707950838206	3.06603673373735086
298907085.816758871078	2464791.002937571611	142619.815890603379	-2675689.014344024938	2.42042238030780110	-3.04167580356817391	3.06603446791799428
298907085.832708835602	2464831.743985198438	142615.721804711706	-2675652.165616843384	2.42040741732627751	-3.04167452758373580	3.06603220213167615
298907085.848658859730	2464872.484636507928	142611.627548270015	-2675615.316166359466	2.42039259096815718	-3.04167316967487311	3.06602984357430364
298907085.864608824253	2464913.224558752961	142607.533198976627	-2675578.466227241792	2.42037777352056471	-3.04167180645417279	3.06602747908809325
298907085.880558848381	2464953.964097687975	142603.438708968257	-2675541.615567679517	2.42036295607218710	-3.04167044318823310	3.06602511463590099
298907085.896508872509	2464994.703041123692	142599.344107858778	-2675504.764278557617	2.42034813851273967	-3.04166907986283475	3.06602275019544956
298907085.912458837032	2465035.441285160370	142595.249397554435	-2675467.912527392618	2.42033332106334020	-3.04166771650161261	3.06602038580580327
298907085.928408861160	2465076.179137075786	142591.154550704698	-2675431.060036486480	2.42031850361370271	-3.04166635309034872	3.06601802144468616
298907085.944358825684	2465116.916287440341	142587.059547113313	-2675394.207105918787	2.42030358749466945	-3.04166510542931245	3.06601570842074489
298907085.960308849812	2465157.652992091142	142582.964455845300	-2675357.353392810095	2.42028859529454277	-3.04166394686800201	3.06601343490982270
298907085.976258873940	2465198.389153780416	142578.869233712117	-2675320.499095913954	2.42027360320589002	-3.04166278826533754	3.06601116144087227
298907085.992208838463	2465239.124594725668	142574.773901235400	-2675283.644323733635	2.42025861111602447	-3.04166162961824105	3.06600888800328031
298907086.008158862591	2465279.859637783375	142570.678431744687	-2675246.788817816414	2.42024361891280826	-3.04166047091882819	3.06600661458094148
298907086.024108827114	2465320.593960096128	142566.582851913612	-2675209.932836615480	2.42022862682106510	-3.04165931217806440	3.06600434120057752
298907086.040058851242	2465361.327878789511	142562.487112282484	-2675173.076121731196	2.42021370532618363	-3.04165813157376119	3.06600201305473963
298907086.056008875370	2465402.061236370821	142558.391263630037	-2675136.218797880691	2.42019888948618833	-3.04165691824815765	3.06599960285213324
298907086.071958839893	2465442.793880989309	142554.295313880400	-2675099.361004629172	2.42018407375653499	-3.04165570488013248	3.06599719269298232
298907086.087908864021	2465483.526120455470	142550.199208919832	-2675062.502471756656	2.42016925802667915	-3.04165449145899069	3.06599478255741253
298907086.103858828545	2465524.257655278314	142546.102985353617	-2675025.643482837826	2.42015444229552390	-3.04165327799434326	3.06599237245640754
298907086.119808852673	2465564.988760484848	142542.006665848254	-2674988.783730617724	2.42013962645252345	-3.04165206447549341	3.06598996237009480
298907086.135758817196	2465605.719161060173	142537.910216581397	-2674951.923519382253	2.42012480282117837	-3.04165085154595749	3.06598755934642098
298907086.151708841324	2465646.449163748417	142533.813630316901	-2674915.062574405689	2.42010981767010724	-3.04164965148479283	3.06598529988343671
298907086.167658865452	2465687.178600626066	142529.716894312965	-2674878.201020519715	2.42009483240607315	-3.04164845136883288	3.06598304043366721
298907086.183608829975	2465727.907301621977	142525.620094130543	-2674841.338986966293	2.42007984725297387	-3.04164725121686974	3.06598078103186289
298907086.199558854103	2465768.635634941980	142521.523109318194	-2674804.476240325253	2.42006486209927152	-3.04164605101590402	3.06597852165653162
298907086.215508818626	2465809.363232912496	142517.426040202961	-2674767.613011043984	2.42004987694441720	-3.04164485077074254	3.06597626231316633
298907086.231458842754	2465850.090422132984	142513.328851810220	-2674730.749022791162	2.42003489167632502	-3.04164365047318919	3.06597400298576561
298907086.247408866882	2465890.817071493249	142509.231483313226	-2674693.884464158677	2.42002048782857893	-3.04164206944925164	3.06597160726895845
298907086.263358831406	2465931.542984985746	142505.134039491182	-2674657.019422887359	2.42000617759298731	-3.04164042707935023	3.06596918962163345
298907086.279308855534	2465972.268499576952	142501.036454298621	-2674620.153641937766	2.41999186725022053	-3.04163878465357618	3.06596677199401357
298907086.295258820057	2466012.993306456599	142496.938766320905	-2674583.287382619455	2.41997755701491046	-3.04163714219012471	3.06596435441497928
298907086.311208844185	2466053.717688336968	142492.840939717542	-2674546.420382321347	2.41996324678056407	-3.04163549967268887	3.06596193686185536
298907086.327158868313	2466094.441502332687	142488.742999279581	-2674509.552773112431	2.41994893643822051	-3.04163385710659195	3.06595951933667665
298907086.343108832836	2466135.164625739213	142484.644941002683	-2674472.684707745910	2.41993429447624386	-3.04163245211770450	3.06595718064368317
298907086.359058856964	2466175.887346553151	142480.546709564340	-2674435.815922104754	2.41991933365288148	-3.04163127547874801	3.06595491770604145
298907086.375008821487	2466216.609344547149	142476.448399166897	-2674398.946647770703	2.41990437282833426	-3.04163009879561885	3.06595265479996959
298907086.390958845615	2466257.330906653777	142472.349990193848	-2674362.076613164041	2.41988941189069884	-3.04162892206029944	3.06595039190944041
298907086.406908869743	2466298.052877458744	142468.252502284478	-2674325.205950697418	2.41987445106487931	-3.04162774527921442	3.06594812905553171
298907086.422858834267	2466338.773190462496	142464.153815044934	-2674288.334861404728	2.41985949023760183	-3.04162656845636237	3.06594586623593912
298907086.438808858395	2466379.493106610142	142460.054972890241	-2674251.463038370013	2.41984467833979622	-3.04162525317758936	3.06594358014867696
298907086.454758822918	2466420.212301976979	142455.956042779464	-2674214.590745995287	2.41983021217861571	-3.04162361691873917	3.06594124013210401
298907086.470708847046	2466460.931092174724	142451.856968659500	-2674177.717716965359	2.41981574601773053	-3.04162198061132871	3.06593890014722747
298907086.486658871174	2466501.649312442169	142447.757789729163	-2674140.844059676863	2.41980127974811232	-3.04162034425111516	3.06593656018567806
298907086.502608835697	2466542.366829586681	142443.658487660054	-2674103.969952283427	2.41978681358699754	-3.04161870785379662	3.06593422027243001
298907086.518558859825	2466583.083920188714	142439.559062743007	-2674067.095100936946	2.41977234742617764	-3.04161707140792004	3.06593188039088238
298907086.534508824348	2466623.800296303350	142435.459530217951	-2674030.219771281350	2.41975788126510549	-3.04161543491829267	3.06592954054652278
298907086.550458848476	2466664.516274536494	142431.359849567787	-2673993.343704915140	2.41974313341227942	-3.04161425116158490	3.06592729366305772
298907086.566408872604	2466705.231702521443	142427.260031084646	-2673956.467051848304	2.41972837739366309	-3.04161308067200231	3.06592504955270151
298907086.582358837128	2466745.946417056024	142423.160087053257	-2673919.589920470025	2.41971362137442991	-3.04161191013435550	3.06592280546794393
298907086.598308861256	2466786.660703490954	142419.060047100851	-2673882.712045141496	2.41969886524283684	-3.04161073955269146	3.06592056140662006
298907086.614258825779	2466827.374306635000	142414.959874062333	-2673845.833710627165	2.41968410922154975	-3.04160956892612955	3.06591831738129406
298907086.630208849907	2466868.087468167301	142410.859573073598	-2673808.954626331571	2.41966935319937182	-3.04160839825390905	3.06591607338431338
298907086.646158874035	2466908.800083660055	142406.759157090622	-2673772.074935928918	2.41965453524026985	-3.04160723305557701	3.06591363614952339
298907086.662108838558	2466949.511994514149	142402.658611420513	-2673735.194786507171	2.41963968247007699	-3.04160607093264579	3.06591108979884108
298907086.678058862686	2466990.223486111499	142398.557938792248	-2673698.313893080223	2.41962482969963544	-3.04160490875445610	3.06590854347106534
298907086.694008827209	2467030.934272047132	142394.457143266656	-2673661.432537663262	2.41960997692784829	-3.04160374653062604	3.06590599717717405
298907086.709958851337	2467071.644643461332	142390.356228040211	-2673624.550429271534	2.41959512404389443	-3.04160258425084029	3.06590345089627636
298907086.725908875465	2467112.354466169141	142386.255159243534	-2673587.667737146839	2.41958027127106190	-3.04160142192130500	3.06590090465369070
298907086.741858839989	2467153.063558761496	142382.154015659355	-2673550.784556389321	2.41956545013847979	-3.04160027101432862	3.06589847154396899
298907086.757808864117	2467193.772262306418	142378.052697489242	-2673513.900652273092	2.41955067052610984	-3.04159913514114688	3.06589618725332169
298907086.773758828640	2467234.480229977518	142373.951304069808	-2673477.016265519429	2.41953589102335309	-3.04159799922935425	3.06589390300674447
298907086.789708852768	2467275.187798737548	142369.849769329681	-2673440.131139085628	2.41952111151993421	-3.04159686326883261	3.06589161878530581
298907086.805658817291	2467315.894647751469	142365.748128740495	-2673403.245543309022	2.41950633201530518	-3.04159572726439231	3.06588933459449509
298907086.821608841419	2467356.601107715163	142361.646313570178	-2673366.359224176966	2.41949155239919023	-3.04159459120591347	3.06588705041538212
298907086.837558865547	2467397.306991958059	142357.544415497832	-2673329.472288719378	2.41947688506806857	-3.04159355004077891	3.06588469301304167
298907086.853508830070	2467438.012163751759	142353.442396288534	-2673292.584880897310	2.41946256519310765	-3.04159280287171718	3.06588210869036937
298907086.869458854198	2467478.716939207632	142349.340206626279	-2673255.696749772877	2.41944824520924451	-3.04159205565106250	3.06587952437351996
298907086.885408818722	2467519.420969949104	142345.237968210771	-2673218.808122658171	2.41943392533098134	-3.04159130838602731	3.06587694009661016
298907086.901358842850	2467560.124633009546	142341.135534063360	-2673181.918779484928	2.41941960545175316	-3.04159056106699355	3.06587435583572221
298907086.917308866978	2467600.827730209101	142337.032983756886	-2673145.028836312238	2.41940528546307521	-3.04158981370117587	3.06587177158614743
298907086.933258831501	2467641.530086286366	142332.930348774185	-2673108.138416501693	2.41939096558027256	-3.04158906628857517	3.06586918737376957
298907086.949208855629	2467682.232039870694	142328.827597250434	-2673071.247234687209	2.41937610131527414	-3.04158801348892815	3.06586687085136189
298907086.965158820152	2467722.933277297299	142324.724703968066	-2673034.355602883734	2.41936114956422443	-3.04158691157333561	3.06586459737245454
298907086.981108844280	2467763.634114775341	142320.621687342064	-2672997.463231399190	2.41934619769948567	-3.04158580961079972	3.06586232391337932
298907086.997058868408	2467804.334416102618	142316.518500162376	-2672960.570264184847	2.41933124594692295	-3.04158470759700128	3.06586005048440446
298907087.013008832932	2467845.033984611277	142312.415221982053	-2672923.676836656407	2.41931629419251015	-3.04158360554371932	3.06585777709136886
298907087.028958857059	2467885.733136542607	142308.311844299635	-2672886.782639769837	2.41930134232523031	-3.04158250343628023	3.06585550370993909
298907087.044908821583	2467926.431570775807	142304.208340634417	-2672849.887989924289	2.41928649872158452	-3.04158153399453690	3.06585345007317356
298907087.060858845711	2467967.129621201195	142300.104671860696	-2672812.992610721383	2.41927170172191053	-3.04158062169301724	3.06585149113185462
298907087.076808869839	2468007.827088095713	142296.000928737165	-2672776.096601844765	2.41925690460964304	-3.04157970934870603	3.06584953220691636
298907087.092758834362	2468048.523837810382	142291.897050662112	-2672739.200140007772	2.41924210760696390	-3.04157879696647448	3.06584757331764246
298907087.108708858490	2468089.220194876660	142287.793033962778	-2672702.302935461048	2.41922731060319185	-3.04157788454028033	3.06584561445027814
298907087.124658823013	2468129.915832695086	142283.688913646300	-2672665.405264544301	2.41921251359778022	-3.04157697207493349	3.06584365561030925
298907087.140608847141	2468170.611081472598	142279.584607610799	-2672628.506867297459	2.41919760905948777	-3.04157597169495775	3.06584158131953721
298907087.156558871269	2468211.305745176971	142275.480243001308	-2672591.607837407850	2.41918250321332984	-3.04157480652697565	3.06583929058141091
298907087.172508835793	2468251.999714599457	142271.375717696617	-2672554.708367795683	2.41916739736622066	-3.04157364131155683	3.06583699987222769
298907087.188458859921	2468292.693240317982	142267.271107003355	-2672517.808137965854	2.41915229140435262	-3.04157247604798497	3.06583470918398060
298907087.204408824444	2468333.386097335257	142263.166337285831	-2672480.907456303481	2.41913718555534452	-3.04157131073769449	3.06583241853268484
298907087.220358848572	2468374.078498633113	142259.061467881576	-2672444.006020479370	2.41912207970538740	-3.04157014537996861	3.06583012791033349
298907087.236308872700	2468414.771298814099	142254.957552842156	-2672407.103940473404	2.41910709710004079	-3.04156894059136773	3.06582781641909152
298907087.252258837223	2468455.462449417915	142250.852438905888	-2672370.201439523138	2.41909273802234459	-3.04156753674641278	3.06582539941517540
298907087.268208861351	2468496.153180262074	142246.747184703505	-2672333.298188623507	2.41907837894515509	-3.04156613284732513	3.06582298243391982
298907087.284158825874	2468536.843195572030	142242.641840959783	-2672296.394459411968	2.41906401986682784	-3.04156472890854079	3.06582056549178228
298907087.300108850002	2468577.532837926876	142238.536314411263	-2672259.490026081912	2.41904966068050342	-3.04156332491553139	3.06581814856610047
298907087.316058874130	2468618.221899320371	142234.430684400664	-2672222.584979455918	2.41903530160181823	-3.04156192088051380	3.06581573168300325
298907087.332008838654	2468658.910225347616	142230.324970240879	-2672185.679450194817	2.41902094252254418	-3.04156051680098960	3.06581331483354091
298907087.347958862782	2468699.598152467050	142226.219103645475	-2672148.773178281728	2.41900614941379999	-3.04155938190849673	3.06581106574202211
298907087.363908827305	2468740.285391542595	142222.113101383671	-2672111.866469559725	2.41899125538560344	-3.04155830966544860	3.06580885574948514
298907087.379858851433	2468780.972214572597	142218.006972917472	-2672074.958998950198	2.41897636135659067	-3.04155723737442507	3.06580664578137574
298907087.395808875561	2468821.658458685968	142213.900727418135	-2672038.050920985639	2.41896146721508121	-3.04155616503059534	3.06580443582480644
298907087.411758840084	2468862.343981502112	142209.794391924777	-2672001.142370711081	2.41894657318361350	-3.04155509265084190	3.06580222591378337
298907087.427708864212	2468903.029137121048	142205.687874110037	-2671964.233110317495	2.41893167915132867	-3.04155402022311572	3.06580001602719188
298907087.443658828735	2468943.713540752884	142201.581289407855	-2671927.323348050006	2.41891718992938998	-3.04155290067426431	3.06579768034507438
298907087.459608852863	2468984.397540208418	142197.474565174605	-2671890.412855068687	2.41890296747739963	-3.04155175003692246	3.06579526172349848
298907087.475558817387	2469025.080841275398	142193.367714026856	-2671853.501900044736	2.41888874513131302	-3.04155059935850680	3.06579284314340983
298907087.491508841515	2469065.763722061180	142189.260731612187	-2671816.590195072349	2.41887452278502035	-3.04154944862878773	3.06579042458487461
298907087.507458865643	2469106.446046824101	142185.153611015732	-2671779.677909394260	2.41886030033076427	-3.04154829785197389	3.06578800604441559
298907087.523408830166	2469147.127647740301	142181.046407237765	-2671742.765129084233	2.41884607798241369	-3.04154714703408802	3.06578558754544517
298907087.539358854294	2469187.808854855131	142176.939021680242	-2671705.851634384133	2.41883174782159616	-3.04154599291707983	3.06578318658098281
298907087.555308818817	2469228.489346936345	142172.831548811024	-2671668.937664345372	2.41881706426724463	-3.04154482812173077	3.06578084319056110
298907087.571258842945	2469269.169424485415	142168.723956330738	-2671632.022941328585	2.41880238071231712	-3.04154366327709003	3.06577849982552531
298907087.587208867073	2469309.848936678842	142164.616238791263	-2671595.107618315611	2.41878769704616037	-3.04154249838244706	3.06577615647747237
298907087.603158831596	2469350.527760329191	142160.508372255194	-2671558.191852552351	2.41877301348926066	-3.04154133344644295	3.06577381317143605
298907087.619108855724	2469391.206132481340	142156.400417725992	-2671521.275310245343	2.41875832993205764	-3.04154016845874198	3.06577146988804738
298907087.635058820248	2469431.883821836673	142152.292325847142	-2671484.358322164509	2.41874364637345840	-3.04153900342897066	3.06576912663827317
298907087.651008844376	2469472.561090898700	142148.184113892727	-2671447.440587103367	2.41872856171911321	-3.04153768675839409	3.06576641197144140
298907087.666958868504	2469513.237793088425	142144.075770318072	-2671410.522243133280	2.41871344158592994	-3.04153635658285948	3.06576366438122960
298907087.682908833027	2469553.913799435366	142139.967288461543	-2671373.603446030989	2.41869832145260144	-3.04153502635053030	3.06576091681969487
298907087.698858857155	2469594.589383934159	142135.858713485271	-2671336.683901950717	2.41868320120466329	-3.04153369606427537	3.06575816928089706
298907087.714808821678	2469635.264271075837	142131.749993657635	-2671299.763895826414	2.41866808107022324	-3.04153236572557883	3.06575542178494453
298907087.730758845806	2469675.938724871259	142127.641157426289	-2671262.843148777261	2.41865296093536397	-3.04153103533249736	3.06575267432041487
298907087.746708869934	2469716.612646705471	142123.532178128691	-2671225.921800003387	2.41863794140734223	-3.04152998502979921	3.06575027991430860
298907087.762658834457	2469757.285812317394	142119.423126918031	-2671188.999961291905	2.41862296008686073	-3.04152904064295537	3.06574801907732120
298907087.778608858585	2469797.958609699737	142115.313900210371	-2671152.077409494203	2.41860797876508160	-3.04152809620951814	3.06574575826577034
298907087.794558823109	2469838.630671207327	142111.204587229848	-2671115.154372087680	2.41859299744172906	-3.04152715173189669	3.06574349748240005
298907087.810508847237	2469879.302321757656	142107.095129897731	-2671078.230604026467	2.41857801600474653	-3.04152620720380673	3.06574123671119780
298907087.826458871365	2469919.973426768091	142102.985548726341	-2671041.306229854934	2.41856303467934497	-3.04152526262818812	3.06573897597322320
298907087.842408835888	2469960.643820337951	142098.875844353199	-2671004.381399694365	2.41854820500961321	-3.04152432915529181	3.06573681818660715
298907087.858358860016	2470001.313786341809	142094.766001706594	-2670967.455816671252	2.41853350446079940	-3.04152340512908648	3.06573474811202162
298907087.874308824539	2470041.983046113513	142090.656074238505	-2670930.529767162632	2.41851880402062491	-3.04152248106609591	3.06573267807669181
298907087.890258848667	2470082.651899678633	142086.545998515940	-2670893.602975061163	2.41850410357940593	-3.04152155695778292	3.06573060806328801
298907087.906208872795	2470123.320188893937	142082.435802157997	-2670856.675588899292	2.41848940302636084	-3.04152063280524132	3.06572853806545220
298907087.922158837318	2470163.987757849973	142078.325486735819	-2670819.747727457434	2.41847470258250485	-3.04151970861110099	3.06572646810138894
298907087.938108861446	2470204.654921596404	142074.215038622468	-2670782.819132332690	2.41845992075969596	-3.04151875666243088	3.06572438858155705
298907087.954058825970	2470245.321371845435	142070.104487481090	-2670745.890064837877	2.41844472785872311	-3.04151766468751195	3.06572226069578635
298907087.970008850098	2470285.987423678860	142065.993786148727	-2670708.960257664323	2.41842953484296563	-3.04151657265998310	3.06572013282302080
298907087.985958874226	2470326.652903379872	142061.882954956207	-2670672.029850547202	2.41841434194024796	-3.04151548058979992	3.06571800498781810
298907088.001908838749	2470367.317675834987	142057.772034577967	-2670635.098971005995	2.41839914903583697	-3.04151438847920774	3.06571587718612326
298907088.017858862877	2470407.982037330512	142053.660969871329	-2670598.167360808235	2.41838395601636558	-3.04151329631841483	3.06571374940017849
298907088.033808827400	2470448.645678553265	142049.549797292915	-2670561.235278299544	2.41836876377603893	-3.04151220419852208	3.06571162146025955
298907088.049758851528	2470489.308905741666	142045.438507341023	-2670524.302445783745	2.41835447147467208	-3.04151122161614218	3.06570923117133276
298907088.065708875656	2470529.971583185717	142041.327059581585	-2670487.369023593608	2.41834017906503496	-3.04151023898329553	3.06570684089297263
298907088.081658840179	2470570.634476501960	142037.216610849340	-2670450.435080640949	2.41832588676121851	-3.04150925631070823	3.06570445065639863
298907088.097608864307	2470611.296044589020	142033.104891934723	-2670413.500465753023	2.41831159445686072	-3.04150827358699960	3.06570206043915094
298907088.113558828831	2470651.956861677580	142028.993121787382	-2670376.565357903950	2.41829730215086780	-3.04150729082179971	3.06569967025219281
298907088.129508852959	2470692.617295454722	142024.881177646428	-2670339.629520697054	2.41828300973687726	-3.04150630800372657	3.06569728007306486
298907088.145458817482	2470733.276992832776	142020.769156266848	-2670302.693197884597	2.41826831490408978	-3.04150518781439594	3.06569490617907814
298907088.161408841610	2470773.936307894997	142016.656976457161	-2670265.756154626142	2.41825340477090966	-3.04150399412001127	3.06569254099875721
298907088.177358865738	2470814.595066426788	142012.544645176822	-2670228.818524724338	2.41823849452481898	-3.04150280037437248	3.06569017583612036
298907088.193308830261	2470855.253092771862	142008.432259481429	-2670191.880389806814	2.41822358438969065	-3.04150160658654700	3.06568781071653218
298907088.209258854389	2470895.910695634782	142004.319712975062	-2670154.941527317744	2.41820867425427188	-3.04150041274598237	3.06568544562046119
298907088.225208818913	2470936.567600591108	142000.207053027232	-2670118.002208724618	2.41819376411746800	-3.04149921886231045	3.06568308055886973
298907088.241158843040	2470977.224113393575	141996.094245574786	-2670081.062147424556	2.41817903137948420	-3.04149818782271186	3.06568097485493629
298907088.257108867168	2471017.880031161010	141991.981334058451	-2670044.121472944506	2.41816450370499325	-3.04149734483095102	3.06567916862796652
298907088.273058831692	2471058.535258826334	141987.868295982480	-2670007.180342304520	2.41814997602906656	-3.04149650180061792	3.06567736242421596
298907088.289008855820	2471099.190064645838	141983.755153679580	-2669970.238461715635	2.41813544824221482	-3.04149565873341343	3.06567555623929033
298907088.304958820343	2471139.844145461451	141979.641885095829	-2669933.296114813536	2.41812092056341665	-3.04149481562593582	3.06567375008197862
298907088.320908844471	2471180.497857535724	141975.528438885260	-2669896.353051849641	2.41810639288318185	-3.04149397247988773	3.06567194394788833
298907088.336858868599	2471221.150970454328	141971.414940105198	-2669859.409345917869	2.41809181447246768	-3.04149310882455381	3.06567008254543927
298907088.352808833122	2471261.803388562985	141967.301278591098	-2669822.465197290760	2.41807683745415192	-3.04149208389118497	3.06566778571808340
298907088.368758857250	2471302.455395704601	141963.187472780875	-2669785.520318010822	2.41806186043494975	-3.04149105890829530	3.06566548891461688
298907088.384708821774	2471343.106695092749	141959.073575654213	-2669748.574963331688	2.41804688341403784	-3.04149003388311101	3.06566319214326333
298907088.400658845901	2471383.757567904424	141954.959555862384	-2669711.628864703700	2.41803190627966647	-3.04148900880633910	3.06566089538499975
298907088.416608870029	2471424.407896715682	141950.845389955241	-2669674.682173373178	2.41801692925670686	-3.04148798368452367	3.06565859866417112
298907088.432558834553	2471465.057474538684	141946.731161680655	-2669637.734986112453	2.41800195223231373	-3.04148695851800666	3.06565630197271544
298907088.448508858681	2471505.706688227132	141942.616713048425	-2669600.787105111871	2.41798734270480775	-3.04148613768439047	3.06565387439366743
298907088.464458823204	2471546.355146834627	141938.502235809661	-2669563.838705856353	2.41797277502135177	-3.04148534001307391	3.06565143199334855
298907088.480408847332	2471587.003232457675	141934.387575877743	-2669526.889602480922	2.41795820733670341	-3.04148454229139675	3.06564898961291599
298907088.496358871460	2471627.650752722286	141930.272779816267	-2669489.939896136057	2.41794363954134806	-3.04148374451899217	3.06564654724048191
298907088.512308835983	2471668.297537604347	141926.157899769343	-2669452.989707154687	2.41792907185376782	-3.04148294670141350	3.06564410490530559
298907088.528258860111	2471708.943923535757	141922.042889758362	-2669416.038781459909	2.41791450416472031	-3.04148214883588563	3.06564166259275916
298907088.544208824635	2471749.589598022401	141917.927745465946	-2669379.087396809831	2.41789986531140411	-3.04148121800513760	3.06563938297546112
298907088.560158848763	2471790.234853208065	141913.812485568546	-2669342.135271122213	2.41788517193348218	-3.04148018549012633	3.06563722775388792
298907088.576108872890	2471830.879555060994	141909.697092680959	-2669305.182533437852	2.41787047866514726	-3.04147915293068971	3.06563507256556145
298907088.592058837414	2471871.523537126835	141905.581605372630	-2669268.229329384398	2.41785578539512613	-3.04147812033193166	3.06563291740895583
298907088.608008861542	2471912.167107212823	141901.465969414392	-2669231.275388732553	2.41784109201378650	-3.04147708768450498	3.06563076226611031
298907088.623958826065	2471952.809979396872	141897.350208887714	-2669194.320989009924	2.41782639874148675	-3.04147605499747176	3.06562860716199159
298907088.639908850193	2471993.452432290651	141893.234321582451	-2669157.365845277440	2.41781172164753144	-3.04147506714153382	3.06562642907880578
298907088.655858874321	2472034.094309458975	141889.118329254416	-2669120.410079283174	2.41779709623127737	-3.04147422290152836	3.06562417738691462
298907088.671808838844	2472074.735461077653	141885.002242050192	-2669083.453852916136	2.41778247092301202	-3.04147337862170852	3.06562192573436132
298907088.687758862972	2472115.376228857785	141880.885989895207	-2669046.496897191275	2.41776784561360980	-3.04147253429413444	3.06561967410246394
298907088.703708827496	2472156.016307567712	141876.769586699549	-2669009.539495748933	2.41775322030252671	-3.04147168992362271	3.06561742249669944
298907088.719658851624	2472196.655936276540	141872.653102185257	-2668972.581326676067	2.41773859488063625	-3.04147084550223301	3.06561517089838720
298907088.735608875751	2472237.295019956771	141868.536478390743	-2668935.622561933007	2.41772395756679304	-3.04146999482920011	3.06561292055156898
298907088.751558840275	2472277.933383861091	141864.419749018009	-2668898.663327846676	2.41770895455108814	-3.04146895488403990	3.06561070725593243
298907088.767508864403	2472318.571336790919	141860.302875389141	-2668861.703363107052	2.41769395142172216	-3.04146791488835744	3.06560849397428425
298907088.783458828926	2472359.208576208446	141856.185898844618	-2668824.742925998755	2.41767894840368314	-3.04146687485132583	3.06560628073246200
298907088.799408853054	2472399.845417198259	141852.068772186612	-2668787.781749207992	2.41766394538502372	-3.04146583476354104	3.06560406751207060
298907088.815358817577	2472440.481509762816	141847.951554073225	-2668750.820092865266	2.41764894236492367	-3.04146479463223152	3.06560185432132704
298907088.831308841705	2472481.117234585807	141843.834162769548	-2668713.857726401184	2.41763393923088721	-3.04146375445281203	3.06559964114731720
298907088.847258865833	2472521.752391471062	141839.716664512933	-2668676.894740591757	2.41761926467996835	-3.04146248476913250	3.06559740401038239
298907088.863208830357	2472562.386816035025	141835.599066557043	-2668639.931294464041	2.41760465188588070	-3.04146117190310861	3.06559516239693597
298907088.879158854485	2472603.020831804257	141831.481349586044	-2668602.967089362908	2.41759003898157232	-3.04145985898529991	3.06559292080051060
298907088.895108819008	2472643.654143907595	141827.363507617963	-2668566.002431186382	2.41757542618619548	-3.04145854602895893	3.06559067924737016
298907088.911058843136	2472684.287980244495	141823.246612683521	-2668529.036984989420	2.41756081339045004	-3.04145723302505022	3.06558843772164380
298907088.927008867264	2472724.920300396625	141819.128512016730	-2668492.070979893673	2.41754620048448210	-3.04145591996935849	3.06558619621294337
298907088.942958831787	2472765.551927888766	141815.010296294524	-2668455.104509725235	2.41753143820088390	-3.04145470665132089	3.06558390067094910
298907088.958908855915	2472806.183138652239	141810.891924678348	-2668418.137311929837	2.41751650496733284	-3.04145360738064419	3.06558154330775023
298907088.974858820438	2472846.813641653396	141806.773461832112	-2668381.169638737570	2.41750157173222169	-3.04145250806691481	3.06557918597768575
298907088.990808844566	2472887.443718080409	141802.654865195800	-2668344.201218623202	2.41748663838439981	-3.04145140869787323	3.06557682865854408
298907089.006758868694	2472928.073249969166	141798.536142692668	-2668307.232208778150	2.41747170514726450	-3.04145030928839821	3.06557447138379446
298907089.022708833218	2472968.702069374267	141794.417299315915	-2668270.262726566754	2.41745677190939201	-3.04144920982864164	3.06557211413396447
298907089.038658857346	2473009.330445565283	141790.298361775524	-2668233.292484136764	2.41744188863247622	-3.04144818295216979	3.06556964790079478
298907089.054608821869	2473049.958134199958	141786.179279819626	-2668196.321804897860	2.41742712031503082	-3.04144732262041462	3.06556693170822836
298907089.070558845997	2473090.585417121649	141782.060040729441	-2668159.350383065175	2.41741235199677806	-3.04144646223118897	3.06556421553404101
298907089.086508870125	2473131.212141433731	141777.940681612323	-2668122.378361174837	2.41739758356615519	-3.04144560178848256	3.06556149936977329
298907089.102458834648	2473171.838157979771	141773.821231281327	-2668085.405863890890	2.41738281524464327	-3.04144474129878084	3.06555878324878073
298907089.118408858776	2473212.463719295803	141769.701672479627	-2668048.432612442411	2.41736804692204954	-3.04144388075402139	3.06555606714890994
298907089.134358823299	2473253.088614430279	141765.581936921313	-2668011.458928514738	2.41735327859810045	-3.04144302015661472	3.06555335107289917
298907089.150308847427	2473293.713062760886	141761.462143164419	-2667974.484465016052	2.41733827954742164	-3.04144199147965111	3.06555115805616563
298907089.166258871555	2473334.336956081446	141757.342182252149	-2667937.509417842142	2.41732326863537628	-3.04144095403050985	3.06554899222732269
298907089.182208836079	2473374.960166580509	141753.222084215406	-2667900.533924893476	2.41730825772159585	-3.04143991654094714	3.06554682643084631
298907089.198158860207	2473415.582932327874	141749.101903181087	-2667863.557655345183	2.41729324669434664	-3.04143887899916576	3.06554466064595887
298907089.214108824730	2473456.205018832348	141744.981560267886	-2667826.580962342676	2.41727823577818812	-3.04143784141912032	3.06554249490326614
298907089.230058848858	2473496.826668410562	141740.861103495932	-2667789.603500152007	2.41726322486138834	-3.04143680378901315	3.06554032918199049
298907089.246008872986	2473537.447736470494	141736.740563681902	-2667752.625427639578	2.41724855976227992	-3.04143569581136664	3.06553814042722861
298907089.261958837509	2473578.068123257253	141732.619859762955	-2667715.646909347735	2.41723400211582096	-3.04143456597386486	3.06553594455276546
298907089.277908861637	2473618.688089204021	141728.499044926808	-2667678.667644079775	2.41721944446840986	-3.04143343609204386	3.06553374870570972
298907089.293858826160	2473659.307334861252	141724.378122395603	-2667641.687906498555	2.41720488681977352	-3.04143230616831639	3.06553155288880141
298907089.309808850288	2473699.926175814122	141720.257047137013	-2667604.707432261668	2.41719032906129172	-3.04143117619260472	3.06552935708377605
298907089.325758874416	2473740.544457130134	141716.135858684313	-2667567.726355001796	2.41717577141102424	-3.04143004617783186	3.06552716131895009
298907089.341708838940	2473781.162035287824	141712.014536295552	-2667530.744824665599	2.41716108576759137	-3.04142899145120715	3.06552492797630105
298907089.357658863068	2473821.779192099348	141707.893100808404	-2667493.762544381432	2.41714621517044659	-3.04142804546900969	3.06552264034099586
298907089.373608827591	2473862.395645247772	141703.771529198770	-2667456.779808050487	2.41713134468379875	-3.04142709944165190	3.06552035274172097
298907089.389558851719	2473903.011661433149	141699.649877315329	-2667419.796311447397	2.41711647419559750	-3.04142615337007438	3.06551806517047476
298907089.405508875847	2473943.627128363587	141695.528058770142	-2667382.812225169968	2.41710160359488579	-3.04142520724557297	3.06551577760830840
298907089.421458840370	2473984.241897369735	141691.406126959686	-2667345.827682787552	2.41708673310412303	-3.04142426108073582	3.06551349008764928
298907089.437408864498	2474024.856223681942	141687.284080838261	-2667308.842377219815	2.41707186329534185	-3.04142325796980417	3.06551119418981033
298907089.453358829021	2474065.469867172185	141683.161897637765	-2667271.856625872664	2.41705699624425874	-3.04142202487349600	3.06550886438828174
298907089.469308853149	2474106.083075233269	141679.039618359646	-2667234.870117222425	2.41704212908091298	-3.04142079172391355	3.06550653460246902
298907089.485258817673	2474146.695595234632	141674.917181343277	-2667197.883165822364	2.41702726202853269	-3.04141955853070112	3.06550420485721986
298907089.501208841801	2474187.307677776553	141670.794650684693	-2667160.895448207855	2.41701239497536768	-3.04141832529024203	3.06550187514147998
298907089.517158865929	2474227.919210535474	141666.671973567427	-2667123.907143890392	2.41699752780966515	-3.04141709199892141	3.06549954544419823
298907089.533108830452	2474268.530030278955	141662.549195831845	-2667086.918370173778	2.41698266075465407	-3.04141585866638486	3.06549721579022050
298907089.549058854580	2474309.140439043287	141658.426262724330	-2667049.928862831555	2.41696791665015542	-3.04141481964272664	3.06549506437154662
298907089.565008819103	2474349.750133265276	141654.303233623301	-2667012.938880150206	2.41695319060850622	-3.04141380913640536	3.06549293916829191
298907089.580958843231	2474390.359424289316	141650.180058384663	-2666975.948169727344	2.41693846445551497	-3.04141279857952496	3.06549081397602841
298907089.596908867359	2474430.968139061704	141646.056787242065	-2666938.956837038975	2.41692373841175501	-3.04141178798322454	3.06548868882202097
298907089.612858831882	2474471.576137113851	141641.933383686817	-2666901.965054363012	2.41690901236653044	-3.04141077734555143	3.06548656369674388
298907089.628808856010	2474512.183743491769	141637.809834938933	-2666864.972531948704	2.41689428620996338	-3.04140976665732055	3.06548443858246156
298907089.644758820534	2474552.790623298381	141633.686187078856	-2666827.979543219786	2.41687955622311446	-3.04140886711518865	3.06548226689987846
298907089.660708844662	2474593.397088029888	141629.562417621171	-2666790.985798544250	2.41686482289619464	-3.04140806176520684	3.06548005573198790
298907089.676658868790	2474634.003004503902	141625.438497103692	-2666753.991473107133	2.41685008945729907	-3.04140725636732334	3.06547784457420436
298907089.692608833313	2474674.608200164512	141621.314477947861	-2666716.996675358154	2.41683535612711164	-3.04140645092960904	3.06547563345507479
298907089.708558857441	2474715.212953119539	141617.190355702187	-2666680.001117389649	2.41682062279570031	-3.04140564544441228	3.06547342235622189
298907089.724508821964	2474755.817047155462	141613.066063816630	-2666643.005129856523	2.41680588946279284	-3.04140483991414357	3.06547121128038169
298907089.740458846092	2474796.421637834050	141608.942748689966	-2666606.008353000507	2.41679108216654370	-3.04140396285206194	3.06546897413024322
298907089.756408870220	2474837.024729029275	141604.818227195676	-2666569.010996280238	2.41677610203123061	-3.04140291833070142	3.06546667592068722
298907089.772358834743	2474877.627122798003	141600.693594677752	-2666532.013186430093	2.41676112189423398	-3.04140187376703652	3.06546437774354885
298907089.788308858871	2474918.229075920768	141596.568827744690	-2666495.014629770070	2.41674614164377743	-3.04140082915162768	3.06546207957979933
298907089.804258823395	2474958.830322793685	141592.443965078710	-2666458.015603656415	2.41673116150450751	-3.04139978449370885	3.06545978145655074
298907089.820208847523	2474999.431202934589	141588.318911316252	-2666421.015867422335	2.41671618136464872	-3.04139873978384001	3.06545748335477386
298907089.836158871651	2475040.031463070773	141584.193799619708	-2666384.015488389879	2.41670128862983269	-3.04139775250244870	3.06545514823312093
298907089.852108836174	2475080.631029369310	141580.068540955835	-2666347.014675576240	2.41668690687578680	-3.04139710067537195	3.06545259694403160
298907089.868058860302	2475121.230196195655	141575.943139083858	-2666310.013120111078	2.41667252512029007	-3.04139644879698734	3.06545004567248736
298907089.884008824825	2475161.828618788626	141571.817679902539	-2666273.011068656575	2.41665814336279405	-3.04139579687212036	3.06544749442396425
298907089.899958848953	2475202.426668391097	141567.692015776411	-2666236.008307138924	2.41664376149626881	-3.04139514489185281	3.06544494317480387
298907089.915908873081	2475243.024135457352	141563.566264321038	-2666199.004929356277	2.41662937973559533	-3.04139449286678509	3.06544239196411361
298907089.931858837605	2475283.620871205814	141559.440406510694	-2666162.001094227657	2.41661499797292256	-3.04139384079523678	3.06543984077644627
298907089.947808861732	2475324.217213756870	141555.314396963251	-2666124.996510452125	2.41660006756589096	-3.04139305807706206	3.06543744131559137
298907089.963758826256	2475364.812859386671	141551.188278612477	-2666087.991476513445	2.41658497204181932	-3.04139223597876063	3.06543508759701666
298907089.979708850384	2475405.408070630860	141547.062028524815	-2666050.985692739952	2.41656987651650379	-3.04139141382972111	3.06543273389953530
298907089.995658874512	2475446.002729518339	141542.935661175521	-2666013.979305884335	2.41655478087621001	-3.04139059163181402	3.06543038021465009
298907090.011608839035	2475486.596668610815	141538.809188425133	-2665976.972449685913	2.41653968534758334	-3.04138976938853700	3.06542802656756974
298907090.027558863163	2475527.190190456808	141534.682546488737	-2665939.964859919157	2.41652458981825902	-3.04138894708969776	3.06542567293611157
298907090.043508827686	2475567.783014359418	141530.555802575022	-2665902.956817019731	2.41650976524181793	-3.04138794721241101	3.06542328245531337
298907090.059458851814	2475608.375429954845	141526.428941954015	-2665865.948018118273	2.41649511838942255	-3.04138683075972072	3.06542086778056166
298907090.075408875942	2475648.967268125620	141522.301953443734	-2665828.938628240023	2.41648047153611190	-3.04138571425924376	3.06541845313319516
298907090.091358840466	2475689.558386506513	141518.174848340772	-2665791.928766053170	2.41646582479199346	-3.04138459771371972	3.06541603852490274
298907090.107308864594	2475730.149105394259	141514.047622450104	-2665754.918167152908	2.41645117804668708	-3.04138348112282308	3.06541362394673289
298907090.123258829117	2475770.739105512388	141509.920273155789	-2665717.907098914497	2.41643653130074121	-3.04138236448172794	3.06541120939321221
298907090.139208853245	2475811.328699877951	141505.792789217143	-2665680.895294021815	2.41642181381242205	-3.04138126077532123	3.06540883866924352
298907090.155158817768	2475851.917565108277	141501.665224187716	-2665643.883003463037	2.41640688242420687	-3.04138019637176571	3.06540660074024718
298907090.171108841896	2475892.506044804119	141497.537448912684	-2665606.870008899830	2.41639195103569770	-3.04137913191490039	3.06540436283019702
298907090.187058866024	2475933.093949744944	141493.409595577308	-2665569.856403952930	2.41637701953329254	-3.04137806741444017	3.06540212494240683
298907090.203008830547	2475973.681127609219	141489.281629821344	-2665532.842326753307	2.41636208814173115	-3.04137700287267432	3.06539988709488043
298907090.218958854675	2476014.267888332717	141485.153573860531	-2665495.827480194159	2.41634715674932554	-3.04137593828242769	3.06539764927177760
298907090.234908819199	2476054.853948949836	141481.025357123144	-2665458.812199912965	2.41633223930240515	-3.04137485092596060	3.06539538407763734
298907090.250858843327	2476095.439618902281	141476.896993129456	-2665421.796196274925	2.41631753097971025	-3.04137342265565014	3.06539270785730755
298907090.266808867455	2476136.024698531721	141472.768527926295	-2665384.779557075351	2.41630282276793817	-3.04137199433374850	3.06539003167716961
298907090.282758831978	2476176.609074460343	141468.639949111763	-2665347.762467774097	2.41628811455543069	-3.04137056596483912	3.06538735553452169
298907090.298708856106	2476217.193045654800	141464.511228854681	-2665310.744644787628	2.41627340623244269	-3.04136913753661275	3.06538467940751058
298907090.314658820629	2476257.776297571138	141460.382383027085	-2665273.726349491626	2.41625869802010484	-3.04136770905921017	3.06538200332343003
298907090.330608844757	2476298.359121852554	141456.253432747879	-2665236.707310242113	2.41624398980730426	-3.04136628053238978	3.06537932727410656
298907090.346558868885	2476338.941396335140	141452.124336106179	-2665199.687684291974	2.41622913106797510	-3.04136522906996731	3.06537692413546914
298907090.362508833408	2476379.522948449943	141447.995163252024	-2665162.667572619393	2.41621421216119803	-3.04136432869234286	3.06537463039587843
298907090.378458857536	2476420.104112990201	141443.865793809440	-2665125.646750996355	2.41619929325332539	-3.04136342826544226	3.06537233667826658
298907090.394408822060	2476460.684546833392	141439.736376828252	-2665088.625433272682	2.41618437434381317	-3.04136252779409233	3.06537004298810167
298907090.410358846188	2476501.264578515664	141435.606778073183	-2665051.603395274375	2.41616945532134064	-3.04136162726992909	3.06536774930639178
298907090.426308870316	2476541.844007309061	141431.477106400271	-2665014.580736684613	2.41615453640936551	-3.04136072670244184	3.06536545566292062
298907090.442258834839	2476582.422781408299	141427.347270278231	-2664977.557636588346	2.41613988917467815	-3.04135960318454579	3.06536290644773946
298907090.458208858967	2476623.001107035670	141423.217319470481	-2664940.533779300749	2.41612550866497111	-3.04135826067627768	3.06536010620116350
298907090.474158823490	2476663.578729473520	141419.087246071955	-2664903.509471909609	2.41611112826288110	-3.04135691812238340	3.06535730600197587
298907090.490108847618	2476704.155930045061	141414.957057510037	-2664866.484411598183	2.41609674786056683	-3.04135557551602265	3.06535450583286773
298907090.506058871746	2476744.732562645338	141410.826773378853	-2664829.458734908607	2.41608236734991522	-3.04135423285276696	3.06535170567926452
298907090.522008836269	2476785.308515485842	141406.696314171539	-2664792.432628820185	2.41606798694687930	-3.04135289014388910	3.06534890557305362
298907090.537958860397	2476825.884026116692	141402.565742943116	-2664755.405762515496	2.41605358149706451	-3.04135161582145130	3.06534621550547914
298907090.553908824921	2476866.458823708352	141398.435082438256	-2664718.378429783043	2.41603905522780238	-3.04135067160407280	3.06534405613774563
298907090.569858849049	2476907.034139869269	141394.305368553672	-2664681.350315027870	2.41602452884835373	-3.04134972733915010	3.06534189678218727
298907090.585808873177	2476947.607967325486	141390.174430728628	-2664644.321645643096	2.41601000257712739	-3.04134878302958533	3.06533973745837551
298907090.601758837700	2476988.181096330751	141386.043377620139	-2664607.292517186608	2.41599547630409850	-3.04134783868117031	3.06533757816473162
298907090.617708861828	2477028.753798733465	141381.912190868432	-2664570.262641808018	2.41598094992115620	-3.04134689428279748	3.06533541888053040
298907090.633658826351	2477069.325780816842	141377.780907811713	-2664533.232297086157	2.41596642364561465	-3.04134594984702744	3.06533325963628434
298907090.649608850479	2477109.897351891268	141373.649480683758	-2664496.201221710537	2.41595137045982078	-3.04134483127218225	3.06533085261985283
298907090.665558874607	2477150.468369587790	141369.517931996379	-2664459.169537309557	2.41593621907372169	-3.04134368023699375	3.06532839949247160
298907090.681508839130	2477191.038662735838	141365.386270707182	-2664422.137392536737	2.41592106780056204	-3.04134252915479752	3.06532594640592571
298907090.697458863258	2477231.608550122008	141361.254474833899	-2664385.104511109646	2.41590591652646669	-3.04134137802259952	3.06532349334823540
