298907085.180499911308 0.000079750000
298907085.180499911308	2463165.346654991154	142783.031168145739	-2677158.451020263601	2.42100992250406266	-3.04172184380706190	3.06612670309176405
298907085.196449935436	2463206.110190877691	142778.942017126159	-2677121.626277647447	2.42099490182968502	-3.04172074549119742	3.06612438523026931
298907085.212399899960	2463246.873028917238	142774.852741070150	-2677084.801075959578	2.42097988126691188	-3.04171964713276743	3.06612206741022275
298907085.228349924088	2463287.635449294932	142770.763304405147	-2677047.975140701048	2.42096486070366312	-3.04171854872193936	3.06611974961244371
298907085.244299888611	2463328.397168225143	142766.673778620985	-2677011.148727020714	2.42095040492209534	-3.04171737196971748	3.06611754159970484
298907085.260249912739	2463369.158466900233	142762.584132524120	-2676974.321566359140	2.42093622766806016	-3.04171615653970351	3.06611538774814862
298907085.276199936867	2463409.919224207290	142758.494310797920	-2676937.493829379790	2.42092205051988341	-3.04171494107058882	3.06611323393415525
298907085.292149901390	2463450.679244641215	142754.404415856465	-2676900.665593381971	2.42090787337124169	-3.04171372555646524	3.06611108014526179
298907085.308099925518	2463491.438880261499	142750.314373559377	-2676863.836628028192	2.42089369611499272	-3.04171250999862641	3.06610892637724763
298907085.324049890041	2463532.197781046852	142746.224249021237	-2676827.007183009293	2.42087951896432774	-3.04171129440408938	3.06610677264954434
298907085.339999914169	2463572.956292297225	142742.133958736755	-2676790.177014631685	2.42086510748531714	-3.04171005611363565	3.06610457885526788
298907085.355949938297	2463613.714244003408	142738.043532446463	-2676753.346237287857	2.42085018610515545	-3.04170876849356153	3.06610229785623112
298907085.371899902821	2463654.471475970466	142733.953011261066	-2676716.514993572608	2.42083526483589662	-3.04170748083560394	3.06610001690373135
298907085.387849926949	2463695.228292935062	142729.862368054921	-2676679.682993911672	2.42082034356620568	-3.04170619312851231	3.06609773597885926
298907085.403799891472	2463735.984412052203	142725.771599840751	-2676642.850535176229	2.42080542229553464	-3.04170490537709082	3.06609545508711046
298907085.419749915600	2463776.740142134484	142721.680668075802	-2676606.017356055323	2.42079050091227455	-3.04170361757248831	3.06609317421232408
298907085.435699939728	2463817.495259065647	142717.589660341677	-2676569.183528135996	2.42077562757147335	-3.04170234550925223	3.06609089259222145
298907085.451649904251	2463858.249706279486	142713.498522458860	-2676532.349251353648	2.42076115579998774	-3.04170120566597557	3.06608860444107245
298907085.467599928379	2463899.003720715176	142709.407247803028	-2676495.514230678789	2.42074668391939074	-3.04170006576952012	3.06608631630104878
298907085.483549892902	2463939.757031021174	142705.315856642526	-2676458.678756928537	2.42073221214618162	-3.04169892583537660	3.06608402820458226
298907085.499499917030	2463980.509948720224	142701.224315543193	-2676421.842537499964	2.42071774037265808	-3.04169778585099726	3.06608174012996448
298907085.515449881554	2464021.262130056042	142697.132696815301	-2676385.005832463503	2.42070326859772411	-3.04169664582598864	3.06607945208818400
298907085.531399905682	2464062.013922355138	142693.040914546815	-2676348.168407040648	2.42068879671340520	-3.04169550575020331	3.06607716406027953
298907085.547349929810	2464102.765138977673	142688.949026887043	-2676311.330359355547	2.42067416959644355	-3.04169442345200736	3.06607495499893590
298907085.563299894333	2464143.516585374717	142684.858138790558	-2676274.491790790111	2.42065949832306293	-3.04169335754674064	3.06607276840226106
298907085.579249918461	2464184.266700016800	142680.765975269867	-2676237.652550348546	2.42064482693888516	-3.04169229158971621	3.06607058181678038
298907085.595199882984	2464225.016072534956	142676.673733661795	-2676200.812830295414	2.42063015566338979	-3.04169122559532035	3.06606839527340824
298907085.611149907112	2464265.765068054199	142672.581320498022	-2676163.972377861850	2.42061548438738594	-3.04169015955155642	3.06606620875119384
298907085.627099931240	2464306.513503998984	142668.488793672383	-2676127.131322401110	2.42060081299976160	-3.04168909346324057	3.06606402224841723
298907085.643049895763	2464347.261220731307	142664.396151867317	-2676090.289797600359	2.42058596316710162	-3.04168806070715814	3.06606160930362126
298907085.658999919891	2464388.008521939162	142660.303397035255	-2676053.447516851593	2.42057089205155673	-3.04168706926091215	3.06605891571088218
298907085.674949884415	2464428.755120038055	142656.210518952081	-2676016.604785998818	2.42055582093461830	-3.04168607776364874	3.06605622214714524
298907085.690899908543	2464469.501280747820	142652.117535651545	-2675979.761285959277	2.42054074970355737	-3.04168508620873190	3.06605352859316627
298907085.706849932671	2464510.246920409147	142648.024380177056	-2675942.917206458282	2.42052567858492651	-3.04168409459982758	3.06605083507645215
298907085.722799897194	2464550.991839818656	142643.931127665826	-2675906.072657617275	2.42051060746462943	-3.04168310294230837	3.06604814159148864
298907085.738749921322	2464591.736322865356	142639.837763171730	-2675869.227342557628	2.42049556200043758	-3.04168204355069527	3.06604554998231738
298907085.754699885845	2464632.480117386207	142635.744260581298	-2675832.381587721407	2.42048059902255552	-3.04168076779432850	3.06604328404784887
298907085.770649909973	2464673.223512512632	142631.650614383048	-2675795.535090232734	2.42046563604420228	-3.04167949198892629	3.06604101814092456
298907085.786599934101	2464713.966317354236	142627.556888829073	-2675758.687963128090	2.42045067295263649	-3.04167821613293476	3.06603875225373335
298907085.802549898624	2464754.708433687687	142623.463014031819	-2675721.840393273626	2.42043570997252111	-3.04167694023666924	3.06603648641013660
298907085.818499922752	2464795.450151647907	142619.368988855276	-2675684.992083737161	2.42042074699220766	-3.04167566428896841	3.06603422059134090
298907085.834449887276	2464836.191117627546	142615.274907722312	-2675648.143275298644	2.42040579109710174	-3.04167438405639023	3.06603194999947126
298907085.850399911404	2464876.931710696314	142611.180632488424	-2675611.293759766966	2.42039097353885690	-3.04167302087112112	3.06602958547136328
298907085.866349935532	2464917.671728082933	142607.086251898640	-2675574.443621974904	2.42037615609148249	-3.04167165764281799	3.06602722098582081
298907085.882299900055	2464958.411032492761	142602.991781341872	-2675537.593017752748	2.42036133864304892	-3.04167029437167757	3.06602485653704226
298907085.898249924183	2464999.149930733256	142598.897162336478	-2675500.741670936812	2.42034652108299753	-3.04166893104588398	3.06602249210549704
298907085.914199888706	2465039.888131620828	142594.802420581575	-2675463.889868020080	2.42033170363354211	-3.04166756767946111	3.06602012771926402
298907085.930149912834	2465080.625910729170	142590.707552009902	-2675427.037309211213	2.42031688618384955	-3.04166620426299694	3.06601776336156062
298907085.946099936962	2465121.363132300321	142586.612556259759	-2675390.184153317939	2.42030195088977029	-3.04166497896066090	3.06601546023662941
298907085.962049901485	2465162.099633116741	142582.517461320560	-2675353.330525113735	2.42028695880167977	-3.04166382040212158	3.06601318674493672
298907085.977999925613	2465202.835729288869	142578.422213351587	-2675316.476160256658	2.42027196671319844	-3.04166266179194222	3.06601091327636377
298907085.993949890137	2465243.571126074065	142574.326845043979	-2675279.621330383699	2.42025697462323031	-3.04166150313973338	3.06600863984189509
298907086.009899914265	2465284.306110889651	142570.231356761040	-2675242.765759418253	2.42024198242018507	-3.04166034443280608	3.06600636641993463
298907086.025849938393	2465325.040527825244	142566.135754600284	-2675205.909579542466	2.42022699032834021	-3.04165918568692994	3.06600409304269350
298907086.041799902916	2465365.774226062000	142562.040028547926	-2675169.052930323407	2.42021208808425836	-3.04165799913493684	3.06600174996565356
298907086.057749927044	2465406.507524380460	142557.944167882844	-2675132.195538454223	2.42019727224418046	-3.04165678580405974	3.06599933976622108
298907086.073699891567	2465447.240103465971	142553.848203456262	-2675095.337680213153	2.42018245651444541	-3.04165557243076101	3.06599692961024362
298907086.089649915695	2465487.972284171265	142549.752088673587	-2675058.479082293808	2.42016764078450786	-3.04165435900434566	3.06599451947784685
298907086.105599939823	2465528.703899042215	142545.655846467300	-2675021.619881403167	2.42015282494245021	-3.04165314552613042	3.06599210936288813
298907086.121549904346	2465569.434800426941	142541.559512136242	-2674984.760211116169	2.42013800921046185	-3.04165193200789918	3.06598969929413112
298907086.137499928474	2465610.165296142455	142537.463031571184	-2674947.899801204447	2.42012316708614605	-3.04165072054977115	3.06598731270486535
298907086.153449892998	2465650.895078907255	142533.366438757861	-2674911.038918924518	2.42010818193497990	-3.04164952048351989	3.06598505324507009
298907086.169399917126	2465691.624455468263	142529.269719842647	-2674874.177299991250	2.42009319667002787	-3.04164832036968180	3.06598279380672567
298907086.185349881649	2465732.353128940333	142525.172855425131	-2674837.315225011669	2.42007821151710667	-3.04164712021022865	3.06598053440536544
298907086.201299905777	2465773.081348884851	142521.075916439266	-2674800.452367549762	2.42006322636330884	-3.04164592000417633	3.06597827503322362
298907086.217249929905	2465813.809058126528	142516.978785426763	-2674763.588952890132	2.42004824109627137	-3.04164471974573303	3.06597601567704769
298907086.233199894428	2465854.536027912516	142512.881603839574	-2674726.725033273920	2.42003325594044494	-3.04164351944888534	3.06597375636609160
298907086.249149918556	2465895.262618009001	142508.784223333350	-2674689.860406621825	2.42001892576506128	-3.04164189017408138	3.06597134336266697
298907086.265099883080	2465935.988457128406	142504.686791316548	-2674652.995287009515	2.42000461552948476	-3.04164024779907338	3.06596892571906876
298907086.281049907207	2465976.713921293616	142500.589167634869	-2674616.129451393150	2.41999030518673353	-3.04163860536819364	3.06596650809517657
298907086.296999931335	2466017.438823817298	142496.491450546717	-2674579.262996370438	2.41997599495171345	-3.04163696289723307	3.06596409051712371
298907086.312949895859	2466058.162994069047	142492.393622215342	-2674542.396078062709	2.41996168471656059	-3.04163532038190132	3.06596167297596267
298907086.328899919987	2466098.886756088585	142488.295665648591	-2674505.528400778305	2.41994737437450613	-3.04163367780829574	3.06595925545176629
298907086.344849884510	2466139.609814466909	142484.197594891390	-2674468.660273391753	2.41993266139620777	-3.04163232368302294	3.06595693362835320
298907086.360799908638	2466180.332460418344	142480.099361909437	-2674431.791403464042	2.41991770057301903	-3.04163114703657911	3.06595467069111383
298907086.376749932766	2466221.054553033318	142476.001029182487	-2674394.921930457000	2.41990273963592051	-3.04162997034515392	3.06595240777765010
298907086.392699897289	2466261.775939993095	142471.902568955091	-2674358.051982054021	2.41988777881091233	-3.04162879360555882	3.06595014489806017
298907086.408649921417	2466302.497822365724	142467.805092120892	-2674321.181241357233	2.41987281798471932	-3.04162761682179328	3.06594788205004321
298907086.424599885941	2466343.218083884101	142463.706402106036	-2674284.310089929961	2.41985785715734281	-3.04162643999385773	3.06594561923359743
298907086.440549910069	2466383.937911081593	142459.607580001611	-2674247.438188665081	2.41984309925535346	-3.04162507457425990	3.06594332472180708
298907086.456499934196	2466424.657201097347	142455.508605236682	-2674210.565691674128	2.41982863309472318	-3.04162343830556425	3.06594098470350440
298907086.472449898720	2466465.375777622685	142451.409538401320	-2674173.692725283094	2.41981416693356710	-3.04162180199551946	3.06593864472513200
298907086.488399922848	2466506.093927606009	142447.310348711646	-2674136.819014942273	2.41979970066395111	-3.04162016563026727	3.06593630476734225
298907086.504349887371	2466546.811391245574	142443.211035106069	-2674099.944833533373	2.41978523450283856	-3.04161852922791054	3.06593396485785386
298907086.520299911499	2466587.528431422543	142439.111571703514	-2674063.069927521516	2.41977076834202087	-3.04161689277699621	3.06593162498006588
298907086.536249935627	2466628.244889111724	142435.012015937216	-2674026.194391836412	2.41975627870650367	-3.04161529384220541	3.06592929283299753
298907086.552199900150	2466668.960668764077	142430.912329921062	-2673989.318401405122	2.41974152268840559	-3.04161412339570347	3.06592704870013844
298907086.568149924278	2466709.676030207425	142426.812492386933	-2673952.441677406430	2.41972676666969200	-3.04161295290113642	3.06592480459287575
298907086.584099888802	2466750.390664077364	142422.712579835672	-2673915.564476653468	2.41971201064981400	-3.04161178236331331	3.06592256051670109
298907086.600049912930	2466791.104913654272	142418.612488771934	-2673878.686540604569	2.41969725451867168	-3.04161061177185754	3.06592031645298224
298907086.615999937057	2466831.818566658534	142414.512326957047	-2673841.807980935089	2.41968249849728689	-3.04160944114031162	3.06591807243075065
298907086.631949901581	2466872.531553518027	142410.411999235977	-2673804.928991756868	2.41966774247473859	-3.04160827046551141	3.06591582843960797
298907086.647899925709	2466913.244118584320	142406.311544767057	-2673768.049246687908	2.41965291395502735	-3.04160710620534891	3.06591335819737187
298907086.663849890232	2466953.955948802177	142402.211008249200	-2673731.169021949172	2.41963806118474700	-3.04160594407691143	3.06591081184978975
298907086.679799914360	2466994.667396250647	142398.110288632335	-2673694.288067858201	2.41962320841449241	-3.04160478189081029	3.06590826552236928
298907086.695749938488	2467035.378262722865	142394.009487811680	-2673657.406506412197	2.41960835553124731	-3.04160361965596637	3.06590571921617583
298907086.711699903011	2467076.088414705358	142389.908579406678	-2673620.524466658477	2.41959350275857776	-3.04160245737618062	3.06590317295377934
298907086.727649927139	2467116.798177122604	142385.807505389501	-2673583.641703544650	2.41957864998538419	-3.04160129504354249	3.06590062671703745
298907086.743599891663	2467157.507220310625	142381.706316536118	-2673546.758471092209	2.41956383685127996	-3.04160014702768411	3.06589822219657560
298907086.759549915791	2467198.215847942978	142377.605025940284	-2673509.874485662207	2.41954905723825986	-3.04159901115425457	3.06589593791445969
298907086.775499939919	2467238.923911270685	142373.503592241148	-2673472.989900232758	2.41953427773594854	-3.04159787523259606	3.06589365366543865
298907086.791449904442	2467279.631276207510	142369.402042698988	-2673436.104855732527	2.41951949823215395	-3.04159673926942276	3.06589136944978735
298907086.807399928570	2467320.338220890611	142365.300350663572	-2673399.219058309216	2.41950471861714611	-3.04159560324980616	3.06588908524309023
298907086.823349893093	2467361.044467170723	142361.198553956900	-2673362.332804785576	2.41948993911147880	-3.04159446719398652	3.06588680108320810
298907086.839299917221	2467401.750286397990	142357.096632242465	-2673325.445804339368	2.41947532195267012	-3.04159346848109857	3.06588441091112518
298907086.855249881744	2467442.455370265059	142352.994626310654	-2673288.558321257588	2.41946100207727000	-3.04159272130907299	3.06588182659354480
298907086.871199905872	2467483.160098468419	142348.892438945535	-2673251.670116060413	2.41944668209296809	-3.04159197408545312	3.06587924228178643
298907086.887149930000	2467523.864255062770	142344.790123780054	-2673214.781313891988	2.41943236221481373	-3.04159122681264416	3.06587665800448095
298907086.903099894524	2467564.567677305546	142340.687728784804	-2673177.892035027966	2.41941804233487279	-3.04159047949305039	3.06587407375142806
298907086.919049918652	2467605.270693375263	142336.585174274893	-2673141.002010597847	2.41940372234630319	-3.04158973211945893	3.06587148950145805
298907086.934999883175	2467645.973011557013	142332.482506132917	-2673104.111530066933	2.41938940246333534	-3.04158898470148875	3.06586890529142808
298907086.950949907303	2467686.674900126178	142328.379730968678	-2673067.220283261966	2.41937446922582478	-3.04158789320843326	3.06586662268268784
298907086.966899931431	2467727.376232690644	142324.276806381939	-2673030.328452782705	2.41935951736255150	-3.04158679128268883	3.06586434919344208
298907086.982849895954	2467768.076857521664	142320.173790272063	-2672993.436146906577	2.41934456561008471	-3.04158568931770557	3.06586207574801195
298907086.998799920082	2467808.777092781384	142316.070608573675	-2672956.543117673136	2.41932961385686252	-3.04158458730361891	3.06585980232754807
298907087.014749884605	2467849.476602023933	142311.967318391893	-2672919.649622126482	2.41931466210233737	-3.04158348524524014	3.06585752893753716
298907087.030699908733	2467890.175687400158	142307.863932835055	-2672882.755357279442	2.41929971023467116	-3.04158238313510898	3.06585525556187521
298907087.046649932861	2467930.874232898001	142303.760367258074	-2672845.860522053670	2.41928488352436100	-3.04158143441151196	3.06585323623865502
298907087.062599897385	2467971.572054547258	142299.656729607465	-2672808.965195164084	2.41927008652426423	-3.04158052210786112	3.06585127730277041
298907087.078549921513	2468012.269443389028	142295.552955330088	-2672772.069124381524	2.41925528941212109	-3.04157960975660835	3.06584931837778019
298907087.094499886036	2468052.966146369930	142291.449070579576	-2672735.172588469926	2.41924049240929229	-3.04157869736984088	3.06584735949119747
298907087.110449910164	2468093.662432153244	142287.345027576986	-2672698.275321960915	2.41922569540564592	-3.04157778493670472	3.06584540062378030
298907087.126399934292	2468134.358186983969	142283.240856988181	-2672661.377462637611	2.41921089828913116	-3.04157687246318353	3.06584344177549095
298907087.142349898815	2468175.053184074350	142279.136619003111	-2672624.479107435793	2.41919596014918747	-3.04157584451245766	3.06584133126958047
298907087.158299922943	2468215.747797855176	142275.032218104345	-2672587.580025851727	2.41918085430292518	-3.04157467933929748	3.06583904053461342
298907087.174249887466	2468256.441707492340	142270.927689780365	-2672550.680488221347	2.41916574845543941	-3.04157351412110621	3.06583674983133214
298907087.190199911594	2468297.135174978524	142266.823049129482	-2672513.780190373305	2.41915064249401546	-3.04157234884754546	3.06583445914075847
298907087.206149935722	2468337.828105257824	142262.718267072167	-2672476.879299766850	2.41913553664517744	-3.04157118352967171	3.06583216848987972
298907087.222099900246	2468378.520321531221	142258.613390861457	-2672439.977936794050	2.41912043079484240	-3.04157001816917338	3.06582987787343120
298907087.238049924374	2468419.213056683075	142254.509463352850	-2672403.075794768520	2.41910552970508341	-3.04156878735289071	3.06582755258319217
298907087.253999888897	2468459.904141765088	142250.404323587660	-2672366.173225855455	2.41909117062762702	-3.04156738350040889	3.06582513557990488
298907087.269949913025	2468500.594821649604	142246.299051058042	-2672329.269923261367	2.41907681154985532	-3.04156597960101172	3.06582271860750621
298907087.285899937153	2468541.284932603594	142242.193678198644	-2672292.365998344496	2.41906245236381157	-3.04156457564979554	3.06582030165430552
298907087.301849901676	2468581.974330571480	142238.088204407628	-2672255.461604032665	2.41904809328513482	-3.04156317165897594	3.06581788474643080
298907087.317799925804	2468622.663341547828	142233.982524748862	-2672218.556499771308	2.41903373420668899	-3.04156176761643193	3.06581546786396331
298907087.333749890327	2468663.351614573970	142229.876801253791	-2672181.650899464265	2.41901937512738074	-3.04156036353178694	3.06581305101787294
298907087.349699914455	2468704.039486006834	142225.770897900715	-2672144.744581854437	2.41900452362524243	-3.04155926486665296	3.06581082450306264
298907087.365649938583	2468744.726788496599	142221.664905397105	-2672107.837644894607	2.41898962959720043	-3.04155819261622407	3.06580861451074860
298907087.381599903107	2468785.413408712018	142217.558766527422	-2672070.930262159090	2.41897473556779463	-3.04155712032263237	3.06580640454834752
298907087.397549927235	2468826.099607123062	142213.452500986692	-2672034.022123531904	2.41895984142561815	-3.04155604797864054	3.06580419460022924
298907087.413499891758	2468866.785087302327	142209.346125077223	-2671997.113521505613	2.41894494739430588	-3.04155497559150723	3.06580198468942999
298907087.429449915886	2468907.470146169886	142205.239635864011	-2671960.204169528093	2.41893005336190114	-3.04155390315880769	3.06579977480580546
298907087.445399940014	2468948.154660042841	142201.132996034634	-2671923.294218909927	2.41891563735282755	-3.04155277507275290	3.06579741632265357
298907087.461349904537	2468988.838440077379	142197.026267474925	-2671886.383791595697	2.41890141500768774	-3.04155162443334692	3.06579499771573616
298907087.477299928665	2469029.521836267319	142192.919396190962	-2671849.472640868276	2.41888719266151941	-3.04155047374985665	3.06579257913859848
298907087.493249893188	2469070.204491870478	142188.812408980099	-2671812.561007559765	2.41887297031514414	-3.04154932301506253	3.06579016058301512
298907087.509199917316	2469110.886763126589	142184.705276859633	-2671775.648647865281	2.41885874786080590	-3.04154817223317409	3.06578774204550752
298907087.525149881840	2469151.568299518432	142180.598062805977	-2671738.735808506142	2.41884452551237228	-3.04154702141021360	3.06578532354948896
298907087.541099905968	2469192.249445321038	142176.490678839182	-2671701.822239846457	2.41883014500719096	-3.04154586577737263	3.06578293078613662
298907087.557049930096	2469232.930033560377	142172.383167868480	-2671664.908074103761	2.41881546145329418	-3.04154470097209284	3.06578058739330084
298907087.572999894619	2469273.609906780999	142168.275558418827	-2671627.993430049159	2.41880077789800030	-3.04154353612474093	3.06577824403407728
298907087.588949918747	2469314.289338336792	142164.167850045254	-2671591.078031718265	2.41878609423175028	-3.04154237122498028	3.06577590068909567
298907087.604899883270	2469354.968087122776	142160.059981971252	-2671554.162181670777	2.41877141067503132	-3.04154120628145197	3.06577355738338841
298907087.620849907398	2469395.646415085066	142155.952013976726	-2671517.245587613434	2.41875672711718837	-3.04154004129344635	3.06577121410855336
298907087.636799931526	2469436.324215714820	142151.843849000899	-2671480.328411182389	2.41874203138261556	-3.04153887168675841	3.06576885966543689
298907087.652749896049	2469477.001265342813	142147.735643899068	-2671443.410744757857	2.41872691124953088	-3.04153754156208223	3.06576611204997862
298907087.668699920177	2469517.677908264101	142143.627288332471	-2671406.492332770023	2.41871179111630230	-3.04153621138061059	3.06576336446319608
298907087.684649884701	2469558.353833443951	142139.518835800351	-2671369.573463322129	2.41869667098237962	-3.04153488114715831	3.06576061691057467
298907087.700599908829	2469599.029359203763	142135.410228672292	-2671332.653848252259	2.41868155073494329	-3.04153355085015287	3.06575786936972294
298907087.716549932957	2469639.704334696755	142131.301483857911	-2671295.733646480367	2.41866643060045794	-3.04153222050552019	3.06575512187720056
298907087.732499897480	2469680.378581087105	142127.192657613923	-2671258.812959043309	2.41865131046527937	-3.04153089010890865	3.06575237441884285
298907087.748449921608	2469721.052421779837	142123.083685293735	-2671221.891531981993	2.41863630608991897	-3.04152988194708573	3.06575003312844308
298907087.764399886131	2469761.725558822509	142118.974587817327	-2671184.969651845284	2.41862132476902181	-3.04152893755756226	3.06574777229697348
298907087.780349910259	2469802.398269829340	142114.865347456100	-2671148.047024787404	2.41860634344764858	-3.04152799311422539	3.06574551148271635
298907087.796299934387	2469843.070432738867	142110.756005825795	-2671111.123785677832	2.41859136201182245	-3.04152704862764223	3.06574325068885178
298907087.812249898911	2469883.741879967973	142106.646535913111	-2671074.200102521107	2.41857638068703018	-3.04152610409834256	3.06574098993369715
298907087.828199923038	2469924.412918422371	142102.536946884124	-2671037.275660387706	2.41856139936121295	-3.04152515952004476	3.06573872920124124
298907087.844149887562	2469965.083237126470	142098.427240975085	-2671000.350745942444	2.41854660035271518	-3.04152422829290625	3.06573659222239803
298907087.860099911690	2470005.753150116652	142094.317400174536	-2670963.425094844773	2.41853189980348304	-3.04152330426442363	3.06573452215324682
298907087.876049935818	2470046.422492490616	142090.207436072436	-2670926.498852714896	2.41851719936343867	-3.04152238019434140	3.06573245211786816
298907087.891999900341	2470087.091148497537	142086.097348243580	-2670889.572139518801	2.41850249892180225	-3.04152145608375157	3.06573038210989868
298907087.907949924469	2470127.759378468618	142081.987117542652	-2670852.644679398276	2.41848779836916083	-3.04152053192171046	3.06572831210927310
298907087.923899888992	2470168.426888143644	142077.876801307197	-2670815.716752908193	2.41847309792488696	-3.04151960772529328	3.06572624215064415
298907087.939849913120	2470209.093986356631	142073.766338544141	-2670778.788092792034	2.41845826234705852	-3.04151863746669626	3.06572415630509232
298907087.955799937248	2470249.760531738400	142069.655756089778	-2670741.858826623764	2.41844306933204800	-3.04151754548186304	3.06572202841010277
298907087.971749901772	2470290.426342252642	142065.545091766340	-2670704.929080788977	2.41842787642980417	-3.04151645345678245	3.06571990055541521
298907087.987699925900	2470331.091768434271	142061.434260233451	-2670667.998602625448	2.41841268352668770	-3.04151536138407019	3.06571777272601276
298907088.003649890423	2470371.756484695710	142057.323300916556	-2670631.067674417980	2.41839749062215148	-3.04151426926854196	3.06571564492737725
298907088.019599914551	2470412.420780163258	142053.212208192010	-2670594.135993287433	2.41838229760282886	-3.04151317710040470	3.06571351714175089
298907088.035549938679	2470453.084524829872	142049.100993368949	-2670557.203715017065	2.41836720367074731	-3.04151209693925795	3.06571136053560389
298907088.051499903202	2470493.747531576548	142044.989705903397	-2670520.270945195574	2.41835291136898700	-3.04151111435423127	3.06570897025212652
298907088.067449927330	2470534.410148729570	142040.878252952331	-2670483.337452019099	2.41833861895895774	-3.04151013171873696	3.06570657997921447
298907088.083399891853	2470575.072993127629	142036.767772322957	-2670446.403463311959	2.41832432665502228	-3.04150914904109548	3.06570418974534853
298907088.099349915981	2470615.734470213298	142032.656093667581	-2670409.468753814697	2.41831003435027192	-3.04150816631473964	3.06570179953354938
298907088.115299940109	2470656.395403301343	142028.544268857775	-2670372.533451617230	2.41829574193697772	-3.04150718354032490	3.06569940933506047
298907088.131249904633	2470697.055632736068	142024.432318944717	-2670335.597696343902	2.41828144962977731	-3.04150620072376565	3.06569701917561988
298907088.147199928761	2470737.715410660487	142020.320281083288	-2670298.661164530087	2.41826668735751626	-3.04150505751565392	3.06569464800048319
298907088.163149893284	2470778.374521392863	142016.208084322890	-2670261.724200235214	2.41825177722397111	-3.04150386381844617	3.06569228282606820
298907088.179099917412	2470819.033196222968	142012.095777988638	-2670224.786472694948	2.41823686697806295	-3.04150267006516817	3.06568991766385590
298907088.195049881935	2470859.691176738124	142007.983322266693	-2670187.848308404908	2.41822195684311758	-3.04150147626970346	3.06568755254469227
298907088.210999906063	2470900.348719816189	142003.870772764698	-2670150.909377894364	2.41820704670733289	-3.04150028242631576	3.06568518745452812
298907088.226949930191	2470941.005716324784	141999.758106262103	-2670113.969838306773	2.41819213645863762	-3.04149908853167394	3.06568282238205025
298907088.242899894714	2470981.661996644456	141995.645309350279	-2670077.029851698317	2.41817744558074299	-3.04149809580760033	3.06568077769308323
298907088.258849918842	2471022.317871254869	141991.532366409956	-2670040.089125466533	2.41816291790609528	-3.04149725281162908	3.06567897146864743
298907088.274799883366	2471062.973044896033	141987.419325808791	-2670003.147920810152	2.41814839022973738	-3.04149640977949387	3.06567716527017176
298907088.290749907494	2471103.627780452371	141983.306150411401	-2669966.205981229432	2.41813386244327733	-3.04149556670326193	3.06567535908230004
298907088.306699931622	2471144.281977772247	141979.192829354579	-2669929.263442947995	2.41811933476459551	-3.04149472358916650	3.06567355292478316
298907088.322649896145	2471184.935439195950	141975.079433276289	-2669892.320422030985	2.41810480708393083	-3.04149388044131586	3.06567174679596688
298907088.338599920273	2471225.588511022739	141970.965871741791	-2669855.376677756198	2.41809017962492323	-3.04149299694723352	3.06566983182817010
298907088.354549884796	2471266.240864090156	141966.852208955737	-2669818.432470079977	2.41807520260620690	-3.04149197201113086	3.06566753500646172
298907088.370499908924	2471306.892808887642	141962.738418112393	-2669781.487503429409	2.41806022558687772	-3.04149094702309819	3.06566523820590220
298907088.386449933052	2471347.544187295716	141958.624509108864	-2669744.541933809873	2.41804524845353974	-3.04148992198829582	3.06566294142391405
298907088.402399897575	2471388.194849509746	141954.510469714238	-2669707.595917172730	2.41803027143134175	-3.04148889691085689	3.06566064468209865
298907088.418349921703	2471428.845088858157	141950.396328281611	-2669670.649134202860	2.41801529440852914	-3.04148787178149060	3.06565834796143699
298907088.434299886227	2471469.494647968095	141946.282020475337	-2669633.701921838336	2.41800032033022649	-3.04148684824789539	3.06565605022381860
298907088.450249910355	2471510.143761831336	141942.167627410294	-2669596.753929904662	2.41798575253910997	-3.04148605061411148	3.06565360778597329
298907088.466199934483	2471550.792362898588	141938.053056157514	-2669559.805374832358	2.41797118485576679	-3.04148525293515171	3.06565116538538440
298907088.482149899006	2471591.440206204075	141933.938417693513	-2669522.856323883869	2.41795661717068455	-3.04148445521064925	3.06564872301016234
298907088.498099923134	2471632.087667704094	141929.823611840664	-2669485.906552491710	2.41794204937516977	-3.04148365743301063	3.06564628064019740
298907088.514049887657	2471672.734377699904	141925.708752624574	-2669448.956285166088	2.41792748168715477	-3.04148285961260711	3.06564383831023157
298907088.529999911785	2471713.380713196471	141921.593704150844	-2669412.005304807797	2.41791291399794828	-3.04148206174184477	3.06564139600015517
298907088.545949935913	2471754.026482814923	141917.478528541105	-2669375.053721481003	2.41789826132682206	-3.04148110529819204	3.06563914770680546
298907088.561899900436	2471794.671509237494	141913.363288634864	-2669338.101645135786	2.41788356805922877	-3.04148007278048471	3.06563699249784083
298907088.577849924564	2471835.316153862514	141909.247874800029	-2669301.148858784698	2.41786887479022194	-3.04147904022104809	3.06563483731785835
298907088.593799889088	2471875.960071930196	141905.132357056107	-2669264.195592711214	2.41785418152062404	-3.04147800761265374	3.06563268215863793
298907088.609749913216	2471916.603588508442	141901.016709586664	-2669227.241578043438	2.41783948813916005	-3.04147697496040914	3.06563052701865679
298907088.625699937344	2471957.246541742701	141896.900934761099	-2669190.286972290371	2.41782479486728352	-3.04147594226374007	3.06562837191192372
298907088.641649901867	2471997.888783017639	141892.785034663568	-2669153.331907577347	2.41781012519182736	-3.04147497498842956	3.06562618328999159
298907088.657599925995	2472038.530600400176	141888.669039347849	-2669116.376073564403	2.41779549977514563	-3.04147413074588346	3.06562393160339353
298907088.673549890518	2472079.171714624390	141884.552921195340	-2669079.419789446983	2.41778087446672618	-3.04147328646111426	3.06562167995339463
298907088.689499914646	2472119.812416866887	141880.436654399324	-2669042.462768732570	2.41776624915717075	-3.04147244212858947	3.06561942832405032
298907088.705449938774	2472160.452559493482	141876.320263147820	-2669005.505142022856	2.41775162373626262	-3.04147159775000420	3.06561717670763478
298907088.721399903297	2472201.091983861290	141872.203772883950	-2668968.547054882627	2.41773699842361633	-3.04147075332919803	3.06561492512782063
298907088.737349927425	2472241.731003036723	141868.087116463576	-2668931.588225148618	2.41772231988147990	-3.04146988131291529	3.06561267895206724
298907088.753299891949	2472282.369317011908	141863.970350820629	-2668894.628939368296	2.41770731686564755	-3.04146884136274087	3.06561046565936790
298907088.769249916077	2472323.007211186923	141859.853456218843	-2668857.668906609528	2.41769231373642812	-3.04146780135963501	3.06560825237791690
298907088.785199940205	2472363.644529615063	141855.736478981940	-2668820.708257528488	2.41767731071826120	-3.04146676131758964	3.06560603913903273
298907088.801149904728	2472404.281159500126	141851.619330541551	-2668783.747159758583	2.41766230769920076	-3.04146572122719983	3.06560382592431724
298907088.817099928856	2472444.917365984991	141847.502100277314	-2668746.785298629198	2.41764730456620569	-3.04146468108869916	3.06560161272633236
298907088.833049893379	2472485.552871374879	141843.384715867607	-2668709.823000802193	2.41763230154453534	-3.04146364090885291	3.06559939956817784
298907088.848999917507	2472526.187947106082	141839.267235787236	-2668672.859939676709	2.41761766958953750	-3.04146234146638283	3.06559715932511168
298907088.864949882030	2472566.822311894502	141835.149623663252	-2668635.896422560327	2.41760305679537923	-3.04146102859542911	3.06559491771495640
298907088.880899906158	2472607.456263158936	141831.031874064123	-2668598.932152468711	2.41758844389154781	-3.04145971566787177	3.06559267611634434
298907088.896849930286	2472648.089679733384	141826.913976485899	-2668561.967311939690	2.41757383109637525	-3.04145840270419177	3.06559043456375591
298907088.912799894810	2472688.723297153134	141822.797079451208	-2668525.001934380271	2.41755921830055875	-3.04145708969535367	3.06558819304132157
298907088.928749918938	2472729.355540892109	141818.679004239122	-2668488.035844998900	2.41754460539397309	-3.04145577663955269	3.06558595154139057
298907088.944699883461	2472769.987103868742	141814.560767075134	-2668451.069312810432	2.41752980813271989	-3.04145458665985569	3.06558364334601308
298907088.960649907589	2472810.618276717607	141810.442373508762	-2668414.102057265583	2.41751487489878469	-3.04145348738636345	3.06558128598857227
298907088.976599931717	2472851.248843638226	141806.323922604846	-2668377.134158804547	2.41749994155159031	-3.04145238806237961	3.06557892864753168
298907088.992549896240	2472891.878715721890	141802.205320230307	-2668340.165820624214	2.41748500831535695	-3.04145128869555137	3.06557657134814265
298907089.008499920368	2472932.508211761713	141798.086539794225	-2668303.196753030643	2.41747007507893263	-3.04145018927362054	3.06557421406819586
298907089.024449884892	2472973.136952579953	141793.967685455980	-2668266.227211883292	2.41745514184067556	-3.04144908981104889	3.06557185682412392
298907089.040399909019	2473013.765291374642	141789.848716970708	-2668229.256911703385	2.41744027656615090	-3.04144808904228769	3.06556935140667708
298907089.056349933147	2473054.393052760977	141785.729620474973	-2668192.286020549480	2.41742550824883118	-3.04144722870237505	3.06556663521397654
298907089.072299897671	2473095.020122504327	141781.610402132414	-2668155.314667296596	2.41741073992988298	-3.04144636831222304	3.06556391904787073
298907089.088249921799	2473135.646787041798	141777.491028850141	-2668118.342574418522	2.41739597149911178	-3.04144550786376966	3.06556120288620715
298907089.104199886322	2473176.272709910758	141773.371580193285	-2668081.370004902594	2.41738120317745242	-3.04144464736832099	3.06555848676781872
298907089.120149910450	2473216.898255704436	141769.251971479214	-2668044.396705971565	2.41736643485470948	-3.04144378681781502	3.06555577067055340
298907089.136099934578	2473257.523224610835	141765.132214573445	-2668007.422813099809	2.41735165191191514	-3.04144291563792324	3.06555308748318156
298907089.152049899101	2473298.147469629999	141761.012397089653	-2667970.448431535158	2.41733664100038181	-3.04144187823390633	3.06555092163586096
298907089.167999923229	2473338.771325036418	141756.892414230824	-2667933.473326612264	2.41732163008793322	-3.04144084078223687	3.06554875581269215
298907089.183949887753	2473379.394439290278	141752.772347012302	-2667896.497745051049	2.41730661917402267	-3.04143980328773589	3.06554659001915120
298907089.199899911880	2473420.017154086381	141748.652136521501	-2667859.521420837380	2.41729160814636979	-3.04143876574342675	3.06554442423993745
298907089.215849936008	2473460.639314364176	141744.531772258371	-2667822.544518890791	2.41727659723062960	-3.04143772815362157	3.06554225849470363
298907089.231799900532	2473501.260734653100	141740.411355683143	-2667785.567109014373	2.41726158631315213	-3.04143669052339760	3.06554009278183992
298907089.247749924660	2473541.881775170565	141736.290751636028	-2667748.588995074853	2.41724697069213601	-3.04143557248287966	3.06553790072964638
298907089.263699889183	2473582.502092831302	141732.170069034270	-2667711.610392442439	2.41723241304529912	-3.04143444264295137	3.06553570486091287
298907089.279649913311	2473623.121993758716	141728.049230568780	-2667674.631062181666	2.41721785539805767	-3.04143331275388240	3.06553350901411159
298907089.295599937439	2473663.741328782868	141723.928276246384	-2667637.651131924242	2.41720329764015185	-3.04143218282006078	3.06553131318740535
298907089.311549901962	2473704.359980492387	141719.807171441062	-2667600.670749947429	2.41718873999045858	-3.04143105284717841	3.06552911740089939
298907089.327499926090	2473744.978187447414	141715.685983647971	-2667563.689591372851	2.41717418234036074	-3.04142992282515756	3.06552692163632745
298907089.343449890614	2473785.595683945343	141711.564677257469	-2667526.707982749678	2.41715946254860548	-3.04142888819451374	3.06552467826638519
298907089.359399914742	2473826.212782002985	141707.443220799643	-2667489.725634447299	2.41714459195159481	-3.04142794220481516	3.06552239063110310
298907089.375349938869	2473866.829329259694	141703.321624677541	-2667452.742696470581	2.41712972146480709	-3.04142699617236723	3.06552010303458866
298907089.391299903393	2473907.445136370137	141699.199948604481	-2667415.759287797380	2.41711485097646595	-3.04142605009569955	3.06551781546610380
298907089.407249927521	2473948.060544030275	141695.078118087840	-2667378.775133501738	2.41709998037561480	-3.04142510396610799	3.06551552790669835
298907089.423199892044	2473988.675238159951	141690.956195938488	-2667341.790509806480	2.41708510988471215	-3.04142415779618158	3.06551324038880058
298907089.439149916172	2474029.289520798251	141686.834127409616	-2667304.805152485613	2.41707024045123786	-3.04142312337217735	3.06551093987547718
298907089.455099940300	2474069.903244325891	141682.711925514013	-2667267.819189167116	2.41705537328886511	-3.04142189026227339	3.06550861006063968
298907089.471049904823	2474110.516248053405	141678.589629329043	-2667230.832759479992	2.41704050623691202	-3.04142065711356047	3.06550628029183958
298907089.486999928951	2474151.128846559674	141674.467189430754	-2667193.845593138598	2.41702563918444557	-3.04141942391519082	3.06550395054981140
298907089.502949893475	2474191.740725272335	141670.344644055149	-2667156.857957455795	2.41701077213092086	-3.04141819067198593	3.06550162084003075
298907089.518899917603	2474232.352199275512	141666.221945967904	-2667119.869585120585	2.41699590496540662	-3.04141695737309670	3.06549929114323261
298907089.534849882126	2474272.962953481358	141662.099153603311	-2667082.880746413954	2.41698103791031027	-3.04141572403540339	3.06549696149247586
298907089.550799906254	2474313.573296707589	141657.976205866580	-2667045.891174080782	2.41696630919852451	-3.04141470933979408	3.06549483238799780
298907089.566749930382	2474354.183098591864	141653.853150761744	-2667008.900986668188	2.41695158304632152	-3.04141369882433077	3.06549270717531730
298907089.582699894905	2474394.792156629264	141649.729983931815	-2666971.910347967874	2.41693685700335070	-3.04141268826944566	3.06549058200089108
298907089.598649919033	2474435.400805873796	141645.606686968677	-2666934.918947317638	2.41692213095973374	-3.04141167766595411	3.06548845684698401
298907089.614599883556	2474476.008758197539	141641.483281146968	-2666897.927096510306	2.41690740491437905	-3.04141066702350216	3.06548633172454421
298907089.630549907684	2474516.616292256396	141637.359724114736	-2666860.934512131382	2.41689267875740743	-3.04140965633290383	3.06548420661583743
298907089.646499931812	2474557.223272952251	141633.236045399361	-2666823.941318730358	2.41687794797622990	-3.04140877920685071	3.06548202553312432
298907089.662449896336	2474597.829529115465	141629.112253948057	-2666786.947664956562	2.41686321464914666	-3.04140797385194928	3.06547981436774553
298907089.678399920464	2474638.435370206833	141624.988340904121	-2666749.953255233355	2.41684848121008722	-3.04140716844914571	3.06547760321247376
298907089.694349884987	2474679.040500329342	141620.864307121345	-2666712.958392494358	2.41683374787973637	-3.04140636300651135	3.06547539209585640
298907089.710299909115	2474719.645231490023	141616.740132307546	-2666675.962790072896	2.41681901454816206	-3.04140555751639452	3.06547318099951527
298907089.726249933243	2474760.249376910739	141612.615847037872	-2666638.966583326459	2.41680428110461287	-3.04140475197837601	3.06547096991328250
298907089.742199897766	2474800.853750846349	141608.492566256929	-2666601.969849757850	2.41678944697872566	-3.04140384883683623	3.06546872326238207
298907089.758149921894	2474841.456792097539	141604.368019698770	-2666564.972444314975	2.41677446684301511	-3.04140280431274324	3.06546642505850420
298907089.774099886417	2474882.059107289650	141600.243365042610	-2666527.974572557956	2.41675948670589413	-3.04140175974393401	3.06546412688430703
298907089.790049910545	2474922.661007912364	141596.118590995058	-2666490.975947822444	2.41674450645531369	-3.04140071512338084	3.06546182872349871
298907089.805999934673	2474963.262387915980	141591.993636203144	-2666453.976743627340	2.41672952631674143	-3.04139967045308168	3.06545953059498011
298907089.821949899197	2475003.862988252658	141587.868655752332	-2666416.977039227728	2.41671454617621118	-3.04139862574289310	3.06545723250161872
298907089.837899923325	2475044.463221339043	141583.743493209127	-2666379.976624710485	2.41669971875966016	-3.04139768135214617	3.06545486973956116
298907089.853849887848	2475085.062718522269	141579.618244682031	-2666342.975724583026	2.41668533700542554	-3.04139702951973234	3.06545231845268606
298907089.869799911976	2475125.661811491009	141575.492845661996	-2666305.974090775009	2.41667095525001407	-3.04139637763359794	3.06544976718061912
298907089.885749936104	2475166.260353136342	141571.367316046701	-2666268.971867293585	2.41665657338420559	-3.04139572570412442	3.06544721592159863
298907089.901699900627	2475206.858167185448	141567.241689486546	-2666231.969161116052	2.41664219162506821	-3.04139507372261386	3.06544466469283794
298907089.917649924755	2475247.455578051042	141563.115899113211	-2666194.965734667145	2.41662780986420689	-3.04139442169220908	3.06544211348436146
298907089.933599889278	2475288.052267060615	141558.990034659917	-2666157.961825466249	2.41661342810134583	-3.04139376961532415	3.06543956229890879
298907089.949549913406	2475328.648544062860	141554.864021684800	-2666120.957179669291	2.41659841978210377	-3.04139296834524586	3.06543718439355439
298907089.965499937534	2475369.244262462948	141550.737866396725	-2666083.951927875169	2.41658332425868716	-3.04139214623443221	3.06543483066937128
298907089.981449902058	2475409.839276651852	141546.611606458318	-2666046.946225978900	2.41656822873293198	-3.04139132408252966	3.06543247697722743
298907089.997399926186	2475450.433870504145	141542.485226677614	-2666009.939777102321	2.41655313309247299	-3.04139050187934812	3.06543012329494413
298907090.013349890709	2475491.027744573075	141538.358730296983	-2665972.932855913416	2.41653803756395380	-3.04138967962838347	3.06542776964772834
298907090.029299914837	2475531.621212374419	141534.232108267141	-2665935.925198071636	2.41652294203364271	-3.04138885733150710	3.06542541602708196
298907090.045249938965	2475572.214131416287	141530.105321831565	-2665898.916953525040	2.41650816633612520	-3.04138782534269847	3.06542301886371638
298907090.061199903488	2475612.806315043475	141525.978462822648	-2665861.908229314256	2.41649351959346070	-3.04138670888994467	3.06542060420638141
298907090.077149927616	2475653.398100208025	141521.851465009822	-2665824.898768392392	2.41647887274005146	-3.04138559238425099	3.06541818956200318
298907090.093099892139	2475693.989158801734	141517.724356952385	-2665787.888838186860	2.41646422599555954	-3.04138447583592386	3.06541577495943685
298907090.109049916267	2475734.579826228786	141513.597094740369	-2665750.878168242518	2.41644957925097481	-3.04138335923257275	3.06541336037604673
298907090.124999940395	2475775.169914692175	141509.469720464956	-2665713.866904355586	2.41643493239482421	-3.04138224258351952	3.06541094581382545
298907090.140949904919	2475815.759289624169	141505.342243462801	-2665676.855168100446	2.41642018394575420	-3.04138114458923470	3.06540859438082514
298907090.156899929047	2475856.348236436956	141501.214637403114	-2665639.842678979039	2.41640525255769134	-3.04138008017823713	3.06540635645205661
298907090.172849893570	2475896.936496176291	141497.086889270111	-2665602.829756022897	2.41639032116823937	-3.04137901572358205	3.06540411855317974
298907090.188799917698	2475937.524348626379	141492.959017627290	-2665565.816080031451	2.41637538966598608	-3.04137795121567978	3.06540188066561781
298907090.204749882221	2475978.111473485827	141488.831042573351	-2665528.801931785420	2.41636045827430168	-3.04137688666888550	3.06539964282105615
298907090.220699906349	2476018.698199878447	141484.702928727522	-2665491.787046827842	2.41634552688177529	-3.04137582207360957	3.06539740500091717
298907090.236649930477	2476059.284333750606	141480.574699633056	-2665454.771557602566	2.41633063368637924	-3.04137469501700286	3.06539509193422033
298907090.252599895000	2476099.869775456376	141476.446346664714	-2665417.755603307858	2.41631592547450236	-3.04137326674369035	3.06539241572829591
298907090.268549919128	2476140.454805141315	141472.317856408161	-2665380.738915384281	2.41630121726243630	-3.04137183841854375	3.06538973955438898
298907090.284499883652	2476181.039116540924	141468.189267355687	-2665343.721767033450	2.41628650904990749	-3.04137041004397624	3.06538706341523604
298907090.300449907780	2476221.623005581088	141464.060549730231	-2665306.703859819099	2.41627180072689907	-3.04136898161009173	3.06538438729172036
298907090.316399931908	2476262.206367713399	141459.931659949914	-2665269.685379143339	2.41625709251454079	-3.04136755312703189	3.06538171121113479
298907090.332349896431	2476302.788979332894	141455.802721464133	-2665232.666408474091	2.41624238430144533	-3.04136612459696698	3.06537903516804233
298907090.348299920559	2476343.371200305410	141451.673613334162	-2665195.646708507556	2.41622750256348340	-3.04136513079092552	3.06537667375778389
298907090.364249885082	2476383.952701475471	141447.544399850827	-2665158.626539197750	2.41621258365655667	-3.04136423040818560	3.06537438002089146
298907090.380199909210	2476424.533755692188	141443.415078246064	-2665121.605621609837	2.41619766474880926	-3.04136332997375591	3.06537208630324010
298907090.396149933338	2476465.114309098572	141439.285581820295	-2665084.584131859709	2.41618274572728176	-3.04136242949375246	3.06536979260224873
298907090.412099897861	2476505.694105742965	141435.156011641753	-2665047.562149201520	2.41616782681652520	-3.04136152896801182	3.06536749893676097
298907090.428049921989	2476546.273502895609	141431.026309509441	-2665010.539426865056	2.41615290790440085	-3.04136062839540910	3.06536520529598766
298907090.443999886513	2476586.852190088946	141426.896479933697	-2664973.516254478600	2.41613831945200230	-3.04135945664267959	3.06536260078041822
298907090.459949910641	2476627.430450682528	141422.766516699077	-2664936.492335172370	2.41612393894227129	-3.04135811412868451	3.06535980053712498
298907090.475899934769	2476668.008166722953	141418.636416600290	-2664899.467823163141	2.41610955854015597	-3.04135677156906326	3.06535700034122138
298907090.491849899292	2476708.585160393268	141414.506240303803	-2664862.442825434729	2.41609517813754415	-3.04135542895938915	3.06535420017813154
298907090.507799923420	2476749.161737306044	141410.375908254297	-2664825.417100077961	2.41608079762714212	-3.04135408628799242	3.06535140002507633
298907090.523749887943	2476789.737609001342	141406.245456062839	-2664788.390915702563	2.41606641722408177	-3.04135274357338714	3.06534859992214903
298907090.539699912071	2476830.313060350716	141402.114884079754	-2664751.363984351046	2.41605199585173525	-3.04135151275683446	3.06534597979543477
298907090.555649936199	2476870.887946810108	141397.984178383020	-2664714.336452999152	2.41603746947367881	-3.04135056852841013	3.06534382041514109
298907090.571599900723	2476911.463071676902	141393.854455137218	-2664677.308414122555	2.41602294320302402	-3.04134962426258371	3.06534166107479900
298907090.587549924850	2476952.036846125498	141389.723508017138	-2664640.279673691839	2.41600841693166046	-3.04134867994825120	3.06533950175368330
298907090.603499889374	2476992.609903829172	141385.592439823551	-2664603.250486242585	2.41599389065849435	-3.04134773559506844	3.06533734246273504
298907090.619449913502	2477033.182545938995	141381.461247937754	-2664566.220539874863	2.41597936427514126	-3.04134679119434193	3.06533518318396547
298907090.635399937630	2477073.754623663146	141377.329924537888	-2664529.189996478613	2.41596483800001005	-3.04134584674897601	3.06533302393694518
298907090.651349902153	2477114.325965966098	141373.198528655164	-2664492.158973416779	2.41594971659121693	-3.04134470563041992	3.06533058484252985
298907090.667299926281	2477154.896927461494	141369.066941063007	-2664455.127240346745	2.41593456520501482	-3.04134355458977357	3.06532813171829854
298907090.683249890804	2477195.467183196917	141364.935260048689	-2664418.095040795859	2.41591941393147991	-3.04134240350453355	3.06532567863763727
298907090.699199914932	2477236.036989447661	141360.803459990624	-2664381.062078111339	2.41590426265755553	-3.04134125236446318	3.06532322558036130
298907090.715149939060	2477276.606252150610	141356.671527478058	-2664344.028528668918	2.41588911126854677	-3.04134010117380882	3.06532077254269497
298907090.731099903584	2477317.174811164849	141352.539459015825	-2664306.994523181580	2.41587395999247700	-3.04133894993615028	3.06531831954586664
298907090.747049927711	2477357.742933200672	141348.407310445065	-2664269.959757416975	2.41585899668710047	-3.04133799366066926	3.06531591008764259
