295776674.571012258530 0.000078375000
295776674.571012258530	-356450.510033350729	2825925.246196965221	-2267496.765067313798	0.10180410377862668	0.87812516298268484	1.61097699830696151
295776674.586687266827	-356448.430836339539	2825959.624392382801	-2267454.930052979384	0.10180493006715524	0.87813973316225979	1.61097595514333780
295776674.602362275124	-356446.351449729351	2825994.002022426575	-2267413.094570949674	0.10180575630980769	0.87815430323460753	1.61097491196964104
295776674.618037283421	-356444.271945136075	2826028.378990711179	-2267371.258568067104	0.10180658254813449	0.87816887341888461	1.61097386880766602
295776674.633712232113	-356442.192304662603	2826062.755188502837	-2267329.422213313170	0.10180740874930724	0.87818344349519528	1.61097282564695110
295776674.649387240410	-356440.112491583801	2826097.130953612737	-2267287.585233667400	0.10180823492537716	0.87819801357385652	1.61097178248705708
295776674.665062248707	-356438.032522541005	2826131.506056562997	-2267245.747733227443	0.10180906108403436	0.87821258376555600	1.61097073932187929
295776674.680737257004	-356435.952399486850	2826165.880571181886	-2267203.909748796839	0.10181001223294187	0.87822747971922299	1.61096970963900699
295776674.696412265301	-356433.872133361292	2826200.254469457082	-2267162.071273076814	0.10181112580312322	0.87824279912035286	1.61096869748639659
295776674.712087273598	-356431.791711727215	2826234.627732083667	-2267120.232285346836	0.10181223933001605	0.87825811840901824	1.61096768533101153
295776674.727762281895	-356429.711127566057	2826269.000380754936	-2267078.392807813361	0.10181335285082248	0.87827343781650991	1.61096667318378750
295776674.743437230587	-356427.630416914239	2826303.372281596530	-2267036.552990191150	0.10181446634579129	0.87828875711005849	1.61096566105646177
295776674.759112238884	-356425.549533279322	2826337.743702236563	-2266994.712521139067	0.10181557981171054	0.87830407640715813	1.61096464892616065
295776674.774787247181	-356423.468480232928	2826372.114507385064	-2266952.871557858307	0.10181651278398485	0.87831931150225262	1.61096363884956006
295776674.790462255478	-356421.387286846642	2826406.484701286536	-2266911.030097290874	0.10181699058994204	0.87833433385662885	1.61096263392994787
295776674.806137263775	-356419.305925362802	2826440.854303255677	-2266869.188157243188	0.10181746837831444	0.87834935632608324	1.61096162900912643
295776674.821812272072	-356417.224440311082	2826475.223246695008	-2266827.345697802491	0.10181794612156132	0.87836437868383865	1.61096062407604124
295776674.837487280369	-356415.142783846939	2826509.591598808300	-2266785.502754429821	0.10181842384722033	0.87837940115667112	1.61095961914174279
295776674.853162229061	-356413.060987907229	2826543.959199283272	-2266743.659476965200	0.10181890153648118	0.87839442351706609	1.61095861420651842
295776674.868837237358	-356410.979031800351	2826578.326299600303	-2266701.815528805368	0.10181937918565785	0.87840944587989023	1.61095760925321629
295776674.884512245655	-356408.896924572531	2826612.692784456536	-2266659.971092329826	0.10182033848222369	0.87842448668151019	1.61095654076020289
295776674.900187253952	-356406.814639226010	2826647.058681426104	-2266618.126171891578	0.10182139497812903	0.87843953107211459	1.61095545943312146
295776674.915862262249	-356404.732214033604	2826681.423935454339	-2266576.280742469709	0.10182245147395727	0.87845457557872109	1.61095437812227149
295776674.931537270546	-356402.649647591286	2826715.788583413232	-2266534.434818673879	0.10182350792900323	0.87846961997459005	1.61095329681209409
295776674.947212278843	-356400.566925185558	2826750.152608992998	-2266492.588400705252	0.10182456438397186	0.87848466448646056	1.61095221551814660
295776674.962887287140	-356398.484049035935	2826784.516030206345	-2266450.741485393140	0.10182562079379255	0.87849970888796336	1.61095113421919911
295776674.978562235832	-356396.401017117023	2826818.878696585074	-2266408.894237529952	0.10182658825344519	0.87851446201692940	1.61095006533611529
295776674.994237244129	-356394.317824981641	2826853.240883804858	-2266367.046336727683	0.10182748160927671	0.87852897258602114	1.61094900679009290
295776675.009912252426	-356392.234465931659	2826887.602457875386	-2266325.197940181009	0.10182837491965108	0.87854348304847973	1.61094794823536747
295776675.025587260723	-356390.150981334387	2826921.963397579733	-2266283.349034537096	0.10182926822716101	0.87855799362255516	1.61094688969351685
295776675.041262269020	-356388.067332916427	2826956.323739554267	-2266241.499650956132	0.10183016149794373	0.87857250408925791	1.61094583115430257
295776675.056937277317	-356385.984729115444	2826990.684343568515	-2266199.649975316599	0.10183105475713074	0.87858701466831646	1.61094477261662106
295776675.072612285614	-356383.900788045721	2827025.043414266314	-2266157.799573626835	0.10183195939380865	0.87860156609549611	1.61094371908604272
295776675.088287234306	-356381.816673513211	2827059.401782585774	-2266115.948864411563	0.10183298686678353	0.87861655816788187	1.61094271947048573
295776675.103962242603	-356379.732417369727	2827093.759653529152	-2266074.097485927865	0.10183401433219269	0.87863155035643625	1.61094171986120438
295776675.119637250900	-356377.648000782880	2827128.116905125324	-2266032.245616214816	0.10183504175849246	0.87864654243447537	1.61094072025272861
295776675.135312259197	-356375.563430046896	2827162.473544618580	-2265990.393249243498	0.10183606918159137	0.87866153462831309	1.61093972065619817
295776675.150987267494	-356373.478716105514	2827196.829543999396	-2265948.540377712343	0.10183709656558292	0.87867652671163599	1.61093872106047464
295776675.166662275791	-356371.393825378269	2827231.184979038779	-2265906.687036977150	0.10183812394637178	0.87869151891075681	1.61093772147669356
295776675.182337284088	-356369.308799320483	2827265.539749313612	-2265864.833175445907	0.10183915872238714	0.87870594597415075	1.61093671671268490
295776675.198012232780	-356367.223627127241	2827299.893771383446	-2265822.978979795240	0.10184019549787135	0.87872021987107918	1.61093571055606222
295776675.213687241077	-356365.138290698582	2827334.247343840078	-2265781.124142927118	0.10184123226690783	0.87873449387874081	1.61093470440547359
295776675.229362249374	-356363.052812256210	2827368.600273752119	-2265739.268794105388	0.10184226900217418	0.87874876778100486	1.61093369826121680
295776675.245037257671	-356360.967162170040	2827402.952590791974	-2265697.412956967019	0.10184330572662548	0.87876304179437159	1.61093269211732171
295776675.260712265968	-356358.881363306893	2827437.304289732594	-2265655.556625597645	0.10184434241730708	0.87877731570234086	1.61093168597975800
295776675.276387274265	-356356.795402694377	2827471.655403973069	-2265613.699808723293	0.10184532733038061	0.87879184858383064	1.61093059665618110
295776675.292062282562	-356354.709307868441	2827506.005853242241	-2265571.842472540215	0.10184619052548935	0.87880698968975735	1.61092931181256427
295776675.307737231255	-356352.623056838289	2827540.355579358060	-2265529.984815505333	0.10184705369385763	0.87882213079806926	1.61092802697195436
295776675.323412239552	-356350.536655922129	2827574.704825014807	-2265488.126505528111	0.10184791684782656	0.87883727202342721	1.61092674213208342
295776675.339087247849	-356348.450083456119	2827609.053455571644	-2265446.267698348965	0.10184877994961028	0.87885241313761964	1.61092545728047010
295776675.354762256145	-356346.363376051188	2827643.401450092904	-2265404.408388043754	0.10184964303699146	0.87886755436885722	1.61092417242959107
295776675.370437264442	-356344.276483443333	2827677.748852426186	-2265362.548593833577	0.10185051802818094	0.87888267413961518	1.61092290097187085
295776675.386112272739	-356342.189467806078	2827712.095622733235	-2265320.688289010432	0.10185192429952890	0.87889684534731038	1.61092222519347716
295776675.401787281036	-356340.102287938062	2827746.441768786404	-2265278.827497470658	0.10185333054372556	0.87891101645082781	1.61092154942706434
295776675.417462229729	-356338.014942102192	2827780.787198489998	-2265236.966376109980	0.10185473678161275	0.87892518755708082	1.61092087368066950
295776675.433137238026	-356335.927473651594	2827815.132122911047	-2265195.104592967313	0.10185614303840067	0.87893935877261287	1.61092019796800390
295776675.448812246323	-356333.839840130298	2827849.476426036563	-2265153.242317134980	0.10185754926804162	0.87895352988396769	1.61091952226732227
295776675.464487254620	-356331.752050459501	2827883.820122433826	-2265111.379545473959	0.10185895550784713	0.87896770110534117	1.61091884658902362
295776675.480162262917	-356329.664102912357	2827918.163180816919	-2265069.516263316385	0.10186016194274958	0.87898230103559705	1.61091793076587453
295776675.495837271214	-356327.576002318237	2827952.505647892132	-2265027.652503136080	0.10186121379830877	0.87899723289166487	1.61091682913515655
295776675.511512279510	-356325.487745157152	2827986.847500508185	-2264985.788247212302	0.10186226561272878	0.87901216463787379	1.61091572750473788
295776675.527187287807	-356323.399371246749	2828021.188691139687	-2264943.923471922986	0.10186331742667347	0.87902709649925004	1.61091462588989032
295776675.542862236500	-356321.310788854957	2828055.529207842425	-2264902.058396432549	0.10186436919511037	0.87904202825113809	1.61091352426966883
295776675.558537244797	-356319.222088819952	2828089.869165750686	-2264860.192635650281	0.10186542094055538	0.87905696000586575	1.61091242265454437
295776675.574212253094	-356317.133214518195	2828124.208561656531	-2264818.326404148713	0.10186654961558471	0.87907177795925784	1.61091139998958588
295776675.589887261391	-356315.044208510371	2828158.547294931486	-2264776.459651822690	0.10186789024122475	0.87908628191812455	1.61091059484301291
295776675.605562269688	-356312.955023312708	2828192.885461508762	-2264734.592431802768	0.10186923087667329	0.87910078598929153	1.61090978972022669
295776675.621237277985	-356310.865707976162	2828227.222991767339	-2264692.724701226223	0.10187057148561189	0.87911528995349986	1.61090898461279175
295776675.636912286282	-356308.776229117939	2828261.559908248484	-2264650.856479363050	0.10187191209999048	0.87912979403037805	1.61090817952347010
295776675.652587234974	-356306.686586760974	2828295.896073521581	-2264608.987923437729	0.10187325268348904	0.87914429800066740	1.61090737444382448
295776675.668262243271	-356304.596809575625	2828330.231737965252	-2264567.118698273785	0.10187459327679999	0.87915880208325681	1.61090656938796872
295776675.683937251568	-356302.506864400930	2828364.566810449120	-2264525.248993632849	0.10187573074851496	0.87917397510266571	1.61090551469880805
295776675.699612259865	-356300.416789745330	2828398.901219894644	-2264483.378771140240	0.10187675090994869	0.87918953467886440	1.61090431582634297
295776675.715287268162	-356298.327748337644	2828433.235932707321	-2264441.508281723130	0.10187777103091726	0.87920509414014947	1.61090311695819377
295776675.730962276459	-356296.237327683019	2828467.569162287284	-2264399.637095787562	0.10187879113413065	0.87922065372257552	1.61090191808546490
295776675.746637284756	-356294.146791410982	2828501.901729673613	-2264357.765391974710	0.10187981119687588	0.87923621319008693	1.61090071921704769
295776675.762312233448	-356292.056083385309	2828536.233599967789	-2264315.893373152241	0.10188083123706511	0.87925177266015664	1.61089952035700690
295776675.777987241745	-356289.965216823155	2828570.564959188923	-2264274.020691175479	0.10188200810650201	0.87926696575132102	1.61089863251789001
295776675.793662250042	-356287.874206658453	2828604.895709973760	-2264232.147516338155	0.10188335360031327	0.87928176463052177	1.61089807913103589
295776675.809337258339	-356285.783057876630	2828639.225817593280	-2264190.273834003601	0.10188469911401499	0.87929656362347242	1.61089752578047540
295776675.825012266636	-356283.691734659194	2828673.555339443963	-2264148.399667679332	0.10188604459809364	0.87931136250753883	1.61089697243691354
295776675.840687274933	-356281.600278410246	2828707.884196107741	-2264106.524983530398	0.10188739009769521	0.87932616150572529	1.61089641912397341
295776675.856362283230	-356279.508624838083	2828742.212512013502	-2264064.649847924244	0.10188873556767532	0.87934096039502818	1.61089586581803257
295776675.872037231922	-356277.416882359365	2828776.540009186137	-2264022.774332369212	0.10189007401146095	0.87935576737635635	1.61089529676626841
295776675.887712240219	-356275.324939496059	2828810.867048189044	-2263980.898178711534	0.10189126822344910	0.87937074035828999	1.61089440409063411
295776675.903387248516	-356273.232842538739	2828845.193496078253	-2263939.021545544267	0.10189246240498585	0.87938571322960413	1.61089351142651194
295776675.919062256813	-356271.140609442780	2828879.519303144887	-2263897.144403369632	0.10189365659454268	0.87940068621631706	1.61089261878668566
295776675.934737265110	-356269.048206347041	2828913.844523630571	-2263855.266783144325	0.10189485074490169	0.87941565909314978	1.61089172614701681
295776675.950412273407	-356266.955671592441	2828948.169081477448	-2263813.388642096426	0.10189604489891144	0.87943063208575256	1.61089083352597084
295776675.966087281704	-356264.862970044196	2828982.493026149925	-2263771.510005302262	0.10189723901372408	0.87944560496847468	1.61088994090508209
295776675.981762230396	-356262.770114636514	2829016.816266029142	-2263729.631059498060	0.10189858807318992	0.87946054850514077	1.61088914519612514
295776675.997437238693	-356260.677103397495	2829051.138981150929	-2263687.751435673330	0.10189998963012412	0.87947548221486438	1.61088838232194620
295776676.013112246990	-356258.583951936977	2829085.461106003262	-2263645.871332313865	0.10190139116623156	0.87949041581401688	1.61088761947115300
295776676.028787255287	-356256.490639101132	2829119.782590683084	-2263603.990718483925	0.10190279271002722	0.87950534952913217	1.61088685664148357
295776676.044462263584	-356254.397181330074	2829154.103464367799	-2263562.109614796005	0.10190419422424907	0.87952028313441522	1.61088609382384451
295776676.060137271881	-356252.303572223114	2829188.423693830147	-2263520.228005122859	0.10190559575053337	0.87953521685529057	1.61088533103300646
295776676.075812280178	-356250.209806149302	2829222.743340511806	-2263478.345911399927	0.10190686228381099	0.87955016202819702	1.61088446986934941
295776676.091487228870	-356248.115881096746	2829257.062253944110	-2263436.463498427533	0.10190778274405315	0.87956513684905224	1.61088335645481218
295776676.107162237167	-356246.021808304940	2829291.380641723983	-2263394.580404463224	0.10190870318698257	0.87958011178629136	1.61088224303542549
295776676.122837245464	-356243.927562218101	2829325.698443525936	-2263352.696827995125	0.10190962358265251	0.87959508661349473	1.61088112960742746
295776676.138512253761	-356241.833157137735	2829360.015649512410	-2263310.812775047030	0.10191054397413234	0.87961006155597188	1.61088001619161147
295776676.154187262058	-356239.738642582204	2829394.332176784053	-2263268.928184925113	0.10191146432272413	0.87962503638804257	1.61087890277285739
295776676.169862270355	-356237.643938197405	2829428.648130909074	-2263227.043127193116	0.10191238466275027	0.87964001133575709	1.61087778936060633
295776676.185537278652	-356235.549085327890	2829462.963471891358	-2263185.157579630613	0.10191331462146783	0.87965437468714081	1.61087656793690170
295776676.201212286949	-356233.454090544139	2829497.278151525185	-2263143.271511241794	0.10191424471505035	0.87966872872471702	1.61087534484666151
295776676.216887235641	-356231.358967249689	2829531.592104705982	-2263101.385117548052	0.10191517478197100	0.87968308265530404	1.61087412177529932
295776676.232562243938	-356229.263654107752	2829565.905582383275	-2263059.498072397895	0.10191610480446445	0.87969743659016619	1.61087289868127859
295776676.248237252235	-356227.168190969795	2829600.218439388555	-2263017.610536014196	0.10191703482164188	0.87971179063575644	1.61087167559687594
295776676.263912260532	-356225.072579611617	2829634.530686004087	-2262975.722505315207	0.10191796479465662	0.87972614457583842	1.61087045250863792
295776676.279587268829	-356222.976808215550	2829668.842315995600	-2262933.833978902083	0.10191888040740868	0.87974086854761657	1.61086921061326538
295776676.295262277126	-356220.880895327602	2829703.153332155198	-2262891.944958200678	0.10191978181527421	0.87975595749895363	1.61086795015350837
295776676.310937285423	-356218.784815227438	2829737.463708618656	-2262850.055432971101	0.10192068320167955	0.87977104656771843	1.61086668968467617
295776676.326612234116	-356216.688589616737	2829771.773363363929	-2262808.165582406335	0.10192158455008854	0.87978613552464335	1.61086542922227327
295776676.342287242413	-356214.592207008973	2829806.082535554189	-2262766.275087839924	0.10192248586439184	0.87980122448473230	1.61086416875286620
295776676.357962250710	-356212.495687271236	2829840.391046111472	-2262724.384065024089	0.10192338716598395	0.87981631356150847	1.61086290828573730
295776676.373637259007	-356210.400196318456	2829874.699863111600	-2262682.492778225336	0.10192429580372840	0.87983136533688910	1.61086173033030655
295776676.389312267303	-356208.303354394971	2829909.007187812589	-2262640.600800910965	0.10192522953589625	0.87984629080568200	1.61086083288972315
295776676.404987275600	-356206.206359640288	2829943.313879173249	-2262598.708310071379	0.10192616322604511	0.87986121616452639	1.61085993544305417
295776676.420662283897	-356204.109244856110	2829977.619911360554	-2262556.815304291435	0.10192709691308414	0.87987614163835082	1.61085903800871022
295776676.436337232590	-356202.011922390491	2830011.925261660479	-2262514.921999883372	0.10192803056247864	0.87989106700185626	1.61085814057395615
295776676.452012240887	-356199.914481059881	2830046.230087793432	-2262473.028015912976	0.10192896419149584	0.87990599236769174	1.61085724314515910
295776676.467687249184	-356197.816883037856	2830080.534296692349	-2262431.133540681563	0.10192989781740415	0.87992091784850723	1.61085634572868708
295776676.483362257481	-356195.719124962576	2830114.837909968104	-2262389.238587485626	0.10193103204826573	0.87993595790181300	1.61085530891751816
295776676.499037265778	-356193.621207339456	2830149.140893340111	-2262347.343120737467	0.10193222850356672	0.87995103364508631	1.61085422886946716
295776676.514712274075	-356191.523130518501	2830183.443278131075	-2262305.447181996889	0.10193342492393388	0.87996610927726360	1.61085314883109021
295776676.530387282372	-356189.424923685263	2830217.745026580989	-2262263.550732701551	0.10193462134790066	0.87998118502592804	1.61085206881234533
295776676.546062231064	-356187.326548367622	2830252.046032545622	-2262221.653941829689	0.10193581772817908	0.87999626066423753	1.61085098879191424
295776676.561737239361	-356185.228026373487	2830286.346554653253	-2262179.756506958045	0.10193701408841201	0.88001133630561212	1.61084990878045398
295776676.577412247658	-356183.129355830140	2830320.646437627263	-2262137.858560103923	0.10193835037862811	0.88002612758168108	1.61084892856874440
295776676.593087255955	-356181.030531031894	2830354.945726715960	-2262095.960138226394	0.10193984729988147	0.88004059212580932	1.61084806294074334
295776676.608762264252	-356178.931531428010	2830389.244403502904	-2262054.061223576777	0.10194134422484365	0.88005505678303908	1.61084719732721271
295776676.624437272549	-356176.832398254424	2830423.542441801168	-2262012.161798401270	0.10194284112354358	0.88006952133397254	1.61084633173197389
295776676.640112280846	-356174.733097215940	2830457.839888115879	-2261970.261893749237	0.10194433803471127	0.88008398599726745	1.61084546616256796
295776676.655787229538	-356172.633666385198	2830492.136565631256	-2261928.361640164629	0.10194583491962034	0.88009845055426617	1.61084460061145607
295776676.671462237835	-356170.534069493122	2830526.432759451680	-2261886.460735182278	0.10194733179106337	0.88011291511485168	1.61084373507388312
295776676.687137246132	-356168.434337199084	2830560.728343923111	-2261844.559334371239	0.10194851618033451	0.88012819276798160	1.61084267182243401
295776676.702812254429	-356166.334430550109	2830595.023305405863	-2261802.657446842175	0.10194963978410587	0.88014362832862347	1.61084157013230733
295776676.718487262726	-356164.234348469239	2830629.317681300454	-2261760.755073834676	0.10195076337979521	0.88015906400913380	1.61084046844831641
295776676.734162271023	-356162.134143771837	2830663.611390691251	-2261718.852183005773	0.10195188693872609	0.88017449957571414	1.61083936677218609
295776676.749837279320	-356160.033779724035	2830697.904514936265	-2261676.948809643276	0.10195301049395358	0.88018993526179179	1.61083826510787098
295776676.765512287617	-356157.933255451208	2830732.197019793559	-2261635.044945048634	0.10195413400804451	0.88020537083430983	1.61083716344573546
295776676.781187236309	-356155.832610595797	2830766.488754753489	-2261593.140730038751	0.10195531522716091	0.88022014603407506	1.61083624369244793
295776676.796862244606	-356153.731774378917	2830800.780027672183	-2261551.235879926011	0.10195652293207305	0.88023461826585558	1.61083540742586040
295776676.812537252903	-356151.630805031804	2830835.070669827517	-2261509.330519201700	0.10195773060409735	0.88024909039112509	1.61083457116555695
295776676.828212261200	-356149.529675473226	2830869.360692595132	-2261467.424667242914	0.10195893828195161	0.88026356262828753	1.61083373492521376
295776676.843887269497	-356147.428381684469	2830903.650104511529	-2261425.518318029586	0.10196014592253616	0.88027803475930866	1.61083289868546986
295776676.859562277794	-356145.326944868662	2830937.938897277694	-2261383.611482012551	0.10196135357333004	0.88029250700185191	1.61083206247136634
295776676.875237286091	-356143.225367790845	2830972.227054988500	-2261341.704135440290	0.10196248993804895	0.88030706660830638	1.61083114459121401
295776676.890912234783	-356141.123642575054	2831006.514485866297	-2261299.796469528694	0.10196339882909390	0.88032190544717770	1.61082996600631545
295776676.906587243080	-356139.021729834669	2831040.801459598821	-2261257.888164002448	0.10196430770126201	0.88033674440147058	1.61082878741461544
295776676.922262251377	-356136.919696760946	2831075.087745412253	-2261215.979325870052	0.10196521652914016	0.88035158324646368	1.61082760881900766
295776676.937937259674	-356134.817471261485	2831109.373490156140	-2261174.070028855000	0.10196612534690225	0.88036642220613892	1.61082643022796179
295776676.953612267971	-356132.715127803269	2831143.658551551867	-2261132.160206602886	0.10196703411599296	0.88038126105688519	1.61082525162732448
295776676.969287276268	-356130.612606275245	2831177.943041034043	-2261090.249913742766	0.10196794287934749	0.88039610002194202	1.61082407303692987
295776676.984962284565	-356128.509954544134	2831212.226891408674	-2261048.339114813134	0.10196941197333877	0.88041115349994481	1.61082353950807100
295776677.000637233257	-356126.407151325548	2831246.509996774606	-2261006.427983218804	0.10197092672175766	0.88042622446663676	1.61082305856111385
295776677.016312241554	-356124.304180979147	2831280.792618641630	-2260964.516198741272	0.10197244148738169	0.88044129555000139	1.61082257764542081
295776677.031987249851	-356122.202259635844	2831315.075496879872	-2260922.604123746976	0.10197395623120199	0.88045636652215864	1.61082209674759347
295776677.047662258148	-356120.098972504959	2831349.356919301208	-2260880.691359507851	0.10197547099661504	0.88047143761061974	1.61082161588671924
295776677.063337266445	-356117.995574854605	2831383.637646998744	-2260838.778071629349	0.10197698574460949	0.88048650858750266	1.61082113504939595
295776677.079012274742	-356115.891974283149	2831417.917811158579	-2260796.864311601967	0.10197826551292369	0.88050166049634859	1.61082031335947518
295776677.094687283039	-356113.788244629395	2831452.197336006444	-2260754.950046990067	0.10197928740003891	0.88051690096770041	1.61081911764783703
295776677.110362231731	-356111.684356569895	2831486.476135307923	-2260713.035463040229	0.10198030926528405	0.88053214144160852	1.61081792194461926
295776677.126037240028	-356109.580313259910	2831520.754436338786	-2260671.120209852234	0.10198133111346193	0.88054738203422922	1.61081672623687866
295776677.141712248325	-356107.476124338515	2831555.032110886183	-2260629.204466976225	0.10198235292620003	0.88056262251399020	1.61081553053913118
295776677.157387256622	-356105.371766923694	2831589.309201370925	-2260587.288243052084	0.10198337472625266	0.88057786311209285	1.61081433484254344
295776677.173062264919	-356103.267284748552	2831623.585625749081	-2260545.371498332359	0.10198439258894949	0.88059296713675994	1.61081318157332820
295776677.188737273216	-356101.162622423202	2831657.861464808229	-2260503.454275562894	0.10198539363300359	0.88060748289647406	1.61081221121857898
295776677.204412281513	-356099.057805553544	2831692.136681228410	-2260461.536560107488	0.10198639464338778	0.88062199854883660	1.61081124086976324
295776677.220087230206	-356096.952849136549	2831726.411156642251	-2260419.618504505605	0.10198739563789609	0.88063651420338052	1.61081027053270454
295776677.235762238503	-356094.847747275024	2831760.685126977507	-2260377.699788634200	0.10198839662555749	0.88065102997037970	1.61080930020185931
295776677.251437246799	-356092.742473843275	2831794.958479410037	-2260335.780580047984	0.10198939757078067	0.88066554563076815	1.61080832986557665
295776677.267112255096	-356090.637052125880	2831829.231237454340	-2260293.860890498385	0.10199039852230685	0.88068006140250010	1.61080735955255916
295776677.282787263393	-356088.531492410286	2831863.503360028844	-2260251.940693365876	0.10199152375760114	0.88069497679865605	1.61080634638816722
295776677.298462271690	-356086.425744060194	2831897.774890441913	-2260210.020021237899	0.10199270140191988	0.88071006085181613	1.61080531515907288
