217456589.889681279659 0.000084437500
217456589.889681279659	-3528808.609383441508	202850.557959247293	-923806.939359207754	1.33927308387468202	-0.19957373400868089	3.00660899932581493
217456589.906568765640	-3528823.348233159166	202858.348523118068	-923751.120566663449	1.33928879417624436	-0.19957138910070188	3.00660931964199651
217456589.923456281424	-3528838.086241550744	202866.139072405524	-923695.301446071244	1.33930450435597237	-0.19956904419988100	3.00660964000969644
217456589.940343767405	-3528852.823275410570	202873.929623611330	-923639.482170921052	1.33932021463479578	-0.19956669929133375	3.00660996043781870
217456589.957231283188	-3528867.559484060854	202881.720182858204	-923583.662591716507	1.33933592835693882	-0.19956435023044874	3.00661029092797261
217456589.974118769169	-3528882.294743175618	202889.510672976263	-923527.842866724706	1.33935166129928240	-0.19956197794988964	3.00661067749931243
217456589.991006284952	-3528897.029133096803	202897.301202382252	-923472.022810856695	1.33936739434086283	-0.19955960566242853	3.00661106413204582
217456590.007893770933	-3528911.762596816290	202905.091693925206	-923416.202621309902	1.33938312726042863	-0.19955723338334078	3.00661145081633219
217456590.024781286716	-3528926.495156951249	202912.882164150913	-923360.382078081486	1.33939886027914690	-0.19955486109912485	3.00661183756243799
217456590.041668772697	-3528941.226842690259	202920.672583845211	-923304.561444634339	1.33941459328634971	-0.19955248881830373	3.00661222436565589
217456590.058556288481	-3528955.957666448783	202928.463051450148	-923248.740468426840	1.33943038287758509	-0.19955008087115222	3.00661258376863483
217456590.075443774462	-3528970.687530532014	202936.253477956139	-923192.919339077198	1.33944629428845485	-0.19954759634680638	3.00661288431035745
217456590.092331290245	-3528985.416520160623	202944.043894874252	-923137.097881452530	1.33946220568755603	-0.19954511181745194	3.00661318490997065
217456590.109218776226	-3529000.144574552774	202951.834282704571	-923081.276282794424	1.33947811696254027	-0.19954262730125749	3.00661348556550267
217456590.126106292009	-3529014.871776059736	202959.624655791558	-923025.454373912769	1.33949402833743036	-0.19954014277605606	3.00661378628429965
217456590.142993777990	-3529029.598045199178	202967.415016942308	-922969.632318056189	1.33950993958845754	-0.19953765825870518	3.00661408705773825
217456590.159881293774	-3529044.324009179138	202975.205010467209	-922913.810291204252	1.33952574206073760	-0.19953514885112214	3.00661415857532166
217456590.176768779755	-3529059.048477496020	202982.995386085240	-922857.987757497234	1.33954139767384217	-0.19953260587779784	3.00661392086448220
217456590.193656265736	-3529073.772049792111	202990.785647811717	-922802.165020001354	1.33955705316397000	-0.19953006290803929	3.00661368321306410
217456590.210543781519	-3529088.494756500237	202998.575953101012	-922746.341945687425	1.33957270875153278	-0.19952751991885606	3.00661344562081334
217456590.227431267500	-3529103.216534447856	203006.366250756750	-922690.518718457432	1.33958836421637129	-0.19952497692793067	3.00661320808670807
217456590.244318783283	-3529117.937435811386	203014.156508796412	-922634.695168893319	1.33960401977839183	-0.19952243392289426	3.00661297061304644
217456590.261206269264	-3529132.657411522232	203021.946792719566	-922578.871488992358	1.33961977957864908	-0.19951999295451833	3.00661301128292413
217456590.278093785048	-3529147.376556049101	203029.737033939396	-922523.047488399199	1.33963565208635460	-0.19951766243404145	3.00661335297567689
217456590.294981271029	-3529162.094708513469	203037.527226210514	-922467.223334436421	1.33965152469409277	-0.19951533190982382	3.00661369473019580
217456590.311868786812	-3529176.812025627121	203045.317454507196	-922411.398869061959	1.33966739729054707	-0.19951300138301112	3.00661403654039239
217456590.328756272793	-3529191.528439896647	203053.107661487447	-922355.574262880720	1.33968326976372754	-0.19951067086891291	3.00661437840357992
217456590.345643788576	-3529206.243923622184	203060.897826161963	-922299.749316088273	1.33969914233719356	-0.19950834034576628	3.00661472032725863
217456590.362531274557	-3529220.958523489535	203068.688009305217	-922243.924246541341	1.33971523909740919	-0.19950615787232470	3.00661494400426932
217456590.379418790340	-3529235.672220144421	203076.478164640372	-922188.098823313019	1.33973148452295843	-0.19950407344537374	3.00661508938966016
217456590.396306276321	-3529250.385039846878	203084.268299650605	-922132.273290625308	1.33974772993739899	-0.19950198901627597	3.00661523482888393
217456590.413193792105	-3529265.096973906271	203092.058418470348	-922076.447447488084	1.33976397522652935	-0.19949990458975148	3.00661538031851494
217456590.430081278086	-3529279.808499262668	203099.848153997649	-922020.621784494608	1.33978022061875190	-0.19949782015636550	3.00661552586540504
217456590.446968793869	-3529294.518622183707	203107.638245021924	-921964.795452810242	1.33979646599986579	-0.19949573572083701	3.00661567146612807
217456590.463856279850	-3529309.227807311341	203115.428337159014	-921908.968960853643	1.33981261500069282	-0.19949344839566199	3.00661591943669881
217456590.480743765831	-3529323.936084799934	203123.218369072623	-921853.142257755506	1.33982870764439688	-0.19949104204663978	3.00661622748341539
217456590.497631281614	-3529338.643522247206	203131.008437253215	-921797.315229947446	1.33984480016283558	-0.19948863571035233	3.00661653558539577
217456590.514518767595	-3529353.350005453452	203138.798451141658	-921741.488062293851	1.33986089278259168	-0.19948622936573795	3.00661684375008598
217456590.531406283379	-3529368.055639753118	203146.588448112656	-921685.660578474402	1.33987698539045863	-0.19948382302155881	3.00661715197333779
217456590.548293769360	-3529382.760335520841	203154.378459019150	-921629.832934383652	1.33989307787331402	-0.19948141668480679	3.00661746025057708
217456590.565181285143	-3529397.464178775437	203162.168448682496	-921574.004980069702	1.33990874820209371	-0.19947899296675389	3.00661783815331196
217456590.582068771124	-3529412.167072135024	203169.958375517977	-921518.176879968960	1.33992428504620542	-0.19947656377345527	3.00661823807911199
217456590.598956286907	-3529426.869060241617	203177.748383242142	-921462.348429525271	1.33993982198849815	-0.19947413456596441	3.00661863806488361
217456590.615843772888	-3529441.570213624742	203185.538302930858	-921406.519902386819	1.33995535891901496	-0.19947170536737094	3.00661903810922881
217456590.632731288671	-3529456.270438250154	203193.328202011500	-921350.691009456641	1.33997089572889205	-0.19946927617774465	3.00661943820522692
217456590.649618774652	-3529470.969747368712	203201.118098851613	-921294.861993544619	1.33998643263661421	-0.19946684698101338	3.00661983836289615
217456590.666506290436	-3529485.668152536266	203208.907980668591	-921239.032623952022	1.34000232872457348	-0.19946440414724045	3.00662015799815618
217456590.683393776417	-3529500.365680385381	203216.697848526557	-921183.203144900035	1.34001833509387680	-0.19946195712894296	3.00662045291972824
217456590.700281292200	-3529515.062819632702	203224.487340685591	-921127.373651167960	1.34003434156372236	-0.19945951010359791	3.00662074790469136
217456590.717168778181	-3529529.758528764360	203232.277178423596	-921071.543695452390	1.34005034790891275	-0.19945706308930103	3.00662104294493826
217456590.734056293964	-3529544.453383536078	203240.067026987381	-921015.713429513387	1.34006635435506616	-0.19945461605910481	3.00662133804645570
217456590.750943779945	-3529559.147301624995	203247.856857348146	-920959.883003302966	1.34008236078891163	-0.19945216903622451	3.00662163320858378
217456590.767831265926	-3529573.840288379695	203255.646602576686	-920904.052353839972	1.34009833462378247	-0.19945003251530072	3.00662203898527292
217456590.784718781710	-3529588.532438331749	203263.436394759599	-920848.221373726032	1.34011430544440535	-0.19944792578052090	3.00662245542817530
217456590.801606267691	-3529603.223658112343	203271.226151028415	-920792.390265876078	1.34013027614202529	-0.19944581905274134	3.00662287191897715
217456590.818493783474	-3529617.914013045840	203279.015937906806	-920736.558821207611	1.34014624694116935	-0.19944371232221419	3.00662328846834903
217456590.835381269455	-3529632.603403792717	203286.805621846666	-920680.727225998999	1.34016221772948985	-0.19944160559558613	3.00662370507138021
217456590.852268785238	-3529647.291955215391	203294.595343814202	-920624.895325320889	1.34017818839489222	-0.19943949887419074	3.00662412172188587
217456590.869156271219	-3529661.979567430913	203302.385038640874	-920569.063289551646	1.34019381500492130	-0.19943714863460402	3.00662446369692704
217456590.886043787003	-3529676.666303004138	203310.174747585348	-920513.230906268233	1.34020942155850276	-0.19943478420700061	3.00662480137384236
217456590.902931272984	-3529691.352133953944	203317.964413349895	-920457.398407358327	1.34022502799077192	-0.19943241979228124	3.00662513910337070
217456590.919818788767	-3529706.037077442277	203325.754080259561	-920401.565578759997	1.34024063452144926	-0.19943005536997654	3.00662547689337289
217456590.936706274748	-3529720.721102688927	203333.543704932381	-920345.732604601537	1.34025624093106677	-0.19942769095524573	3.00662581473471580
217456590.953593790531	-3529735.404240843840	203341.333324323205	-920289.899300753139	1.34027184743900962	-0.19942532653470288	3.00662615263695665
217456590.970481276512	-3529750.087010866962	203349.122594988439	-920234.066213150509	1.34028783897405956	-0.19942257190289633	3.00662581580846577
217456590.987368792295	-3529764.768364151474	203356.912180959276	-920178.232452105614	1.34030385672704222	-0.19941979057380710	3.00662543287551021
217456591.004256278276	-3529779.448775669560	203364.701770041225	-920122.398536729626	1.34031987457845214	-0.19941700922470934	3.00662505000686631
217456591.021143794060	-3529794.128369603306	203372.491330010118	-920066.564349833759	1.34033589241602957	-0.19941422785815802	3.00662466720114807
217456591.038031280041	-3529808.806977981701	203380.280847689108	-920010.729978446732	1.34035191012642385	-0.19941144649972889	3.00662428446247931
217456591.054918766022	-3529823.484685397707	203388.070382064878	-919954.895368134719	1.34036791995113203	-0.19940870782865563	3.00662397578026042
217456591.071806281805	-3529838.161543542519	203395.859905844525	-919899.060441656969	1.34038386021729150	-0.19940634058709550	3.00662431061938751
217456591.088693767786	-3529852.837468651589	203403.649376489746	-919843.225393385976	1.34039980058379937	-0.19940397334145038	3.00662464552106323
217456591.105581283569	-3529867.512521637604	203411.438922906644	-919787.389994999510	1.34041574093885840	-0.19940160609312005	3.00662498047926041
217456591.122468769550	-3529882.186675997451	203419.228329936857	-919731.554490943789	1.34043168117000078	-0.19939923885767416	3.00662531549133982
217456591.139356285334	-3529896.859918937087	203427.017843704263	-919675.718623249093	1.34044762150199626	-0.19939687160752081	3.00662565056342634
217456591.156243771315	-3529911.532245895360	203434.807237485977	-919619.882654413814	1.34046360615769200	-0.19939455468211487	3.00662603324146538
217456591.173131287098	-3529926.203719195444	203442.596668351325	-919564.046330935787	1.34047976318753492	-0.19939243273712018	3.00662660028029638
217456591.190018773079	-3529940.874250771012	203450.386063109123	-919508.209897546563	1.34049592020661801	-0.19939031079665925	3.00662716737320590
217456591.206906288862	-3529955.543882006314	203458.175447065616	-919452.373104533064	1.34051207710136322	-0.19938818886571519	3.00662773451379817
217456591.223793774843	-3529970.212602084503	203465.964820152236	-919396.536182596814	1.34052823409892841	-0.19938606693432739	3.00662830171486251
217456591.240681290627	-3529984.881014473736	203473.753855723771	-919340.699270427460	1.34054439108573398	-0.19938394500747753	3.00662886897000492
217456591.257568776608	-3529999.547958414536	203481.543139068875	-919284.861923829420	1.34056050344177491	-0.19938173835382364	3.00662938228894827
217456591.274456292391	-3530014.214037443977	203489.332506790553	-919229.024215233861	1.34057649003641033	-0.19937929204400015	3.00662974300012387
217456591.291343778372	-3530028.879159744363	203497.121796487656	-919173.186372733442	1.34059247650638680	-0.19937684575156783	3.00663010376729245
217456591.308231294155	-3530043.543440527283	203504.911147980398	-919117.348205524613	1.34060846307712733	-0.19937439944781957	3.00663046459694128
217456591.325118780136	-3530058.206784128677	203512.700378181820	-919061.509919123375	1.34062444963583660	-0.19937195314888248	3.00663082548624949
217456591.342006266117	-3530072.869224208407	203520.489655298152	-919005.671374558704	1.34064043607039096	-0.19936950685671484	3.00663118642900962
217456591.358893781900	-3530087.530787343625	203528.278899006516	-918949.832507658983	1.34065638619861693	-0.19936715575596070	3.00663150717766303
217456591.375781267881	-3530102.191414884757	203536.068119797274	-918893.993499729433	1.34067227810396528	-0.19936495658464881	3.00663176373352226
217456591.392668783665	-3530116.851216481533	203543.857361213566	-918838.154187742155	1.34068817011030794	-0.19936275739859841	3.00663202034596377
217456591.409556269646	-3530131.510045035277	203551.646578577842	-918782.314721198753	1.34070406210518223	-0.19936055821927767	3.00663227701459679
217456591.426443785429	-3530146.168038440403	203559.435755131737	-918726.474939904641	1.34071995397721433	-0.19935835904512877	3.00663253373352557
217456591.443331271410	-3530160.825087929145	203567.224919377040	-918670.635029459954	1.34073584594990614	-0.19935615986333055	3.00663279051073085
217456591.460218787193	-3530175.481231280603	203575.014092302241	-918614.794746094849	1.34075177927646894	-0.19935384510894197	3.00663306036114353
217456591.477106273174	-3530190.136477266438	203582.803191396873	-918558.954379641684	1.34076777041549566	-0.19935136848921770	3.00663334849933062
217456591.493993788958	-3530204.790866361465	203590.592316778377	-918503.113664485747	1.34078376165487478	-0.19934889186214511	3.00663363670128270
217456591.510881274939	-3530219.444834489841	203598.381071417127	-918447.273147299420	1.34079975276970353	-0.19934641524446650	3.00663392495857673
217456591.527768790722	-3530234.097403397784	203606.170192053745	-918391.431955479900	1.34081574398513603	-0.19934393861412933	3.00663421327836744
217456591.544656276703	-3530248.749070252758	203613.959239114134	-918335.590667273500	1.34083173518826060	-0.19934146198924618	3.00663450165876966
217456591.561543792486	-3530263.399854667950	203621.748319694336	-918279.749018256902	1.34084756483898326	-0.19933886259410097	3.00663515807351622
217456591.578431278467	-3530278.049706052989	203629.537347044970	-918223.907247446245	1.34086325269615037	-0.19933615528202248	3.00663613800634710
217456591.595318794250	-3530292.698667418212	203637.326405688567	-918168.065127707669	1.34087894054193013	-0.19933344797890826	3.00663711800043343
217456591.612206280231	-3530307.346743346192	203645.115384181176	-918112.222907054820	1.34089462826597106	-0.19933074069564405	3.00663809804689253
217456591.629093766212	-3530321.993884843308	203652.904376032035	-918056.380428010249	1.34091031608872591	-0.19932803341577707	3.00663907816475806
217456591.645981281996	-3530336.640172725543	203660.693365701329	-918000.537638743292	1.34092600378982674	-0.19932532615399073	3.00664005833457226
217456591.662868767977	-3530351.285529362038	203668.482323879347	-917944.694702501060	1.34094190450671191	-0.19932274415512938	3.00664068136996443
217456591.679756283760	-3530365.929997059517	203676.271308742405	-917888.851436571102	1.34095798267687494	-0.19932026655511786	3.00664100673524981
217456591.696643769741	-3530380.573578980751	203684.060205184884	-917833.008050487377	1.34097406072152370	-0.19931778897217803	3.00664133215763751
217456591.713531285524	-3530395.216238490306	203691.849125077628	-917777.164315248257	1.34099013886729135	-0.19931531137893257	3.00664165764353530
217456591.730418771505	-3530409.858014519326	203699.638056762982	-917721.320457254769	1.34100621688796373	-0.19931283379390610	3.00664198318442022
217456591.747306287289	-3530424.498915798962	203707.426931115042	-917665.476296167355	1.34102229500958781	-0.19931035620211879	3.00664230878966121
217456591.764193773270	-3530439.138882900123	203715.215810651396	-917609.631968866102	1.34103808298728877	-0.19930772473795685	3.00664260105483727
217456591.781081289053	-3530453.778487697709	203723.004308905161	-917553.787658235407	1.34105374520836751	-0.19930502665399263	3.00664287891455917
217456591.797968775034	-3530468.416641896591	203730.793138378591	-917497.942867568112	1.34106940752701043	-0.19930232856096244	3.00664315684027850
217456591.814856290817	-3530483.053917302750	203738.581966465979	-917442.097754568094	1.34108506983346398	-0.19929963046083052	3.00664343482595786
217456591.831743776798	-3530497.690304909833	203746.370800168836	-917386.252505515586	1.34110073201688818	-0.19929693237858567	3.00664371287105148
217456591.848631292582	-3530512.325784230605	203754.159627147135	-917330.406908722944	1.34111639429804486	-0.19929423428373721	3.00664399098129786
217456591.865518778563	-3530526.960335582029	203761.948394159175	-917274.561203433899	1.34113207293010417	-0.19929180860048504	3.00664424542041742
217456591.882406294346	-3530541.594058867078	203769.737151692592	-917218.715200031642	1.34114775781315299	-0.19928948464340043	3.00664449105847931
217456591.899293780327	-3530556.226829707157	203777.525876420958	-917162.869031603565	1.34116344268480447	-0.19928716068580449	3.00664473675232280
217456591.916181266308	-3530570.858675894327	203785.314592824259	-917107.022612140165	1.34117912743464407	-0.19928483673764760	3.00664498249867229
217456591.933068782091	-3530585.489663749468	203793.103321935574	-917051.175888394355	1.34119481228375226	-0.19928251277372128	3.00664522830281022
217456591.949956268072	-3530600.119745539501	203800.892018671730	-916995.329029783723	1.34121049701079853	-0.19928018882455012	3.00664547416072070
217456591.966843783855	-3530614.748943479732	203808.680720678647	-916939.481835543411	1.34122604198465134	-0.19927790104602305	3.00664554558550501
217456591.983731269836	-3530629.377215604763	203816.469378022943	-916883.634507626994	1.34124153224855980	-0.19927562741488164	3.00664554881799528
217456592.000618785620	-3530644.004630511627	203824.258028800396	-916827.786875427351	1.34125702239222000	-0.19927335378561931	3.00664555210242845
217456592.017506271601	-3530658.631058760919	203832.046656356804	-916771.939058737247	1.34127251263337954	-0.19927108014613781	3.00664555544361889
217456592.034393787384	-3530673.256680818275	203839.835316698736	-916716.090936803957	1.34128800286316485	-0.19926880650248910	3.00664555883915874
217456592.051281273365	-3530687.881869459525	203847.623548719857	-916660.243027324206	1.34130349297270213	-0.19926653286072385	3.00664556228664104
217456592.068168789148	-3530702.505680070724	203855.412147887546	-916604.394461265067	1.34131936159898824	-0.19926406065204330	3.00664585632278225
217456592.085056275129	-3530717.128541173879	203863.200677517394	-916548.545749417623	1.34133527947134268	-0.19926156255252545	3.00664618831866726
217456592.101943790913	-3530731.750560760498	203870.989268797712	-916492.696712862118	1.34135119744383502	-0.19925906444088792	3.00664652037742020
217456592.118831276894	-3530746.371661444660	203878.777776599076	-916436.847555927350	1.34136711540415465	-0.19925656633362279	3.00664685249642494
217456592.135718792677	-3530760.991843326949	203886.566312093695	-916380.998043896048	1.34138303324065933	-0.19925406823305220	3.00664718466968761
217456592.152606278658	-3530775.611120226327	203894.354810588760	-916325.148416239419	1.34139895117705188	-0.19925157012567982	3.00664751690708476
217456592.169493794441	-3530790.229521600530	203902.143303694465	-916269.298441070248	1.34141510398996378	-0.19924931514583966	3.00664814812969672
217456592.186381280422	-3530804.847007105593	203909.931800690974	-916213.448342918418	1.34143125903794647	-0.19924706261995373	3.00664878240468925
217456592.203268766403	-3530819.463580670301	203917.720230984793	-916157.598020325880	1.34144741418835323	-0.19924481009555220	3.00664941674315944
217456592.220156282187	-3530834.079298429191	203925.508682842221	-916101.747368271230	1.34146356921421539	-0.19924255758089446	3.00665005113054473
217456592.237043768167	-3530848.694070453756	203933.297139667324	-916045.896567828488	1.34147972434258556	-0.19924030506595231	3.00665068558098669
217456592.253931283951	-3530863.307973123156	203941.085565138666	-915990.045433169464	1.34149586750406269	-0.19923804038015497	3.00665130710914585
217456592.270818769932	-3530877.920947826933	203948.873930562841	-915934.194190014969	1.34151173118430034	-0.19923549119183956	3.00665162543778486
217456592.287706285715	-3530892.533053715713	203956.662328421022	-915878.342615982634	1.34152759496390606	-0.19923294199614616	3.00665194383108458
217456592.304593771696	-3530907.144235573243	203964.450703310722	-915822.490883093094	1.34154345861977409	-0.19923039281083751	3.00665226228020988
217456592.321481287479	-3530921.755091550760	203972.238663378899	-915766.639205576619	1.34155932237517717	-0.19922784361461138	3.00665258079315301
217456592.338368773460	-3530936.364477001131	203980.027004214498	-915710.787033314118	1.34157518611827076	-0.19922529442254916	3.00665289936697233
217456592.355256289244	-3530950.972967546899	203987.815320928465	-915654.934514725930	1.34159101960496718	-0.19922272538550531	3.00665322231160514
217456592.372143775225	-3530965.580561973155	203995.603653768922	-915599.081871969509	1.34160669921607179	-0.19922005491404288	3.00665356737787137
217456592.389031291008	-3530980.187295041047	204003.391911855666	-915543.228927531862	1.34162237881491953	-0.19921738444182957	3.00665391250497605
217456592.405918776989	-3530994.793075462338	204011.180213672109	-915487.375821408583	1.34163805829121574	-0.19921471397948914	3.00665425768852224
217456592.422806292772	-3531009.397982925177	204018.968479779287	-915431.522387010278	1.34165373786538300	-0.19921204350932201	3.00665460293814357
217456592.439693778753	-3531024.001970747951	204026.756675192999	-915375.668832232361	1.34166941731691614	-0.19920937305080111	3.00665494824462831
217456592.456581294537	-3531038.605089012999	204034.544915848586	-915319.814946577884	1.34168515614527983	-0.19920673559746632	3.00665529058599690
217456592.473468780518	-3531053.207301928662	204042.333125867910	-915263.960945298197	1.34170114464557666	-0.19920423721176597	3.00665562022375887
217456592.490356266499	-3531067.808545669541	204050.121294890560	-915208.106662824051	1.34171713302117301	-0.19920173883981943	3.00665594991775587
217456592.507243782282	-3531082.409009479452	204057.909491206257	-915152.252106453991	1.34173312149727075	-0.19919924045749712	3.00665627967529359
217456592.524131268263	-3531097.008488089778	204065.697653195617	-915096.397384832148	1.34174910984891871	-0.19919674208361554	3.00665660948780111
217456592.541018784046	-3531111.607083593961	204073.485807501973	-915040.542327580275	1.34176509830090196	-0.19919424370290456	3.00665693936469269
217456592.557906270027	-3531126.204783896916	204081.273903106805	-914984.687162057729	1.34178099291262498	-0.19919176452470386	3.00665740371812751
217456592.574793785810	-3531140.801615013275	204089.062037508585	-914928.831665660255	1.34179668974619770	-0.19918932581037821	3.00665815128201297
217456592.591681271791	-3531155.398021428380	204096.849726464599	-914872.976369832526	1.34181238667899172	-0.19918688709603491	3.00665889891108229
217456592.608568787575	-3531169.993066583760	204104.637846108410	-914817.120416236110	1.34182808360100614	-0.19918444838180407	3.00665964659599538
217456592.625456273556	-3531184.587177267298	204112.425923325703	-914761.264321607538	1.34184378040115693	-0.19918200969084490	3.00666039433288690
217456592.642343789339	-3531199.180366832297	204120.213942599221	-914705.407893723808	1.34185947730086252	-0.19917957099278635	3.00666114213327784
217456592.659231275320	-3531213.772682521492	204128.002013814403	-914649.551334542339	1.34187529501967129	-0.19917710521203000	3.00666172807897292
217456592.676118791103	-3531228.364087980706	204135.789986181859	-914593.694449461298	1.34189135870378329	-0.19917458432124205	3.00666198494366643
217456592.693006277084	-3531242.954600188415	204143.577991789818	-914537.837434268906	1.34190742237561178	-0.19917206343012134	3.00666224186870590
217456592.709893792868	-3531257.544200506527	204151.365986188175	-914481.980077278800	1.34192348592215027	-0.19916954254823566	3.00666249885032144
217456592.726781278849	-3531272.132927494589	204159.153964144469	-914426.122604889213	1.34193954956949590	-0.19916702165468333	3.00666275589563181
217456592.743668764830	-3531286.720707966015	204166.941891323979	-914370.264888593811	1.34195561309138567	-0.19916450077391162	3.00666301299835936
217456592.760556280613	-3531301.307653092314	204174.729854084027	-914314.406860887771	1.34197168385172705	-0.19916183345760147	3.00666314296417436
217456592.777443766594	-3531315.893623910844	204182.517741571704	-914258.548675286234	1.34198776233103811	-0.19915900751463592	3.00666313519341655
217456592.794331282377	-3531330.478759755380	204190.305658212659	-914202.690178272547	1.34200384079669810	-0.19915618156541151	3.00666312748771603
217456592.811218768358	-3531345.062949868850	204198.093579709850	-914146.831532870769	1.34201991913542940	-0.19915335562519171	3.00666311984601364
217456592.828106284142	-3531359.646275022998	204205.881422043720	-914090.972591730068	1.34203599757353853	-0.19915052966876881	3.00666311227169070
217456592.844993770123	-3531374.228690069634	204213.669287795608	-914035.113496486796	1.34205207588488618	-0.19914770371781040	3.00666310476052345
217456592.861881285906	-3531388.810228183866	204221.457119853148	-913979.254078909638	1.34206794086417425	-0.19914502557122263	3.00666329426269341
217456592.878768771887	-3531403.391370185185	204229.244586548011	-913923.394871413126	1.34208360035133833	-0.19914248973811774	3.00666367343399932
217456592.895656287670	-3531417.971088130027	204237.032413344947	-913867.534977174248	1.34209925971674160	-0.19913995391091788	3.00666405265844183
217456592.912543773651	-3531432.549887717701	204244.820220297115	-913811.674965894432	1.34211491918019266	-0.19913741808091412	3.00666443194780797
217456592.929431289434	-3531447.127809097525	204252.607942600938	-913755.814628942753	1.34213057863195373	-0.19913488224892001	3.00666481129536312
217456592.946318775415	-3531461.704827446956	204260.395719719381	-913699.954154524487	1.34214623796162180	-0.19913234642992211	3.00666519069773708
217456592.963206291199	-3531476.280964519363	204268.183471647819	-913644.093363714055	1.34216255806720275	-0.19912991180836909	3.00666561590671932
217456592.980093777180	-3531490.856148782186	204275.971196979255	-913588.232407880016	1.34217953508201893	-0.19912757784451193	3.00666608666127466
217456592.996981292963	-3531505.430476575624	204283.758902710804	-913532.371147763333	1.34219651220414415	-0.19912524387738409	3.00666655748203171
217456593.013868778944	-3531520.003914721310	204291.546645945957	-913476.509751594393	1.34221348931429030	-0.19912290991168979	3.00666702836287225
217456593.030756264925	-3531534.576418695971	204299.334286448371	-913420.648138114833	1.34223046629275311	-0.19912057596099067	3.00666749929977994
217456593.047643780708	-3531549.148040607106	204307.121953771450	-913364.786163823796	1.34224744337869217	-0.19911824200348252	3.00666797030204869
217456593.064531266689	-3531563.718779456802	204314.909587035450	-913308.924111197470	1.34226369141836366	-0.19911583110163530	3.00666830889793113
217456593.081418782473	-3531578.288606378250	204322.697248194017	-913253.061672354816	1.34227957595254810	-0.19911338180592825	3.00666858148122351
217456593.098306268454	-3531592.857501738705	204330.484844829247	-913197.199130955618	1.34229546047483783	-0.19911093251014342	3.00666885412302820
217456593.115193784237	-3531607.425539472606	204338.272480291256	-913141.336240855861	1.34231134487357329	-0.19910848322156974	3.00666912681904774
217456593.132081270218	-3531621.992652559187	204346.060012422706	-913085.473261498613	1.34232722937199056	-0.19910603392740564	3.00666939957829804
217456593.148968786001	-3531636.559397879988	204353.847230040235	-913029.610260332352	1.34234311385876315	-0.19910358462785296	3.00666967239479943
217456593.165856271982	-3531651.124721736182	204361.634775632177	-912973.746785300085	1.34235917198839738	-0.19910132988840082	3.00667045751277362
217456593.182743787766	-3531665.689163201489	204369.422315261152	-912917.882993877283	1.34237528312427190	-0.19909913437511420	3.00667139864686650
217456593.199631273746	-3531680.252661876846	204377.209822974750	-912862.019073304138	1.34239139413602127	-0.19909693888485630	3.00667233982867677
217456593.216518789530	-3531694.815309098456	204384.997343546042	-912806.154817326344	1.34240750525066210	-0.19909474339600575	3.00667328107371512
217456593.233406275511	-3531709.377048779745	204392.784857185907	-912750.290426485357	1.34242361635476981	-0.19909254791760420	3.00667422237380499
217456593.250293791294	-3531723.937886353582	204400.572337889113	-912694.425701201777	1.34243972733508543	-0.19909035245514770	3.00667516371993049
217456593.267181277275	-3531738.497796345036	204408.359751935233	-912638.560867421329	1.34245575305304765	-0.19908783681356237	3.00667565631438283
217456593.284068793058	-3531753.056813087780	204416.147186201386	-912582.695690655732	1.34247176003030178	-0.19908525093054338	3.00667605050284825
217456593.300956279039	-3531767.614940927364	204423.934645071306	-912526.830377837643	1.34248776688261939	-0.19908266506114591	3.00667644474815310
217456593.317843765020	-3531782.172141437419	204431.722016228887	-912470.964835825376	1.34250377383538155	-0.19908007918178222	3.00667683905892424
217456593.334731280804	-3531796.728535387665	204439.509426357923	-912415.098988569574	1.34251978066337374	-0.19907749331250013	3.00667723342569326
217456593.351618766785	-3531811.283908522688	204447.296783429862	-912359.232981777284	1.34253578759164505	-0.19907490743679743	3.00667762785876969
217456593.368506282568	-3531825.838461183943	204455.084132976714	-912303.366664988687	1.34255149151679665	-0.19907246290088790	3.00667852811571068
217456593.385393768549	-3531840.392077524681	204462.871472064580	-912247.500207168167	1.34256717913471202	-0.19907002593234716	3.00667945543959236
217456593.402281284332	-3531854.944810391869	204470.658809733257	-912191.633413717151	1.34258286685212069	-0.19906758896479554	3.00668038282939376
217456593.419168770313	-3531869.497175948694	204478.445785453572	-912135.766836512950	1.34259855444814935	-0.19906515201972308	3.00668131026896113
217456593.436056286097	-3531884.048125805799	204486.233071352734	-912079.899605102488	1.34261424214392133	-0.19906271507032861	3.00668223777318833
217456593.452943772078	-3531898.598134655971	204494.020347035374	-912024.032219363027	1.34262992982858442	-0.19906027813621502	3.00668316533609747
217456593.469831287861	-3531913.147294248454	204501.807611674565	-911968.164517458645	1.34264587752055786	-0.19905773682407213	3.00668353399968025
217456593.486718773842	-3531927.695499627851	204509.594821450039	-911912.296675709193	1.34266183029438646	-0.19905519350426734	3.00668389202352548
217456593.503606289625	-3531942.242866432760	204517.382055920782	-911856.428528490826	1.34267778305609253	-0.19905265018572363	3.00668425010763718
217456593.520493775606	-3531956.789272480179	204525.169267890975	-911800.560228129732	1.34269373569353445	-0.19905010687639285	3.00668460824711836
217456593.537381291389	-3531971.334823471028	204532.956488334254	-911744.691598306526	1.34270968843107985	-0.19904756355860326	3.00668496645134331
217456593.554268777370	-3531985.879441078752	204540.743661589135	-911688.822846690076	1.34272562098839021	-0.19904507812721375	3.00668532546839584
217456593.571156293154	-3532000.423154387623	204548.530825694499	-911632.953741392936	1.34274138284112832	-0.19904308556799286	3.00668569098827509
217456593.588043779135	-3532014.966005797964	204556.317996092432	-911577.084531391156	1.34275714468342744	-0.19904109301367764	3.00668605655972021
217456593.604931265116	-3532029.507950340398	204564.105092840065	-911521.215110246907	1.34277290640465852	-0.19903910046478890	3.00668642217694382
217456593.621818780899	-3532044.048984781373	204571.892199956084	-911465.345322123263	1.34278866822649467	-0.19903710791143059	3.00668678784942323
217456593.638706266880	-3532058.589118019678	204579.679344328906	-911409.475415773224	1.34280442992717997	-0.19903511536527255	3.00668715356809946
217456593.655593782663	-3532073.128365476616	204587.466401690152	-911353.605195633252	1.34282021518717110	-0.19903306505070648	3.00668750955160968
217456593.672481268644	-3532087.666689818725	204595.253493182332	-911297.734819976962	1.34283618729402088	-0.19903055463890790	3.00668778761000333
217456593.689368784428	-3532102.204642689787	204603.040156366158	-911241.864469531691	1.34285215927661561	-0.19902804423130172	3.00668806572305636
217456593.706256270409	-3532116.741184397135	204610.827189564297	-911185.993655915954	1.34286813135918215	-0.19902553381954091	3.00668834390110629
217456593.723143786192	-3532131.276845867746	204618.614232031221	-911130.122500728467	1.34288410342977294	-0.19902302340425670	3.00668862213814592
217456593.740031272173	-3532145.811555697117	204626.401189305412	-911074.251224934938	1.34290007537577827	-0.19902051300025675	3.00668890043152048
217456593.756918787956	-3532160.345418582205	204634.188221028307	-911018.379611136392	1.34291609074807505	-0.19901811934928409	3.00668936088505223
217456593.773806273937	-3532174.878337034956	204641.975176201813	-910962.507864849991	1.34293223072944601	-0.19901606186281950	3.00669034563055337
217456593.790693789721	-3532189.410431411583	204649.762119449646	-910906.635814506677	1.34294837081412832	-0.19901400438299713	3.00669133043827230
217456593.807581275702	-3532203.941546930932	204657.549072386639	-910850.763615549193	1.34296451088873958	-0.19901194691256771	3.00669231529847103
217456593.824468791485	-3532218.471787307411	204665.336013199063	-910794.891069078119	1.34298065083956586	-0.19900988946136852	3.00669330020308845
217456593.841356277466	-3532233.001128890552	204673.122890740487	-910739.018420278677	1.34299679089370394	-0.19900783201681624	3.00669428516992232
217456593.858243793249	-3532247.529557478614	204680.909776128712	-910683.145429681754	1.34301278226089371	-0.19900561139552755	3.00669508781679529
217456593.875131279230	-3532262.057097908109	204688.696673153871	-910627.272303033038	1.34302840963793968	-0.19900299142550493	3.00669544418631984
217456593.892018765211	-3532276.583707039710	204696.483484461351	-910571.398953129887	1.34304403711288711	-0.19900037144466229	3.00669580062014141
217456593.908906280994	-3532291.109468855895	204704.270376611646	-910515.525265223114	1.34305966446587566	-0.19899775147352922	3.00669615710933469
217456593.925793766975	-3532305.634275055025	204712.057185631798	-910459.651462650974	1.34307529191660024	-0.19899513149512432	3.00669651366366253
217456593.942681282759	-3532320.158239953686	204719.843979327765	-910403.777332032216	1.34309091935529623	-0.19899251151616812	3.00669687027782562
217456593.959568768740	-3532334.681815319695	204727.630375120789	-910347.903424789081	1.34310674876724234	-0.19899013896949316	3.00669727806960463
217456593.976456284523	-3532349.203980891500	204735.417170837522	-910292.028835558449	1.34312310628429143	-0.19898841282605217	3.00669781947860315
217456593.993343770504	-3532363.725211634766	204743.203930284886	-910236.154105296009	1.34313946367631165	-0.19898668669611277	3.00669836093129206
217456594.010231286287	-3532378.245564711280	204750.990668671526	-910180.279052699450	1.34315582117380061	-0.19898496056468232	3.00669890243753102
217456594.027118772268	-3532392.765006277710	204758.777402075008	-910124.403871180839	1.34317217866159200	-0.19898323443748780	3.00669944399197142
217456594.044006288052	-3532407.283539569005	204766.564128340338	-910068.528341922560	1.34318853602468624	-0.19898150831671035	3.00669998558842666
217456594.060893774033	-3532421.801192332059	204774.350829261268	-910012.652709147893	1.34320467906895447	-0.19897944552346916	3.00670044101154943
217456594.077781289816	-3532436.317936820909	204782.137523035839	-909956.776728635072	1.34322055432970533	-0.19897696229212314	3.00670078880929736
217456594.094668775797	-3532450.833782892209	204789.924147067213	-909900.900645792834	1.34323642946672583	-0.19897447907472485	3.00670113666249161
217456594.111556291580	-3532465.348742182832	204797.710812670353	-909845.024208081421	1.34325230470378854	-0.19897199584382144	3.00670148457783837
217456594.128443777561	-3532479.862768842373	204805.497418123588	-909789.147648576880	1.34326817981703917	-0.19896951262864060	3.00670183254904844
217456594.145331293344	-3532494.375933528412	204813.284070736408	-909733.270746313734	1.34328405503024939	-0.19896702940172875	3.00670218058283112
217456594.162218779325	-3532508.888173583895	204821.070619818114	-909677.393754791585	1.34329984286132831	-0.19896444954523285	3.00670258791181322
217456594.179106265306	-3532523.399510120973	204828.857215283177	-909621.516505108215	1.34331555911049216	-0.19896179066158187	3.00670304374371611
217456594.195993781090	-3532537.909973715898	204836.643774706085	-909565.638927148422	1.34333127545798625	-0.19895913177192145	3.00670349964238826
217456594.212881267071	-3532552.419497762341	204844.430312762648	-909509.761214097962	1.34334699168269589	-0.19895647289732762	3.00670395559750503
217456594.229768782854	-3532566.928686506581	204852.216504793032	-909453.883523884579	1.34336270800614943	-0.19895381400786702	3.00670441161729940
217456594.246656268835	-3532581.436421751510	204860.003010298038	-909398.005359578179	1.34337842431712828	-0.19895115512825440	3.00670486769995593
217456594.263543784618	-3532595.943297595717	204867.789532664407	-909342.126871752203	1.34339434055108042	-0.19894862198507887	3.00670517744653321
217456594.280431270599	-3532610.449219233822	204875.576000006491	-909286.248244082322	1.34341038799064916	-0.19894617122952335	3.00670539131471459
217456594.297318786383	-3532624.954291992355	204883.362449733453	-909230.369300246821	1.34342643541813511	-0.19894372047298978	3.00670560524205221
217456594.314206272364	-3532639.458389872219	204891.148906952876	-909174.490201855428	1.34344248272072586	-0.19894126972277643	3.00670581922467317
217456594.331093788147	-3532653.961692092940	204898.935362065182	-909118.610805576434	1.34345853012404626	-0.19893881896429283	3.00670603327032104
217456594.347981274128	-3532668.464017498307	204906.721732697566	-909062.731276581530	1.34347457740247189	-0.19893636821213126	3.00670624737125225
217456594.364868789911	-3532682.965477700345	204914.508139696060	-909006.851410770090	1.34349040336159620	-0.19893368705110814	3.00670674350381617
217456594.381756275892	-3532697.466002703644	204922.294516768539	-908950.971403926611	1.34350614765063625	-0.19893092092885353	3.00670734368723869
217456594.398643791676	-3532711.965671908576	204930.080915007682	-908895.091067619971	1.34352189181683901	-0.19892815481933221	3.00670794392660934
217456594.415531277657	-3532726.464410311542	204937.867235615558	-908839.210628759232	1.34353763608138377	-0.19892538870704787	3.00670854423595957
217456594.432418793440	-3532740.962272831239	204945.653556836653	-908783.329842385603	1.34355338033376404	-0.19892262259797869	3.00670914460785577
217456594.449306279421	-3532755.459213320166	204953.439907466411	-908727.448919733288	1.34356912446322529	-0.19891985650341948	3.00670974503611710
217456594.466193765402	-3532769.955248068552	204961.226165006898	-908671.567785937688	1.34358491707522076	-0.19891716186755848	3.00671017848701627
217456594.483081281185	-3532784.450416494161	204969.012478166056	-908615.686315326137	1.34360072474858505	-0.19891448966617953	3.00671055956856526
217456594.499968767166	-3532798.945177520160	204976.798348944780	-908559.805069277645	1.34361653252053892	-0.19891181746110922	3.00671094071778233
217456594.516856282949	-3532813.438554951455	204984.584653304075	-908503.923128170311	1.34363234028037448	-0.19890914525234671	3.00671132192752832
217456594.533743768930	-3532827.930981497280	204992.370859463903	-908448.041066457052	1.34364814791639309	-0.19890647306115736	3.00671170319567738
217456594.550631284714	-3532842.422548642382	205000.157082431368	-908392.158681224100	1.34366395565133234	-0.19890380085919263	3.00671208452982341
217456594.567518770695	-3532856.913199929520	205007.943308837741	-908336.276173009770	1.34367954761119446	-0.19890101404909344	3.00671293310842946
217456594.584406286478	-3532871.402984452434	205015.729473173502	-908280.393349819118	1.34369511171446909	-0.19889821238072741	3.00671384231858907
217456594.601293772459	-3532885.891824660357	205023.515670197754	-908224.510353058926	1.34371067580605796	-0.19889541072199010	3.00671475159144874
217456594.618181288242	-3532900.379771145526	205031.301784227544	-908168.627054392942	1.34372623977655969	-0.19889260908265491	3.00671566091823106
217456594.635068774223	-3532914.866818954702	205039.087944224651	-908112.743612319115	1.34374180384469466	-0.19888980744495188	3.00671657031690742
217456594.651956290007	-3532929.352994532790	205046.874069945421	-908056.859861210454	1.34375736790139144	-0.19888700581156549	3.00671747977703019
217456594.668843775988	-3532943.838231310714	205054.660161358857	-908000.975975010777	1.34377354394579962	-0.19888434339196254	3.00671773590011471
217456594.685731291771	-3532958.322614116594	205062.446256456198	-907945.091778588830	1.34378979406535604	-0.19888169777643500	3.00671791312569825
217456594.702618777752	-3532972.806039445102	205070.232324875280	-907889.207403844106	1.34380604405740889	-0.19887905217510285	3.00671809041248039
217456594.719506293535	-3532987.288603593130	205078.018388319033	-907833.322730758577	1.34382229415094079	-0.19887640655999314	3.00671826776517293
217456594.736393779516	-3533001.770237975288	205085.804408674332	-907777.437929938780	1.34383854423154370	-0.19887376094332279	3.00671844518100251
217456594.753281265497	-3533016.250982311089	205093.590404131362	-907721.552897548885	1.34385476950663763	-0.19887111485730313	3.00671862283370173
217456594.770168781281	-3533030.731379009318	205101.376105378673	-907665.667861403432	1.34387027810192428	-0.19886845481046234	3.00671880567638894
217456594.787056267262	-3533045.210330576170	205109.162070178339	-907609.782383701066	1.34388578657539215	-0.19886579477984787	3.00671898857799569
217456594.803943783045	-3533059.688398308121	205116.948039716634	-907553.896570367273	1.34390129514563794	-0.19886313473551218	3.00671917154289448
217456594.820831269026	-3533074.165501688141	205124.733982176462	-907498.010609834688	1.34391680370348743	-0.19886047468977261	3.00671935456827333
217456594.837718784809	-3533088.641808665358	205132.519935288699	-907442.124351414270	1.34393231213993158	-0.19885781465140229	3.00671953765048316
217456594.854606270790	-3533103.117131206207	205140.305840768619	-907386.237927742186	1.34394781969170141	-0.19885516525420061	3.00671973739545884
217456594.871493786573	-3533117.591617377475	205148.091746837948	-907330.351217841031	1.34396331419382675	-0.19885265737449176	3.00672015773413159
217456594.888381272554	-3533132.065162464511	205155.877696295298	-907274.464328429080	1.34397880857555241	-0.19885014950289884	3.00672057812502524
217456594.905268788338	-3533146.537810975220	205163.663545523217	-907218.577143052709	1.34399430305453405	-0.19884764162757340	3.00672099857962039
217456594.922156274319	-3533161.009580740705	205171.449390994792	-907162.689828980248	1.34400979741286886	-0.19884513376568383	3.00672141908768742
217456594.939043790102	-3533175.480444064364	205179.235211735591	-907106.802186406800	1.34402529186878938	-0.19884262589297491	3.00672183965778750
217456594.955931276083	-3533189.950390453450	205187.021040412044	-907050.914401612943	1.34404078387862413	-0.19884006641094601	3.00672226293214262
217456594.972818791866	-3533204.419424224179	205194.806870296976	-906995.026275022654	1.34405623901756011	-0.19883672774994104	3.00672272620173597
217456594.989706277847	-3533218.887608083431	205202.592660736962	-906939.138070322457	1.34407169425122830	-0.19883338907820969	3.00672318954777751
217456595.006593793631	-3533233.354861391243	205210.378447161464	-906883.249480593018	1.34408714947099561	-0.19883005040931520	3.00672365296464283
217456595.023481279612	-3533247.821227302775	205218.164207685797	-906827.360818469780	1.34410260456831154	-0.19882671175504879	3.00672411644628745
217456595.040368765593	-3533262.287168310955	205225.949569689372	-906771.472220320487	1.34411805976011367	-0.19882337309537820	3.00672458000563259
217456595.057256281376	-3533276.751764321700	205233.735307855386	-906715.582985057030	1.34413362323721786	-0.19882018109572833	3.00672503378089884
217456595.074143767357	-3533291.215421536006	205241.521011631849	-906659.693614702905	1.34414956054912804	-0.19881749466641077	3.00672545367691635
217456595.091031283140	-3533305.678170484025	205249.306708074757	-906603.803896608646	1.34416549784867723	-0.19881480823757164	3.00672587363502641
217456595.107918769121	-3533320.139989295974	205257.092367785663	-906547.914050779538	1.34418143502374754	-0.19881212181994240	3.00672629365032718
217456595.124806284904	-3533334.600973889697	205264.878043365752	-906492.023893539677	1.34419737229841196	-0.19880943539560977	3.00672671373345501
217456595.141693770885	-3533349.061028347816	205272.663682207291	-906436.133608564502	1.34421330944859774	-0.19880674898248960	3.00672713387377266
217456595.158581286669	-3533363.520203323103	205280.449317196879	-906380.242982018623	1.34422902924325349	-0.19880394692724337	3.00672763510906149
217456595.175468772650	-3533377.978461786639	205288.234914473316	-906324.352257672697	1.34424431271653799	-0.19880091286928650	3.00672829898566984
217456595.192356288433	-3533392.435795130208	205296.020494606637	-906268.461161594023	1.34425959606999923	-0.19879787882676991	3.00672896292005998
217456595.209243774414	-3533406.892248326913	205303.806042750453	-906212.569961999543	1.34427487951831570	-0.19879484478041820	3.00672962692714441
217456595.226131290197	-3533421.347837401554	205311.591622530832	-906156.678444825229	1.34429016295439507	-0.19879181073455371	3.00673029099821632
217456595.243018776178	-3533435.802491658833	205319.377165791433	-906100.786786619923	1.34430544627024107	-0.19878877671299655	3.00673095512915234
217456595.259906291962	-3533450.256247801706	205327.162673638435	-906044.894788030651	1.34432094959966819	-0.19878593292268196	3.00673150295304659
217456595.276793777943	-3533464.709081916139	205334.948210734932	-905989.002653163509	1.34433680248773602	-0.19878339163550696	3.00673186578546892
217456595.293681293726	-3533479.161087616347	205342.733744151366	-905933.110220182803	1.34435265547531313	-0.19878085033998588	3.00673222868224688
217456595.310568779707	-3533493.612642507069	205350.518797916448	-905877.218000843539	1.34436850845079370	-0.19877830904759752	3.00673259163930062
217456595.327456265688	-3533508.062794190366	205358.304272724141	-905821.325189093594	1.34438436130265360	-0.19877576776804839	3.00673295465213242
217456595.344343781471	-3533522.512074394617	205366.089700276847	-905765.432068306487	1.34440021425410605	-0.19877322647838397	3.00673331772890506
217456595.361231267452	-3533536.960377898999	205373.875152539258	-905709.538773725391	1.34441584300143102	-0.19877064816458173	3.00673409673293301
217456595.378118783236	-3533551.407844511326	205381.660541510151	-905653.645189576549	1.34443125622069881	-0.19876803421161310	3.00673527598622359
217456595.395006269217	-3533565.854420450982	205389.445932933362	-905597.751494554454	1.34444666942918678	-0.19876542027403138	3.00673645529902567
217456595.411893785000	-3533580.300085926894	205397.231340810366	-905541.857432554127	1.34446208251863930	-0.19876280635851079	3.00673763466024679
217456595.428781270981	-3533594.744848275091	205405.016693638754	-905485.963274168200	1.34447749570581454	-0.19876019244639029	3.00673881409082178
217456595.445668786764	-3533609.188703105785	205412.802026209654	-905430.068768041907	1.34449290888221062	-0.19875757854966133	3.00673999358090738
217456595.462556272745	-3533623.631671243347	205420.587359118479	-905374.174145102967	1.34450858592526235	-0.19875498107122969	3.00674067632513609
217456595.479443788528	-3533638.073730367236	205428.372697470244	-905318.279174425639	1.34452448672444302	-0.19875239746877496	3.00674093823398580
217456595.496331274509	-3533652.514867029153	205436.157947359665	-905262.384089309024	1.34454038739918991	-0.19874981388143947	3.00674120020105384
217456595.513218790293	-3533666.955158575904	205443.943253948179	-905206.488685427234	1.34455628817355644	-0.19874723028212860	3.00674146223224126
217456595.530106276274	-3533681.394495929591	205451.728505273524	-905150.593141700374	1.34457218893559816	-0.19874464668261921	3.00674172432418052
217456595.546993792057	-3533695.832927217241	205459.513725326920	-905094.697269472643	1.34458808957353559	-0.19874206309114306	3.00674198647267232
217456595.563881278038	-3533710.270499848761	205467.298962051311	-905038.801286600879	1.34460352213414613	-0.19873895874145114	3.00674216873453259
217456595.580768793821	-3533724.707168939989	205475.084176390577	-904982.904950048309	1.34461871656115761	-0.19873558953423370	3.00674231040148898
217456595.597656279802	-3533739.143448183313	205482.868999001483	-904927.008836871479	1.34463391086674622	-0.19873222034236132	3.00674245213616720
217456595.614543765783	-3533753.578307406511	205490.654193624097	-904871.112151710200	1.34464910526482706	-0.19872885113119335	3.00674259394360144
217456595.631431281567	-3533768.012266742531	205498.439331010217	-904815.215151344892	1.34466429954164979	-0.19872548193182851	3.00674273581792395
217456595.648318767548	-3533782.445312751457	205506.224480525765	-904759.318002818152	1.34467949391080221	-0.19872211271671597	3.00674287776583515
217456595.665206283331	-3533796.877483680379	205514.009578394383	-904703.420551197953	1.34469525156489733	-0.19871925763583545	3.00674311981373776
217456595.682093769312	-3533811.308730382007	205521.794729286572	-904647.522944062366	1.34471128650589722	-0.19871665576383105	3.00674341118264810
217456595.698981285095	-3533825.739112157375	205529.579800480686	-904591.625041187042	1.34472732154726704	-0.19871405388195665	3.00674370261710333
217456595.715868771076	-3533840.168542417232	205537.364895485662	-904535.726976627135	1.34474335646322318	-0.19871145201402377	3.00674399410995674
217456595.732756286860	-3533854.597133212257	205545.149957415444	-904479.828603257658	1.34475939147971402	-0.19870885013267861	3.00674428566752372
217456595.749643772840	-3533869.024787046481	205552.934967401758	-904423.930114037008	1.34477542648360182	-0.19870624825514513	3.00674457728747813
217456595.766531288624	-3533883.451530042570	205560.720000204252	-904368.031257838244	1.34479121108356714	-0.19870333655322878	3.00674515191608194
217456595.783418774605	-3533897.877388547640	205568.505009429995	-904312.132304066210	1.34480694194734030	-0.19870035820182960	3.00674578747928578
217456595.800306290388	-3533912.302381852642	205576.290054754965	-904256.233013476129	1.34482267279835987	-0.19869737985597899	3.00674642310876994
217456595.817193776369	-3533926.726426396985	205584.075031670131	-904200.333596338634	1.34483840352612760	-0.19869440152492179	3.00674705879728466
217456595.834081292152	-3533941.149569978006	205591.859955876542	-904144.433844759245	1.34485413435164181	-0.19869142319017236	3.00674769455932855
217456595.850968778133	-3533955.571822514758	205599.644888873125	-904088.533982307534	1.34486986505374095	-0.19868844487376425	3.00674833038123301
217456595.867856293917	-3533969.993732916657	205607.429499693681	-904032.634110158077	1.34488544778874552	-0.19868570423300896	3.00674869492819496
217456595.884743779898	-3533984.414172618184	205615.214381064230	-903976.733784343349	1.34490100547536828	-0.19868300378424034	3.00674901365573133
217456595.901631265879	-3533998.833686572500	205622.999272626883	-903920.833207493764	1.34491656304037610	-0.19868030334342660	3.00674933243952713
217456595.918518781662	-3534013.252399124205	205630.784142136574	-903864.932363879401	1.34493212070240498	-0.19867760289423275	3.00674965128919025
217456595.935406267643	-3534027.670128653757	205638.568991981796	-903809.031329833204	1.34494767824265526	-0.19867490245654193	3.00674997019594326
217456595.952293783426	-3534042.086990459822	205646.353868999926	-903753.129984149477	1.34496323588017264	-0.19867220200515578	3.00675028916731790
217456595.969181269407	-3534056.502948066685	205654.138695430389	-903697.228522840887	1.34497984096962431	-0.19866995695348777	3.00675110955253455
217456595.986068785191	-3534070.918031624518	205661.923504760518	-903641.326733259135	1.34499663762580135	-0.19866779525630665	3.00675202173770284
217456596.002956271172	-3534085.332151589449	205669.708273927099	-903585.424796475912	1.34501343438909404	-0.19866563356611780	3.00675293398891519
217456596.019843786955	-3534099.745442020707	205677.493058561988	-903529.522561580059	1.34503023114172438	-0.19866347188108266	3.00675384629572529
217456596.036731272936	-3534114.157797643915	205685.277806521975	-903473.620185652282	1.34504702776501328	-0.19866131021886341	3.00675475865225561
217456596.053618788719	-3534128.569271639455	205693.062535137986	-903417.717493332922	1.34506381652306373	-0.19865914424440126	3.00675566530466387
217456596.070506274700	-3534142.979807503056	205700.847270208265	-903361.814640743542	1.34507975880120889	-0.19865652032788442	3.00675595959473752
217456596.087393790483	-3534157.389467542991	205708.631966404821	-903305.911485061049	1.34509570117924371	-0.19865389639784908	3.00675625394954382
217456596.104281276464	-3534171.798206679523	205716.416672414984	-903250.008193099173	1.34511164354468415	-0.19865127247167352	3.00675654836673800
217456596.121168792248	-3534186.206090771593	205724.201386415487	-903194.104571675765	1.34512758578553804	-0.19864864855610032	3.00675684284148126
217456596.138056278229	-3534200.613572954200	205731.985644680331	-903138.201188114239	1.34514352812603644	-0.19864602463233058	3.00675713738220418
217456596.154943794012	-3534215.019622634631	205739.770312118751	-903082.297085274593	1.34515944402370868	-0.19864341864229534	3.00675744015884572
217456596.171831279993	-3534229.424796954263	205747.554893251159	-903026.392917399411	1.34517515880914384	-0.19864094908118243	3.00675780516257385
217456596.188718765974	-3534243.829005136155	205755.339520063833	-902970.488465725794	1.34519087369353318	-0.19863847951049504	3.00675817022858594
217456596.205606281757	-3534258.232395064551	205763.124114980426	-902914.583723294549	1.34520658845569319	-0.19863600995040165	3.00675853534828619
217456596.222493767738	-3534272.634819902945	205770.908695402235	-902858.678833662998	1.34522230331688930	-0.19863354037896364	3.00675890052985606
217456596.239381283522	-3534287.036390447523	205778.693270934862	-902802.773614570266	1.34523801816624378	-0.19863107081247178	3.00675926577044894
217456596.256268769503	-3534301.437052071095	205786.477810780983	-902746.868285793578	1.34525375783342693	-0.19862856521243122	3.00675961176562057
217456596.273156285286	-3534315.836786430329	205794.262317950896	-902690.962610466289	1.34526962135205830	-0.19862588073851825	3.00675986206043833
217456596.290043771267	-3534330.235669437330	205802.046796425100	-902635.056837790529	1.34528548474621634	-0.19862319628027036	3.00676011241504826
217456596.306931287050	-3534344.633630051743	205809.831297477736	-902579.150715961587	1.34530134823942871	-0.19862051180917062	3.00676036283518044
217456596.323818773031	-3534359.030658714473	205817.615778987762	-902523.244447159232	1.34531721172001362	-0.19861782733770664	3.00676061331755395
217456596.340706288815	-3534373.426830558572	205825.400246694859	-902467.337874075747	1.34533307507637190	-0.19861514287659371	3.00676086385847396
217456596.357593774796	-3534387.822096336167	205833.184695884469	-902411.431185365771	1.34534908465659608	-0.19861252620716036	3.00676099765705729
217456596.374481290579	-3534402.216432745103	205840.969082331983	-902355.524156047497	1.34536545925972462	-0.19861007892436600	3.00676083971957198
217456596.391368776560	-3534416.609904323239	205848.753511247429	-902299.617002786952	1.34538183373487397	-0.19860763164370215	3.00676068184168033
217456596.408256292343	-3534431.003013375681	205856.537564610451	-902243.709866194986	1.34539820831254175	-0.19860518434531962	3.00676052402459204
217456596.425143778324	-3534445.394635617267	205864.321865751728	-902187.802251944551	1.34541458287727522	-0.19860273704357786	3.00676036626873833
217456596.442031294107	-3534459.785402212758	205872.106257895153	-902131.894311573007	1.34543095731419338	-0.19860028974042568	3.00676020857164783
217456596.458918780088	-3534474.175239807926	205879.890593762015	-902075.986243465915	1.34544722495914693	-0.19859774688839091	3.00676024170696810
217456596.475806266069	-3534488.564196775667	205887.674889210641	-902020.077951147105	1.34546326635565672	-0.19859500194817148	3.00676067845321437
217456596.492693781853	-3534502.952255412471	205895.459225659753	-901964.169321783003	1.34547930785252801	-0.19859225699581984	3.00676111526750933
217456596.509581267834	-3534517.339381445199	205903.243501490564	-901908.260570625542	1.34549534933649517	-0.19858951205134412	3.00676155214691798
217456596.526468783617	-3534531.725657865405	205911.027772146335	-901852.351503304788	1.34551139069511039	-0.19858676711702122	3.00676198908435577
217456596.543356269598	-3534546.110992929433	205918.812038404489	-901796.442281654105	1.34552743215376092	-0.19858402217766330	3.00676242609150091
217456596.560243785381	-3534560.495476230513	205926.596284159634	-901740.532769019483	1.34554326476320418	-0.19858123972634634	3.00676276641524076
217456596.577131271362	-3534574.879024729598	205934.380493129865	-901684.623115354567	1.34555883987429081	-0.19857841106492910	3.00676298756803106
217456596.594018787146	-3534589.261664968915	205942.164694483887	-901628.713113947771	1.34557441508212139	-0.19857558238920842	3.00676320878729664
217456596.610906273127	-3534603.643425778020	205949.948865446524	-901572.803028265713	1.34558999016764647	-0.19857275372087607	3.00676343006565050
217456596.627793788910	-3534618.024267096072	205957.733061392035	-901516.892568249954	1.34560556534967013	-0.19856992504356269	3.00676365141172353
