217456589.887651860714 0.000084437500
217456589.887651860714	-3528806.838111329358	202849.621741320560	-923813.647256046534	1.33927119592733601	-0.19957401580256129	3.00660896083647300
217456589.904539346695	-3528821.577066034079	202857.412298402778	-923757.828477481380	1.33928690623026991	-0.19957167089451011	3.00660928114590353
217456589.921426862478	-3528836.315163506661	202865.202849299298	-923702.009394634282	1.33930261641136927	-0.19956932599361718	3.00660960150685108
217456589.938314348459	-3528851.052322814241	202872.993407829723	-923646.190151514835	1.33931832669156381	-0.19956698108499740	3.00660992192822185
217456589.955201864243	-3528865.788608034607	202880.783950374782	-923590.370580120943	1.33933403767550252	-0.19956463531464114	3.00661024447599834
217456589.972089350224	-3528880.523982456420	202888.574475871690	-923534.550879803021	1.33934977061922034	-0.19956226303388636	3.00661063104052628
217456589.988976866007	-3528895.258501801174	202896.365010498936	-923478.730850024032	1.33936550366217411	-0.19955989074623173	3.00661101766644689
217456590.005864351988	-3528909.992069458589	202904.155460665614	-923422.910699636675	1.33938123658294495	-0.19955751847048955	3.00661140434477314
217456590.022751867771	-3528924.724778741598	202911.945963068662	-923367.090200548409	1.33939696960320531	-0.19955514618253758	3.00661179108321530
217456590.039639353752	-3528939.456549181137	202919.736432077276	-923311.269566368428	1.33941270261178191	-0.19955277390152146	3.00661217787962087
217456590.056526869535	-3528954.187426893506	202927.526853537536	-923255.448605101323	1.33942847076247018	-0.19955037944129328	3.00661254765541486
217456590.073414355516	-3528968.917447398882	202935.317267017352	-923199.627533188439	1.33944438217469997	-0.19954789491868036	3.00661284819045349
217456590.090301871300	-3528983.646530084312	202943.107683446055	-923143.806107367855	1.33946029357524554	-0.19954541038929044	3.00661314878295594
217456590.107189357281	-3528998.374734362122	202950.898090617673	-923087.984552849899	1.33947620485167440	-0.19954292587305913	3.00661344943137765
217456590.124076873064	-3529013.102032903116	202958.688461119425	-923032.162669829675	1.33949211622800934	-0.19954044134782087	3.00661375014306431
217456590.140964359045	-3529027.828423514962	202966.478831697954	-922976.340651944862	1.33950802748048070	-0.19953795683043302	3.00661405090939304
217456590.157851874828	-3529042.554429484066	202974.268824562547	-922920.518613438937	1.33952386068535989	-0.19953545444622811	3.00661418714565265
217456590.174739360809	-3529057.279035952408	202982.059149193286	-922864.696138355532	1.33953951629991552	-0.19953291147562588	3.00661394942811322
217456590.191626846790	-3529072.002710849047	202989.849504617712	-922808.873398940661	1.33955517179166250	-0.19953036850505088	3.00661371176914427
217456590.208514362574	-3529086.725546979345	202997.639815137634	-922753.050350715290	1.33957082738075917	-0.19952782551682025	3.00661347416976810
217456590.225401848555	-3529101.447420176584	203005.430088459252	-922697.227174528060	1.33958648284713289	-0.19952528252684745	3.00661323662853697
217456590.242289364338	-3529116.168418573681	203013.220343915687	-922641.403650825843	1.33960213841068798	-0.19952273952276356	3.00661299914774993
217456590.259176850319	-3529130.888533849735	203021.010605020827	-922585.580004369142	1.33961787212518146	-0.19952027302000255	3.00661297022409979
217456590.276064366102	-3529145.607730687130	203028.800887749239	-922529.756002815906	1.33963374463426343	-0.19951794249941157	3.00661331191005932
217456590.292951852083	-3529160.326039204374	203036.591073412012	-922473.931906291167	1.33964961724337761	-0.19951561197508125	3.00661365365778499
217456590.309839367867	-3529175.043481764849	203044.381309042248	-922418.107472947100	1.33966548984120815	-0.19951328144815450	3.00661399546118835
217456590.326726853848	-3529189.759944192134	203052.171489414439	-922362.282868409064	1.33968136231576485	-0.19951095093394250	3.00661433731758310
217456590.343614369631	-3529204.475595704280	203059.961717820319	-922306.457964568632	1.33969723489069170	-0.19950862040891126	3.00661467923404313
217456590.360501855612	-3529219.190254240762	203067.751839886216	-922250.632904020371	1.33971328684289470	-0.19950640836314543	3.00661492653659224
217456590.377389371395	-3529233.904102972709	203075.541990718717	-922194.807544169948	1.33972953226977887	-0.19950432393645215	3.00661507191551403
217456590.394276857376	-3529248.617015731521	203083.332125249173	-922138.982043286669	1.33974577768555436	-0.19950223950761228	3.00661521734826875
217456590.411164373159	-3529263.329048609827	203091.122263241065	-922083.156200830941	1.33976202297601965	-0.19950015508134600	3.00661536283143027
217456590.428051859140	-3529278.040640393738	203098.912010126631	-922027.330538292415	1.33977826836957736	-0.19949807064821717	3.00661550837185088
217456590.444939374924	-3529292.750894928817	203106.702082536911	-921971.504251936218	1.33979451375202618	-0.19949598621294623	3.00661565396610486
217456590.461826860905	-3529307.460173114203	203114.492174195388	-921915.677791783353	1.33981068110632573	-0.19949373757241806	3.00661588242181654
217456590.478714346886	-3529322.168600856327	203122.282219039946	-921859.851132824901	1.33982677375137404	-0.19949133122511470	3.00661619046192063
217456590.495601862669	-3529336.876116698608	203130.072253098886	-921804.024132065824	1.33984286627132598	-0.19948892488700443	3.00661649855643853
217456590.512489348650	-3529351.582749789581	203137.862286338524	-921748.197008552263	1.33985895889251094	-0.19948651854233776	3.00661680671409082
217456590.529376864433	-3529366.288482907228	203145.652302484785	-921692.369525415357	1.33987505150180652	-0.19948411219810622	3.00661711493030515
217456590.546264350414	-3529380.993296908680	203153.442312089610	-921636.541925237747	1.33989114398592224	-0.19948170586484293	3.00661742320135694
217456590.563151866198	-3529395.697212020401	203161.232300003467	-921580.713984675356	1.33990688108643230	-0.19947928489056757	3.00661779009655161
217456590.580039352179	-3529410.400222874247	203169.022238376783	-921524.885928488453	1.33992241793191869	-0.19947685569705126	3.00661819001551667
217456590.596926867962	-3529425.102371379267	203176.812230985204	-921469.057529540733	1.33993795487550194	-0.19947442649111308	3.00661858999487874
217456590.613814353943	-3529439.803570727352	203184.602147921803	-921413.228984806105	1.33995349180739343	-0.19947199729230175	3.00661899003238897
217456590.630701869726	-3529454.503888041247	203192.392052947980	-921357.400123678846	1.33996902861872935	-0.19946956810068636	3.00661939012112756
217456590.647589355707	-3529469.203322605696	203200.181957129302	-921301.571139797219	1.33998456552782619	-0.19946713890373652	3.00661979027196224
217456590.664476871490	-3529483.901877288707	203207.971864725085	-921245.741814343375	1.34000040518455554	-0.19946469821084042	3.00662012255971911
217456590.681364357471	-3529498.599471934605	203215.761737528839	-921189.912335745874	1.34001641155521400	-0.19946225119428548	3.00662041747463560
217456590.698251873255	-3529513.296763258986	203223.551225190371	-921134.082905393327	1.34003241802649842	-0.19945980416891326	3.00662071245251905
217456590.715139359236	-3529527.992569424212	203231.341060356499	-921078.252975540352	1.34004842437312721	-0.19945735715458901	3.00662100748568628
217456590.732026875019	-3529542.687501136214	203239.130885814579	-921022.422717412235	1.34006443082063553	-0.19945491012613570	3.00662130258054816
217456590.748914361000	-3529557.381526402198	203246.920685553458	-920966.592324419529	1.34008043725591941	-0.19945246310322756	3.00662159773559656
217456590.765801846981	-3529572.074646360241	203254.710510563949	-920910.761698441813	1.34009641536925961	-0.19945028568719556	3.00662198894389165
217456590.782689362764	-3529586.766899513081	203262.500274225255	-920854.930757486611	1.34011238619117323	-0.19944817895216024	3.00662240538039649
217456590.799576848745	-3529601.458207966760	203270.290077722952	-920799.099642965011	1.34012835689008369	-0.19944607222412603	3.00662282186480079
217456590.816464364529	-3529616.148651807103	203278.079796016536	-920743.268232702161	1.34014432769051806	-0.19944396549334323	3.00662323840777512
217456590.833351850510	-3529630.838204949629	203285.869517629239	-920687.436711567221	1.34016029848012930	-0.19944185876645917	3.00662365500440920
217456590.850239366293	-3529645.526851211675	203293.659260878194	-920631.604817512678	1.34017626914682197	-0.19943975204480802	3.00662407164851730
217456590.867126852274	-3529660.214588874020	203301.448963053932	-920575.772813772550	1.34019193952526550	-0.19943743277358558	3.00662442312114564
217456590.884014368057	-3529674.901425826829	203309.238660910225	-920519.940450409427	1.34020754608012926	-0.19943506834764765	3.00662476079174068
217456590.900901854038	-3529689.587335169781	203317.028292558913	-920464.107978550601	1.34022315251384794	-0.19943270393105267	3.00662509851410054
217456590.917789369822	-3529704.272408081219	203324.817964716989	-920408.275176040246	1.34023875904589174	-0.19943033950864217	3.00662543629735879
217456590.934676855803	-3529718.956520216074	203332.607614872366	-920352.442220387980	1.34025436545687548	-0.19942797509380542	3.00662577413195775
217456590.951564371586	-3529733.639783817809	203340.397241611819	-920296.608948570676	1.34026997196618392	-0.19942561067315656	3.00662611202745467
217456590.968451857567	-3529748.322657411918	203348.186477336305	-920240.775900127948	1.34028591406570063	-0.19942290614479288	3.00662586183137526
217456590.985339373350	-3529763.004106989596	203355.976073581987	-920184.942164945765	1.34030193182055357	-0.19942012481340846	3.00662547888980614
217456591.002226859331	-3529777.684650491457	203363.765637641947	-920129.108294896432	1.34031794967358242	-0.19941734346732778	3.00662509601382055
217456591.019114375114	-3529792.364304684568	203371.555234931118	-920073.274095158093	1.34033396751286293	-0.19941456210202252	3.00662471320033653
217456591.036001861095	-3529807.043038509320	203379.344759960804	-920017.439755802392	1.34034998522495941	-0.19941178074483965	3.00662433045390198
217456591.052889347076	-3529821.720869588666	203387.134279936057	-919961.605202700128	1.34036600303565212	-0.19940899936411061	3.00662394777093223
217456591.069776862860	-3529836.397828742862	203394.923799051699	-919905.770296143484	1.34038194462244720	-0.19940662506536685	3.00662427037734936
217456591.086664348841	-3529851.073873129673	203402.713302998891	-919849.935266605695	1.34039788499035062	-0.19940425781961879	3.00662460527213105
217456591.103551864624	-3529865.749039461371	203410.502792851854	-919794.099914733903	1.34041382534680609	-0.19940189057118535	3.00662494022343418
217456591.120439350605	-3529880.423270565458	203418.292253418214	-919738.264421829139	1.34042976557934446	-0.19939952333563618	3.00662527522861955
217456591.137326866388	-3529895.096649835352	203426.081733646803	-919682.428593519842	1.34044570591256762	-0.19939715608892150	3.00662561029465936
217456591.154214352369	-3529909.769075239077	203433.871153038752	-919626.592625365593	1.34046166452585203	-0.19939480968379408	3.00662596510307134
217456591.171101868153	-3529924.440637251828	203441.660591964377	-919570.756339632790	1.34047782155707185	-0.19939268773648267	3.00662653213498032
217456591.187989354134	-3529939.111298249103	203449.449991973903	-919514.919932332356	1.34049397857744812	-0.19939056579547781	3.00662709922139060
217456591.204876869917	-3529953.781050954480	203457.239385384310	-919459.083177291206	1.34051013547348630	-0.19938844386398841	3.00662766635548406
217456591.221764355898	-3529968.449896478560	203465.028765825322	-919403.246287385933	1.34052629247234401	-0.19938632193205552	3.00662823355005004
217456591.238651871681	-3529983.118410285562	203472.817751134426	-919347.409439555136	1.34054244946044276	-0.19938420000466051	3.00662880079869410
217456591.255539357662	-3529997.785465143155	203480.607117586245	-919291.572079154081	1.34055858229160352	-0.19938203233261306	3.00662933894521123
217456591.272426873446	-3530012.451598499436	203488.396432770242	-919235.734385497053	1.34057456888766469	-0.19937958602263656	3.00662969964931959
217456591.289314359426	-3530027.116842639633	203496.185725499527	-919179.896580969682	1.34059055535898297	-0.19937713973182389	3.00663006040984371
217456591.306201875210	-3530041.781255036592	203503.975058398559	-919124.058459089254	1.34060654193114925	-0.19937469342792316	3.00663042123242441
217456591.323089361191	-3530056.444690916687	203511.764340163936	-919068.220160071971	1.34062252849136798	-0.19937224712706253	3.00663078211424173
217456591.339976847172	-3530071.107230961788	203519.553578028776	-919012.381660607411	1.34063851492718045	-0.19936980083828443	3.00663114305078061
217456591.356864362955	-3530085.768914826680	203527.342844036815	-918956.542831681087	1.34065447641407043	-0.19936742003711103	3.00663147634999195
217456591.373751848936	-3530100.429682106711	203535.132112253777	-918900.703860533657	1.34067036832075703	-0.19936522086584124	3.00663173289930263
217456591.390639364719	-3530115.089532230981	203542.921320657450	-918844.864550190279	1.34068626032835381	-0.19936302168160577	3.00663198950561794
217456591.407526850700	-3530129.748474131804	203550.710481465620	-918789.025130162248	1.34070215232456547	-0.19936082250232723	3.00663224616770153
217456591.424414366484	-3530144.406582467724	203558.499699848995	-918733.185373541550	1.34071804419801954	-0.19935862332644985	3.00663250287965855
217456591.441301852465	-3530159.063732964452	203566.288859439112	-918677.345483018202	1.34073393617204917	-0.19935642414469348	3.00663275965031440
217456591.458189368248	-3530173.720031998586	203574.078032211546	-918621.505257090554	1.34074985756671849	-0.19935414272983926	3.00663302573791924
217456591.475076854229	-3530188.375373194460	203581.867146183708	-918565.664897259208	1.34076584870711057	-0.19935166611186916	3.00663331386939836
217456591.491964370012	-3530203.029849176295	203589.656297056208	-918509.824200610863	1.34078183994793831	-0.19934918948478081	3.00663360206421881
217456591.508851855993	-3530217.683943122160	203597.445052635478	-918453.983715454116	1.34079783106413242	-0.19934671286885644	3.00663389031480488
217456591.525739371777	-3530232.336617425084	203605.234120916168	-918398.142582032946	1.34081382228101398	-0.19934423623850281	3.00663417862746396
217456591.542626857758	-3530246.988376925234	203613.023213124630	-918342.301281211199	1.34082981348558739	-0.19934175961360256	3.00663446700073500
217456591.559514373541	-3530261.639260196127	203620.812273721182	-918286.459677295410	1.34084567958883283	-0.19933918793967870	3.00663504031674744
217456591.576401859522	-3530276.289230858907	203628.601334388688	-918230.617925217142	1.34086136744737860	-0.19933648062630901	3.00663602024216647
217456591.593289375305	-3530290.938329636585	203636.390354913950	-918174.775864104042	1.34087705529462053	-0.19933377332013436	3.00663700022841773
217456591.610176861286	-3530305.586484460626	203644.179402283509	-918118.933629421634	1.34089274301995620	-0.19933106603735071	3.00663798026788776
217456591.627064347267	-3530320.233759765979	203651.968351698306	-918063.091214943444	1.34090843084408951	-0.19932835875619281	3.00663896037834144
217456591.643951863050	-3530334.880148656666	203659.757336715935	-918007.248445596197	1.34092411854656879	-0.19932565149311601	3.00663994054074379
217456591.660839349031	-3530349.525600132532	203667.546316193533	-917951.405515977764	1.34093997235166418	-0.19932304189410316	3.00664064227389005
217456591.677726864815	-3530364.170196209569	203675.335271730786	-917895.562301315716	1.34095605052311062	-0.19932056429754619	3.00664096763285071
217456591.694614350796	-3530378.813864276744	203683.124206512381	-917839.718933739117	1.34097212856937742	-0.19931808671097775	3.00664129304722172
217456591.711501866579	-3530393.456649232656	203690.913133771246	-917783.875230530859	1.34098820671659569	-0.19931560911764476	3.00664161852594836
217456591.728389352560	-3530408.098528462462	203698.702036956936	-917728.031411696924	1.34100428473871891	-0.19931313153253061	3.00664194405966256
217456591.745276868343	-3530422.739522389602	203706.490956462017	-917672.187237993232	1.34102036286179360	-0.19931065394065534	3.00664226965773240
217456591.762164354324	-3530437.379578570835	203714.279837646638	-917616.342948436970	1.34103620080459174	-0.19930804897493204	3.00664256766744042
217456591.779051870108	-3530452.019328732975	203722.068293591903	-917560.498684547842	1.34105186302725876	-0.19930535088919896	3.00664284551933125
217456591.795939356089	-3530466.657600796781	203729.857128210191	-917504.653937793686	1.34106752534732321	-0.19930265279794221	3.00664312343806417
217456591.812826871872	-3530481.294975019060	203737.645975502062	-917448.808825475979	1.34108318765528201	-0.19929995469781189	3.00664340141633479
217456591.829714357853	-3530495.931449512951	203745.434834705986	-917392.963594929781	1.34109884984021099	-0.19929725661556874	3.00664367945402011
217456591.846601873636	-3530510.567068811506	203753.223593303788	-917337.118076000828	1.34111451212287269	-0.19929455852072211	3.00664395755685776
217456591.863489359617	-3530525.201718977187	203761.012379520136	-917281.272371393745	1.34113018803737627	-0.19929208787635638	3.00664421590525510
217456591.880376875401	-3530539.835508688819	203768.801148441300	-917225.426368446904	1.34114587292179466	-0.19928976391933287	3.00664446153661391
217456591.897264361382	-3530554.468400997575	203776.589882639440	-917169.580237989663	1.34116155779481594	-0.19928743996179851	3.00664470722375388
217456591.914151847363	-3530569.100393089931	203784.378620529256	-917113.733868607203	1.34117724254602511	-0.19928511601370277	3.00664495296340029
217456591.931039363146	-3530583.731486301403	203792.167336474609	-917057.887158841011	1.34119292739641938	-0.19928279205160862	3.00664519876125702
217456591.947926849127	-3530598.361634518020	203799.956044599821	-917002.040300686262	1.34120861212483500	-0.19928046810249817	3.00664544461246441
217456591.964814364910	-3530612.990941458847	203807.744698583760	-916946.193158901995	1.34122418047979775	-0.19927817427385300	3.00664554520073501
217456591.981701850891	-3530627.619353319518	203815.533403367182	-916890.345867769327	1.34123967074507333	-0.19927590064321213	3.00664554842669407
217456591.998589366674	-3530642.246844798792	203823.322037485079	-916834.498243381036	1.34125516089010044	-0.19927362701445073	3.00664555170459646
217456592.015476852655	-3530656.873447366524	203831.110696447809	-916778.650482939789	1.34127065113262689	-0.19927135337547044	3.00664555503925524
217456592.032364368439	-3530671.499144213274	203838.899318379234	-916722.802393997554	1.34128614136377911	-0.19926907973232233	3.00664555842826386
217456592.049251854420	-3530686.124434604775	203846.687532914424	-916666.954504439258	1.34130163147451587	-0.19926680609460048	3.00664556187005916
217456592.066139370203	-3530700.748345854226	203854.476133865362	-916611.105958299362	1.34131744869375713	-0.19926436085825386	3.00664581642998252
217456592.083026856184	-3530715.371322256047	203862.264698916697	-916555.257271127077	1.34133336656755420	-0.19926186275863700	3.00664614841872835
217456592.099914371967	-3530729.993448278867	203870.053272451740	-916499.408267789986	1.34134928454165614	-0.19925936464335711	3.00664648046949790
217456592.116801857948	-3530744.614636220038	203877.841799337388	-916443.559129360714	1.34136520250333513	-0.19925686653776367	3.00664681258178534
217456592.133689373732	-3530759.234947524499	203885.630340112693	-916387.709643417737	1.34138112034128243	-0.19925436843709229	3.00664714474790928
217456592.150576859713	-3530773.854329408146	203893.418831869611	-916331.860029740026	1.34139703827911783	-0.19925187032961994	3.00664747697816725
217456592.167464375496	-3530788.472848275676	203901.207336553285	-916276.010098482831	1.34141316258270504	-0.19924958583876318	3.00664807191025885
217456592.184351861477	-3530803.090424642432	203908.995856960129	-916220.160012896056	1.34142931763201689	-0.19924733331220257	3.00664870617849767
217456592.201239347458	-3530817.707095239311	203916.784284711583	-916164.309716166579	1.34144547278375259	-0.19924508078712708	3.00664934051021460
217456592.218126863241	-3530832.322910401504	203924.572727607534	-916108.459089974174	1.34146162781086065	-0.19924282827356618	3.00664997489126851
217456592.235014349222	-3530846.937813670374	203932.361172284232	-916052.608334859367	1.34147778294064346	-0.19924057575617771	3.00665060933453532
217456592.251901865005	-3530861.551819542423	203940.149569266971	-915996.757239358965	1.34149393805928296	-0.19923832324617813	3.00665124383442040
217456592.268789350986	-3530876.164907350205	203947.937993974047	-915940.906001638621	1.34150982479307213	-0.19923579753527687	3.00665158717972902
217456592.285676866770	-3530890.777173267212	203955.726383180998	-915885.054479102371	1.34152568857413712	-0.19923324833950917	3.00665190556581452
217456592.302564352751	-3530905.388425939251	203963.514721761399	-915829.202785146423	1.34154155223146399	-0.19923069915412683	3.00665222400772514
217456592.319451868534	-3530919.999370584264	203971.302729093237	-915773.351100956439	1.34155741598832656	-0.19922814995782620	3.00665254251345404
217456592.336339354515	-3530934.608857041225	203979.091065292771	-915717.498948613880	1.34157327973287943	-0.19922560076568929	3.00665286108005869
217456592.353226870298	-3530949.217493492179	203986.879403504805	-915661.646480107098	1.34158913534570901	-0.19922304630319868	3.00665318084832389
217456592.370114356279	-3530963.825191122945	203994.667707863002	-915605.793876509299	1.34160481495829642	-0.19922037583161242	3.00665352590722978
217456592.387001872063	-3530978.431984073948	204002.456009716465	-915549.940919229877	1.34162049455871069	-0.19921770535750560	3.00665387102655002
217456592.403889358044	-3530993.037902651820	204010.244260593608	-915494.087871731375	1.34163617403640623	-0.19921503489681375	3.00665421620315643
217456592.420776873827	-3531007.642917294055	204018.032496117434	-915438.234470551950	1.34165185361205630	-0.19921236442652357	3.00665456144541654
217456592.437664359808	-3531022.247034704313	204025.820767027355	-915382.380945202080	1.34166753306507225	-0.19920969396788010	3.00665490674453917
217456592.454551875591	-3531036.850260148756	204033.608977100230	-915326.527092766832	1.34168323476606699	-0.19920703583473962	3.00665525097659048
217456592.471439361572	-3531051.452513228636	204041.397203928733	-915270.673060593428	1.34169922326772939	-0.19920453745071448	3.00665558060760230
217456592.488326847553	-3531066.053915215656	204049.185342553537	-915214.818854794838	1.34171521164477459	-0.19920203907867140	3.00665591029442769
217456592.505214363337	-3531080.654473492410	204056.973566609871	-915158.964305048110	1.34173120012240488	-0.19919954069448073	3.00665624004437237
217456592.522101849318	-3531095.254079740494	204064.761712134554	-915103.109634694760	1.34174718847550190	-0.19919704232050217	3.00665656984970830
217456592.538989365101	-3531109.852800690569	204072.549873827258	-915047.254609472817	1.34176317692893399	-0.19919454393969444	3.00665689971942829
217456592.555876851082	-3531124.450587878935	204080.337994949223	-914991.399462456931	1.34177910657052224	-0.19919205759284070	3.00665731388452162
217456592.572764366865	-3531139.047501737718	204088.126086756238	-914935.543987166602	1.34179480340543078	-0.19918961887764935	3.00665806144149395
217456592.589651852846	-3531153.643526690081	204095.914203296852	-914879.688375825179	1.34181050033956017	-0.19918718016244172	3.00665880906364968
217456592.606539368629	-3531168.239194421563	204103.701931753953	-914823.832794448710	1.34182619726282670	-0.19918474144911763	3.00665955674207064
217456592.623426854610	-3531182.833383872174	204111.489968474198	-914767.976726869470	1.34184189406431287	-0.19918230275729318	3.00666030447204857
217456592.640314370394	-3531197.426741954405	204119.278038697463	-914712.120341937407	1.34185759096527080	-0.19917986406014090	3.00666105226594738
217456592.657201856375	-3531212.019139644690	204127.066080164135	-914656.263803863549	1.34187336460540485	-0.19917740815393301	3.00666169721498511
217456592.674089372158	-3531226.610625818372	204134.854104003171	-914600.406923991279	1.34188942829099278	-0.19917488726318430	3.00666195407242709
217456592.690976858139	-3531241.201245203614	204142.642079032055	-914544.549942018115	1.34190549196429743	-0.19917236637210420	3.00666221099021458
217456592.707864373922	-3531255.790972376242	204150.430108995468	-914488.692591877421	1.34192155551239534	-0.19916984548848649	3.00666246796415715
217456592.724751859903	-3531270.379813252017	204158.218094215670	-914432.835169343045	1.34193761916113385	-0.19916732459674530	3.00666272500263654
217456592.741639345884	-3531284.967700902373	204166.005990818929	-914376.977486265008	1.34195368268449933	-0.19916480371601275	3.00666298209811256
217456592.758526861668	-3531299.554718996398	204173.793932611152	-914321.119472311228	1.34196975165930299	-0.19916217305988590	3.00666314390286260
217456592.775414347649	-3531314.140835347585	204181.581848033442	-914265.261336790049	1.34198583014034800	-0.19915934711568739	3.00666313612381542
217456592.792301863432	-3531328.726072201040	204189.369760046538	-914209.402859698399	1.34200190860765822	-0.19915652116700286	3.00666312841024608
217456592.809189349413	-3531343.310393929482	204197.157662986807	-914153.544259623857	1.34201798694804020	-0.19915369522732201	3.00666312076067488
217456592.826076865196	-3531357.893813920673	204204.945526646043	-914097.685325106839	1.34203406538779935	-0.19915086927143810	3.00666311317848312
217456592.842964351177	-3531372.476341030095	204212.733417091396	-914041.826260478934	1.34205014370063114	-0.19914804332456132	3.00666310566028905
217456592.859851866961	-3531387.057957169134	204220.521221503994	-913985.966869952390	1.34206605902329290	-0.19914533030912110	3.00666324870077384
217456592.876739352942	-3531401.639200177975	204228.308683578129	-913930.107682375121	1.34208171851188207	-0.19914279447582892	3.00666362786498587
217456592.893626868725	-3531416.219039590098	204236.096519865096	-913874.247826108010	1.34209737787870997	-0.19914025864844367	3.00666400708233450
217456592.910514354706	-3531430.797974770423	204243.884306165390	-913818.387854214874	1.34211303734358589	-0.19913772281825357	3.00666438636460676
217456592.927401870489	-3531445.375995127484	204251.672117910290	-913762.527521284181	1.34212869679677160	-0.19913518698607285	3.00666476570506802
217456592.944289356470	-3531459.953116680495	204259.459866556310	-913706.667086025351	1.34214435612786476	-0.19913265116688778	3.00666514510034810
217456592.961176872253	-3531474.529360932298	204267.247587913735	-913650.806328433100	1.34216051788135160	-0.19913019228780726	3.00666555933837376
217456592.978064358234	-3531489.104664467741	204275.035346593824	-913594.945391330868	1.34217749489761728	-0.19912785832356480	3.00666603008565847
217456592.994951874018	-3531503.679099441972	204282.823021752964	-913539.084164432948	1.34219447202119202	-0.19912552435605269	3.00666650089914400
217456593.011839359999	-3531518.252637557220	204290.610725767736	-913483.222813365282	1.34221144913262158	-0.19912319039351620	3.00666697177355458
217456593.028726845980	-3531532.825235996861	204298.398394023767	-913427.361206507892	1.34222842611261695	-0.19912085644066033	3.00666744270277064
217456593.045614361763	-3531547.396979004610	204306.186077268183	-913371.499270188855	1.34224540320008878	-0.19911852248099440	3.00666791369734820
217456593.062501847744	-3531561.967784277163	204313.973721942777	-913315.637218017830	1.34226178253302164	-0.19911612543979426	3.00666827614487664
217456593.079389363527	-3531576.537714403588	204321.761354634247	-913259.774818332982	1.34227766706863583	-0.19911367614409567	3.00666854872113731
217456593.096276849508	-3531591.106759643648	204329.548970684642	-913203.912321075215	1.34229355159235486	-0.19911122684832061	3.00666882135591029
217456593.113164365292	-3531605.674925016239	204337.336589695769	-913148.049482244416	1.34230943599251940	-0.19910877755975631	3.00666909404489813
217456593.130051851273	-3531620.242106308229	204345.124154991354	-913092.186478161952	1.34232532049236641	-0.19910632826560098	3.00666936679711672
217456593.146939367056	-3531634.808973468374	204352.911375684751	-913036.323514966643	1.34234120498048526	-0.19910387896782888	3.00666963960700695
217456593.163826853037	-3531649.374418791849	204360.698930776445	-912980.460077906144	1.34235723587178724	-0.19910159373094041	3.00667034441836911
217456593.180714368820	-3531663.938951116521	204368.486493837234	-912924.596299048397	1.34237334700892785	-0.19909939821639852	3.00667128554584595
217456593.197601854801	-3531678.502603276167	204376.274025296530	-912868.732416673796	1.34238945802202569	-0.19909720272311326	3.00667222672062096
217456593.214489370584	-3531693.065363849048	204384.061489353073	-912812.868207211839	1.34240556913793285	-0.19909500723300738	3.00667316795904283
217456593.231376856565	-3531707.627172149718	204391.848990557046	-912757.003836064017	1.34242168024330666	-0.19909281175334984	3.00667410925251710
217456593.248264372349	-3531722.188106756192	204399.636468743614	-912701.139136642916	1.34243779122488749	-0.19909061628963781	3.00667505059202700
217456593.265151858330	-3531736.748126242775	204407.423937766667	-912645.274314238923	1.34245382945330638	-0.19908814756766274	3.00667560894832508
217456593.282039374113	-3531751.307296841405	204415.211389357806	-912589.409175671870	1.34246983643203222	-0.19908556168442398	3.00667600312944217
217456593.298926860094	-3531765.865513597149	204422.998779695830	-912533.543897258933	1.34248584328582155	-0.19908297581480702	3.00667639736739778
217456593.315814346075	-3531780.422855289653	204430.786187322432	-912477.678411268629	1.34250185024022128	-0.19908038993168012	3.00667679166998036
217456593.332701861858	-3531794.979287623893	204438.573592524219	-912421.812558301375	1.34251785706960236	-0.19907780406394968	3.00667718602982026
217456593.349589347839	-3531809.534812420607	204446.360990772402	-912365.946570469067	1.34253386399934471	-0.19907521818802729	3.00667758045554789
217456593.366476863623	-3531824.089441652875	204454.148323687550	-912310.080261490657	1.34254960628219777	-0.19907275575920125	3.00667841667968272
217456593.383364349604	-3531838.643206835724	204461.935647600330	-912254.213872990687	1.34256529390125179	-0.19907031879300668	3.00667934399750392
217456593.400251865387	-3531853.196009731852	204469.723001012375	-912198.347074052668	1.34258098162004869	-0.19906788182248622	3.00668027137998495
217456593.417139351368	-3531867.748482467607	204477.509946171107	-912142.480530065019	1.34259666921738274	-0.19906544487621641	3.00668119881265117
217456593.434026867151	-3531882.299528985284	204485.297235983133	-912086.613324517501	1.34261235691454250	-0.19906300792385206	3.00668212630955800
217456593.450914353132	-3531896.849659302272	204493.084521172190	-912030.745976749109	1.34262804460051055	-0.19906057098854119	3.00668305386556645
217456593.467801868916	-3531911.398915926926	204500.871783303417	-911974.878300707322	1.34264396043467071	-0.19905804246143310	3.00668349097913712
217456593.484689354897	-3531925.947232624516	204508.659030631534	-911919.010489574401	1.34265991320995592	-0.19905549914147719	3.00668384899573971
217456593.501576870680	-3531940.494693892077	204516.446292866371	-911863.142348978668	1.34267586597320188	-0.19905295582101026	3.00668420707218953
217456593.518464356661	-3531955.041235904675	204524.233477773872	-911807.274088003440	1.34269181861201758	-0.19905041251329961	3.00668456520484773
217456593.535351872444	-3531969.586888274178	204532.020687183889	-911751.405478100991	1.34270777135093633	-0.19904786919713008	3.00668492340224969
217456593.552239358425	-3531984.131633895915	204539.807837574801	-911695.536777753267	1.34272372396542594	-0.19904532589371973	3.00668528165585958
217456593.569126874208	-3531998.675461753272	204547.595049990836	-911639.667697129655	1.34273948870007920	-0.19904332501869576	3.00668564706012598
217456593.586014360189	-3532013.218422540464	204555.382165978459	-911583.798539585667	1.34275525054361267	-0.19904133246421737	3.00668601262547508
217456593.602901846170	-3532027.760421161074	204563.169326049043	-911527.929092300823	1.34277101226607876	-0.19903933991516393	3.00668637823660267
217456593.619789361954	-3532042.301583242603	204570.956416727015	-911472.059355446603	1.34278677408914904	-0.19903734736164150	3.00668674390298651
217456593.636676847935	-3532056.841805026866	204578.743498999422	-911416.189483501366	1.34280253579115194	-0.19903535481354742	3.00668710961514751
217456593.653564363718	-3532071.381190387998	204586.530621267506	-911360.319280907046	1.34281829759367688	-0.19903336226275786	3.00668747538298442
217456593.670451849699	-3532085.919628084637	204594.317656257947	-911304.448951764149	1.34283426788628391	-0.19903085632175713	3.00668775419194167
217456593.687339365482	-3532100.457690076437	204602.104380852659	-911248.578612696729	1.34285023987033769	-0.19902834591414856	3.00668803229780490
217456593.704226851463	-3532114.994367375970	204609.891393414320	-911192.707838468137	1.34286621195436284	-0.19902583550238642	3.00668831046866458
217456593.721114367247	-3532129.530117925256	204617.678437572467	-911136.836721025407	1.34288218402641291	-0.19902332508709950	3.00668858869851441
217456593.738001853228	-3532144.064920392353	204625.465440042375	-911080.965432616416	1.34289815597387729	-0.19902081468309665	3.00668886698469962
217456593.754889369011	-3532158.598892654758	204633.252417361247	-911025.093871274265	1.34291415115148216	-0.19901836660403707	3.00668924254817105
217456593.771776854992	-3532173.131908138748	204641.039370033133	-910969.222150848131	1.34293029113407369	-0.19901630911623019	3.00669022728731594
217456593.788664370775	-3532187.664113832638	204648.826350840187	-910913.350131122046	1.34294643121997637	-0.19901425163506725	3.00669121208867729
217456593.805551856756	-3532202.195310273208	204656.613278631325	-910857.477934033610	1.34296257129572472	-0.19901219416506757	3.00669219694293810
217456593.822439372540	-3532216.725677545182	204664.400215861562	-910801.605438831844	1.34297871124793700	-0.19901013670898246	3.00669318184035994
217456593.839326858521	-3532231.255134794395	204672.187122443109	-910745.732814707328	1.34299485130321239	-0.19900807926486017	3.00669416680125678
217456593.856214374304	-3532245.783682650886	204679.974041197740	-910689.859842842678	1.34301090426553893	-0.19900592624558192	3.00669504499456952
217456593.873101860285	-3532260.311336436775	204687.760881726135	-910633.986762708402	1.34302653164404084	-0.19900330627541238	3.00669540135685276
217456593.889989346266	-3532274.838060860522	204695.547728494828	-910578.113437482156	1.34304215912044311	-0.19900068629442516	3.00669575778343301
217456593.906876862049	-3532289.363925881218	204703.334592193540	-910522.239788733539	1.34305778647488716	-0.19899806632314548	3.00669611426538541
217456593.923764348030	-3532303.888855699450	204711.121426059137	-910466.365998953348	1.34307341392698421	-0.19899544634636621	3.00669647081289160
217456593.940651863813	-3532318.412911455147	204718.908243202983	-910410.491880899062	1.34308904136713547	-0.19899282636726306	3.00669682741981381
217456593.957539349794	-3532332.936583851930	204726.694636495609	-910354.617999517708	1.34310478304244163	-0.19899034640625637	3.00669721301071080
217456593.974426865578	-3532347.458852257114	204734.481410190871	-910298.743449446163	1.34312114056073906	-0.19898862026053399	3.00669775441349829
217456593.991314351559	-3532361.980232878122	204742.268189076742	-910242.868763323990	1.34313749795392456	-0.19898689413008644	3.00669829586039405
217456594.008201867342	-3532376.500658550300	204750.054912943364	-910186.993724480155	1.34315385545257904	-0.19898516799814739	3.00669883736084076
217456594.025089353323	-3532391.020201124717	204757.841641748993	-910131.118562882300	1.34317021294153571	-0.19898344187044356	3.00669937890948891
217456594.041976869106	-3532405.538858080748	204765.628353684908	-910075.243090833770	1.34318657030579525	-0.19898171574915696	3.00669992050015145
217456594.058864355087	-3532420.056615828071	204773.415047910123	-910019.367472038721	1.34320277129803523	-0.19897974393962573	3.00670039921976695
217456594.075751870871	-3532434.573482155334	204781.201744783582	-909963.491529496619	1.34321864656013146	-0.19897726070991836	3.00670074701084244
217456594.092639356852	-3532449.089423060417	204788.988390165236	-909907.615453278646	1.34323452169858037	-0.19897477749238787	3.00670109485694503
217456594.109526872635	-3532463.604479008820	204796.775059695850	-909851.739041429712	1.34325039693715409	-0.19897229425957902	3.00670144276478180
217456594.126414358616	-3532478.118627133779	204804.561674672703	-909795.862519896473	1.34326627205183291	-0.19896981104426456	3.00670179072890109
217456594.143301874399	-3532492.631895398721	204812.348292413400	-909739.985656792065	1.34328214726638850	-0.19896732781899168	3.00670213875601089
217456594.160189360380	-3532507.144229914527	204820.134869275469	-909684.108671893366	1.34329795418592890	-0.19896476907134703	3.00670253313682023
217456594.177076846361	-3532521.655687918887	204827.921474267612	-909628.231460179784	1.34331367043655248	-0.19896211018736432	3.00670298896136989
217456594.193964362144	-3532536.166252521332	204835.708029093337	-909572.353902142146	1.34332938678550584	-0.19895945129737350	3.00670344485268881
217456594.210851848125	-3532550.675891859457	204843.494602623949	-909516.476213766029	1.34334510301167476	-0.19895679242244810	3.00670390080045236
217456594.227739363909	-3532565.185157176573	204851.280778040702	-909460.598531363881	1.34336081933658757	-0.19895413353265620	3.00670435681289350
217456594.244626849890	-3532579.693044497631	204859.067279142997	-909404.720430436544	1.34337653564902593	-0.19895147465271168	3.00670481288819680
217456594.261514365673	-3532594.200003087986	204866.853758947866	-909348.841963718529	1.34339241208897464	-0.19894891649861066	3.00670515174946473
217456594.278401851654	-3532608.706043994054	204874.640259669104	-909292.963354779757	1.34340845952999599	-0.19894646574317193	3.00670536561053758
217456594.295289367437	-3532623.211232043803	204882.426744869532	-909237.084435619763	1.34342450695893390	-0.19894401498675660	3.00670557953076578
217456594.312176853418	-3532637.715461540967	204890.213183569256	-909181.205382554908	1.34344055426297659	-0.19894156423666021	3.00670579350627776
217456594.329064369202	-3532652.218818096444	204897.999586198537	-909125.326001216541	1.34345660166774894	-0.19893911347829374	3.00670600754481709
217456594.345951855183	-3532666.721257342957	204905.786003307468	-909069.446477658115	1.34347264894746132	-0.19893666272979352	3.00670622163947598
217456594.362839370966	-3532681.222834288143	204913.572434784670	-909013.566655759234	1.34348851132983316	-0.19893401946366535	3.00670667138257741
217456594.379726856947	-3532695.723488710355	204921.358817192115	-908957.686675003497	1.34350425562034559	-0.19893125334081138	3.00670727155843309
217456594.396614372730	-3532710.223246993963	204929.145217133104	-908901.806376443710	1.34351999978801939	-0.19892848723069201	3.00670787179023735
217456594.413501858711	-3532724.722100531682	204936.931503006985	-908845.925958917243	1.34353574405403631	-0.19892572111780840	3.00670847209202119
217456594.430389374495	-3532739.220067819580	204944.717894179339	-908790.045189861907	1.34355148830797111	-0.19892295500636772	3.00670907245593266
217456594.447276860476	-3532753.717122036032	204952.504181897792	-908734.164313724847	1.34356723243882148	-0.19892018891298083	3.00670967287704549
217456594.464164346457	-3532768.213300488424	204960.290484840138	-908678.283210772090	1.34358301741306208	-0.19891748299382017	3.00671013269501541
217456594.481051862240	-3532782.708531731740	204968.076805114106	-908622.401746555581	1.34359882508782991	-0.19891481079401735	3.00671051376955800
217456594.497939348221	-3532797.203424375039	204975.862657374208	-908566.520545835607	1.34361463286126992	-0.19891213858875284	3.00671089491134991
217456594.514826864004	-3532811.696902813390	204983.648957146099	-908510.638624648331	1.34363044062259163	-0.19890946637979520	3.00671127611367117
217456594.531714349985	-3532826.189446475357	204991.435181362758	-908454.756606848794	1.34364624826017875	-0.19890679418663812	3.00671165737397805
217456594.548601865768	-3532840.681108452380	204999.221425693511	-908398.874228238710	1.34366205599660393	-0.19890412198447741	3.00671203870069981
217456594.565489351749	-3532855.171877073590	205007.007593517745	-908342.991760597681	1.34367767723285736	-0.19890135073341661	3.00671282385059957
217456594.582376867533	-3532869.661774689332	205014.793817186728	-908287.108942843275	1.34369324133753643	-0.19889854906389362	3.00671373305322476
217456594.599264353514	-3532884.150720301550	205022.579961924814	-908231.226004481665	1.34370880543052951	-0.19889574740399915	3.00671464231854957
217456594.616151869297	-3532898.638758016285	205030.366092991637	-908175.342718379805	1.34372436940235285	-0.19889294576527869	3.00671555163821491
217456594.633039355278	-3532913.125909031834	205038.152224553400	-908119.459315465996	1.34373993347189180	-0.19889014412641828	3.00671646102935686
217456594.649926871061	-3532927.612168916501	205045.938406112487	-908063.575563624268	1.34375549753007562	-0.19888734249010154	3.00671737048152687
217456594.666814357042	-3532942.097537310794	205053.724479014374	-908007.691722751479	1.34377159112709155	-0.19888466132184324	3.00671771460664727
217456594.683701872826	-3532956.582009520847	205061.510608572746	-907951.807519656024	1.34378784124803685	-0.19888201571004857	3.00671789182547844
217456594.700589358807	-3532971.065563942306	205069.296649582509	-907895.923215418123	1.34380409124180855	-0.19887937010535942	3.00671806910383799
217456594.717476874590	-3532985.548222922720	205077.082734393160	-907840.038548956509	1.34382034133689432	-0.19887672449043742	3.00671824644894325
217456594.734364360571	-3533000.029982747976	205084.868762187631	-907784.153780166176	1.34383659141905087	-0.19887407887395447	3.00671842385718557
217456594.751251846552	-3533014.510824113619	205092.654755160358	-907728.268773638643	1.34385284137387018	-0.19887143326812651	3.00671860132578983
217456594.768139362335	-3533028.991358604282	205100.440411954070	-907672.383796117734	1.34386841439559368	-0.19886877447455598	3.00671878370040302
217456594.785026848316	-3533043.470394851174	205108.226426164823	-907616.498317682301	1.34388392287055125	-0.19886611444411142	3.00671896659474136
217456594.801914364100	-3533057.948569764849	205116.012365174072	-907560.612537567038	1.34389943144228696	-0.19886345439994468	3.00671914955237218
217456594.818801850080	-3533072.425802564248	205123.798312976811	-907504.726603122777	1.34391494000162592	-0.19886079435437365	3.00671933257048307
217456594.835689365864	-3533086.902200397104	205131.584289556369	-907448.840357267181	1.34393044843955956	-0.19885813431617175	3.00671951564542494
217456594.852576851845	-3533101.377664860804	205139.370218697150	-907392.953989618574	1.34394595697410679	-0.19885547426779682	3.00671969878449508
217456594.869464367628	-3533115.852231581230	205147.156106070033	-907337.067281585536	1.34396145218103369	-0.19885295875272627	3.00672010721793770
217456594.886351853609	-3533130.325883193407	205154.941983964702	-907281.180450572865	1.34397694656390265	-0.19885045088618791	3.00672052760311770
217456594.903239369392	-3533144.798643674701	205162.727911812864	-907225.293270631693	1.34399244104452187	-0.19884794300528180	3.00672094804949586
217456594.920126855373	-3533159.270506495144	205170.513756903238	-907169.405988362036	1.34400793540424712	-0.19884543514312858	3.00672136855059735
217456594.937014371157	-3533173.741464650258	205178.299599015707	-907113.518352411804	1.34402342986155876	-0.19884292727015587	3.00672178911373233
217456594.953901857138	-3533188.211538680363	205186.085411285778	-907057.630618888303	1.34403892430713401	-0.19884041940292393	3.00672220973566251
217456594.970789372921	-3533202.680704068393	205193.871222669492	-907001.742537623970	1.34405438172220904	-0.19883712896685507	3.00672267052506914
217456594.987676858902	-3533217.148968477733	205201.656994411169	-906945.854334794218	1.34406983695754767	-0.19883379029478346	3.00672313386259926
217456595.004564374685	-3533231.616335297003	205209.442794575240	-906889.965794919059	1.34408529217898565	-0.19883045162554838	3.00672359727095362
217456595.021451860666	-3533246.082810168155	205217.228546328057	-906834.077140833018	1.34410074727797224	-0.19882711297094058	3.00672406074408727
217456595.038339346647	-3533260.548890526406	205225.013962273020	-906778.188579468289	1.34411620247152674	-0.19882377430915618	3.00672452429450443
217456595.055226862431	-3533275.013539423235	205232.799658969656	-906722.299339904217	1.34413170800931447	-0.19882050393297268	3.00672498332563842
217456595.072114348412	-3533289.477289318573	205240.585368797620	-906666.410001353128	1.34414764532280273	-0.19881781750161145	3.00672540321372761
217456595.089001864195	-3533303.940192118753	205248.371082612721	-906610.520321457065	1.34416358262384739	-0.19881513107250143	3.00672582316432591
217456595.105889350176	-3533318.402128419373	205256.156753964140	-906554.630519542145	1.34417951980041273	-0.19881244465460232	3.00672624317211401
217456595.122776865959	-3533332.863238454331	205263.942436993151	-906498.740394332446	1.34419545707657240	-0.19880975822999841	3.00672666324773008
217456595.139664351940	-3533347.323369858786	205271.728052812250	-906442.850117168739	1.34421139422817082	-0.19880707181838009	3.00672708338095296
217456595.156551867723	-3533361.782637515105	205279.513693852990	-906386.959522425663	1.34422719258886647	-0.19880431153836470	3.00672755533380487
217456595.173439353704	-3533376.241025396623	205287.299296483921	-906331.068824167829	1.34424247606365133	-0.19880127747970988	3.00672821920257372
217456595.190326869488	-3533390.698480204213	205295.084886162833	-906275.177766061155	1.34425775941861270	-0.19879824343649630	3.00672888312912345
217456595.207214355469	-3533405.155034408905	205302.870429735427	-906219.286586386734	1.34427304286842952	-0.19879520938944725	3.00672954712836837
217456595.224101871252	-3533419.610745321028	205310.656012636959	-906163.395107184886	1.34428832630592687	-0.19879217534465765	3.00673021119201733
217456595.240989357233	-3533434.065471800510	205318.441547829978	-906107.503462731605	1.34430360962335538	-0.19878914132063014	3.00673087531469641
217456595.257876873016	-3533448.519343233667	205326.227091175824	-906051.611488816794	1.34431904450392015	-0.19878623831673622	3.00673145935402664
217456595.274764358997	-3533462.972282705829	205334.012615179643	-905995.719367928104	1.34433489739334910	-0.19878369703117019	3.00673182217967216
217456595.291651874781	-3533477.424387261271	205341.798128698661	-905939.826980048092	1.34435075038245255	-0.19878115573371374	3.00673218506883977
217456595.308539360762	-3533491.875521888025	205349.583557927370	-905883.934428330860	1.34436660335937685	-0.19877861444116171	3.00673254801870016
217456595.325426846743	-3533506.326314107981	205357.368686104164	-905828.041987612494	1.34438245621268049	-0.19877607316144918	3.00673291102433904
217456595.342314362526	-3533520.775664709043	205365.154123011453	-905772.148861340247	1.34439830916557668	-0.19877353187162150	3.00673327409391744
217456595.359201848507	-3533535.224160676822	205372.939535354875	-905716.255662901094	1.34441399075536405	-0.19877096228895519	3.00673395502263041
217456595.376089364290	-3533549.671732798684	205380.724981448962	-905660.362096069613	1.34442940397583532	-0.19876834833612206	3.00673513426923567
217456595.392976850271	-3533564.118391488213	205388.510330331250	-905604.468422156991	1.34444481718560871	-0.19876573439690481	3.00673631357493631
217456595.409864366055	-3533578.564178801142	205396.295741334383	-905548.574398128199	1.34446023027626471	-0.19876312048152059	3.00673749292947212
217456595.426751852036	-3533593.009018470068	205404.081064718252	-905492.680247552227	1.34447564346456105	-0.19876050657130889	3.00673867235377834
217456595.443639367819	-3533607.453014102764	205411.866440246697	-905436.785797448945	1.34449105664248925	-0.19875789266762520	3.00673985183551329
217456595.460526853800	-3533621.896052635275	205419.651782515080	-905380.891169023584	1.34450667508530541	-0.19875529154893454	3.00674064485490611
217456595.477414369583	-3533636.338239401113	205427.437104476674	-905324.996249614283	1.34452257588596757	-0.19875270794650349	3.00674090675645544
217456595.494301855564	-3533650.779497528449	205435.222363919194	-905269.101202470949	1.34453847656219549	-0.19875012435919248	3.00674116871622310
217456595.511189371347	-3533665.219835035969	205443.007667845901	-905213.205780992634	1.34455437733804306	-0.19874754075990603	3.00674143074010924
217456595.528076857328	-3533679.659332417883	205450.792910605582	-905157.310288761160	1.34457027810156582	-0.19874495716042037	3.00674169282474768
217456595.544964373112	-3533694.097888773307	205458.578144545405	-905101.414448563242	1.34458617874106667	-0.19874237356719515	3.00674195496552255
217456595.561851859093	-3533708.535528198816	205466.363386301731	-905045.518466146197	1.34460169618055048	-0.19873936362756853	3.00674215171481274
217456595.578739374876	-3533722.972320955247	205474.148586352385	-904989.622186803725	1.34461689060930101	-0.19873599442058779	3.00674229337332877
217456595.595626860857	-3533737.408725637943	205481.933416420012	-904933.726105658570	1.34463208491662733	-0.19873262522895341	3.00674243509956618
217456595.612514346838	-3533751.843675714452	205489.718634526012	-904877.829433061299	1.34464727931644679	-0.19872925601802285	3.00674257689855917
217456595.629401862621	-3533766.277736057993	205497.503767349874	-904821.932452616747	1.34466247359500768	-0.19872588681889494	3.00674271876444132
217456595.646289348602	-3533780.710903530475	205505.288926424953	-904766.035342061892	1.34467766796589805	-0.19872251760401929	3.00674286070391172
217456595.663176864386	-3533795.143175467383	205513.074019732478	-904710.137910361751	1.34469332459120583	-0.19871957031049967	3.00674308480284314
217456595.680064350367	-3533809.574518825393	205520.859174592100	-904654.240329087246	1.34470935953378268	-0.19871696843669071	3.00674337616394061
217456595.696951866150	-3533824.005046873353	205528.644260938861	-904598.342476293910	1.34472539457656515	-0.19871436655655833	3.00674366759141432
217456595.713839352131	-3533838.434557682369	205536.429337262525	-904542.444413603051	1.34474142949401632	-0.19871176468859372	3.00674395907687009
217456595.730726867914	-3533852.863255811390	205544.214438897528	-904486.546076791710	1.34475746451200218	-0.19870916280721646	3.00674425062703943
217456595.747614353895	-3533867.291014628951	205551.999442226253	-904430.647601550329	1.34477349951738456	-0.19870656092965105	3.00674454223959664
217456595.764501869678	-3533881.717875113245	205559.784486689023	-904374.748789264122	1.34478932066512846	-0.19870369446972280	3.00674507554333825
217456595.781389355659	-3533896.143844777718	205567.569463311927	-904318.849862767616	1.34480505153043417	-0.19870071611765672	3.00674571109857736
217456595.798276871443	-3533910.568920832593	205575.354466105346	-904262.950593286077	1.34482078238298608	-0.19869773777113961	3.00674634672009633
217456595.815164357424	-3533924.993052254897	205583.139468606416	-904207.051194654545	1.34483651311228680	-0.19869475943941525	3.00674698240064586
217456595.832051873207	-3533939.416345708072	205590.924412300868	-904151.151487214956	1.34485224393933334	-0.19869178110399874	3.00674761815472458
217456595.848939359188	-3533953.838699253742	205598.709340740519	-904095.251644684235	1.34486797464296504	-0.19868880278692358	3.00674825396866430
217456595.865826874971	-3533968.260706311092	205606.493955530925	-904039.351798397140	1.34488357818154181	-0.19868602875135541	3.00674865662968971
217456595.882714360952	-3533982.681271827314	205614.278837942198	-903983.451504611759	1.34489913586956544	-0.19868332830427796	3.00674897535027874
217456595.899601846933	-3533997.100931679830	205622.063751091104	-903927.550977843581	1.34491469343605607	-0.19868062786338381	3.00674929412671110
217456595.916489362717	-3534011.519700347912	205629.848589900736	-903871.650123988395	1.34493025109956710	-0.19867792741410881	3.00674961296901122
217456595.933376848698	-3534025.937571797520	205637.633463432838	-903815.749145965092	1.34494580864130020	-0.19867522697633705	3.00674993186840123
217456595.950264364481	-3534040.354516354389	205645.418297923985	-903759.847821389209	1.34496136628030016	-0.19867252652486930	3.00675025083241243
217456595.967151850462	-3534054.770595424343	205653.203133921692	-903703.946398052620	1.34497782245815545	-0.19867021673154750	3.00675099993574113
217456595.984039366245	-3534069.185763658024	205660.987992692011	-903648.044607738615	1.34499461911564344	-0.19866805503310800	3.00675191211407800
217456596.000926852226	-3534083.600005086511	205668.772771426360	-903592.142708927626	1.34501141588024709	-0.19866589334166038	3.00675282435845936
217456596.017814368010	-3534098.013397274073	205676.557538650639	-903536.240493951947	1.34502821263402428	-0.19866373165891246	3.00675373665926937
217456596.034701853991	-3534112.425849178806	205684.342297012103	-903480.338143885019	1.34504500925878800	-0.19866156999188900	3.00675464900813783
217456596.051589369774	-3534126.837448614184	205692.127033099212	-903424.435483596986	1.34506180599074954	-0.19865940833008960	3.00675556142263511
217456596.068476855755	-3534141.248091662303	205699.911737668444	-903368.532664224855	1.34507784296460930	-0.19865683565189141	3.00675592422544957
217456596.085364371538	-3534155.657863011118	205707.696471480856	-903312.629539158195	1.34509378534413804	-0.19865421172181830	3.00675621857285869
217456596.102251857519	-3534170.066737741232	205715.481156917056	-903256.726286582532	1.34510972771107218	-0.19865158779560463	3.00675651298265523
217456596.119139373302	-3534184.474676173646	205723.265818469139	-903200.822680098703	1.34512566995341976	-0.19864896387999342	3.00675680745000129
217456596.136026859283	-3534198.882306030486	205731.050120080239	-903144.919321438298	1.34514161229541185	-0.19864633995618552	3.00675710198332657
217456596.152914375067	-3534213.288448764477	205738.834787164087	-903089.015250402852	1.34515755462522013	-0.19864371602737732	3.00675739657696317
217456596.169801861048	-3534227.693711735308	205746.619415645691	-903033.111075851950	1.34517327031106060	-0.19864124585593512	3.00675776129561578
217456596.186689347029	-3534242.098051535431	205754.404023981682	-902977.206669506617	1.34518898519685326	-0.19863877628508061	3.00675812635463435
217456596.203576862812	-3534256.501562926453	205762.188628470496	-902921.301965046558	1.34520469996041658	-0.19863630672481911	3.00675849146734153
217456596.220464348793	-3534270.904085919261	205769.973187154625	-902865.397101277602	1.34522041482277066	-0.19863383715853208	3.00675885664316267
217456596.237351864576	-3534285.305756347254	205777.757777425897	-902809.491902105627	1.34523612967377404	-0.19863136758655317	3.00675922187551770
217456596.254239350557	-3534299.706521178596	205785.542288873490	-902753.586612488143	1.34525185147354742	-0.19862888781210253	3.00675958169117852
217456596.271126866341	-3534314.106378776953	205793.326827373006	-902697.680949951173	1.34526771499369668	-0.19862620333823286	3.00675983197851693
217456596.288014352322	-3534328.505375292152	205801.111319613643	-902641.775227130624	1.34528357838937174	-0.19862351888003008	3.00676008232564707
217456596.304901868105	-3534342.903412480839	205808.895804095460	-902585.869113112451	1.34529944188410155	-0.19862083440897391	3.00676033273829946
217456596.321789354086	-3534357.300562606659	205816.680295180384	-902529.962882281281	1.34531530536620436	-0.19861814993755375	3.00676058321319317
217456596.338676869869	-3534371.696859891061	205824.464770365303	-902474.056341227842	1.34533116872407987	-0.19861546547648451	3.00676083374663339
217456596.355564355850	-3534386.092202241998	205832.249202984647	-902418.149660329334	1.34534711687837416	-0.19861282030296296	3.00676101664089712
217456596.372451871634	-3534400.486684547737	205840.033611035498	-902362.242681091768	1.34536349148303769	-0.19861037302099777	3.00676085869615317
217456596.389339357615	-3534414.880247352645	205847.818057019816	-902306.335540396161	1.34537986595963965	-0.19860792574293767	3.00676070081141722
217456596.406226873398	-3534429.273442757782	205855.602072197536	-902250.428418970900	1.34539624053892459	-0.19860547844361215	3.00676054298665418
217456596.423114359379	-3534443.665194562636	205863.386448934238	-902194.520834149094	1.34541261510519239	-0.19860303114270006	3.00676038522354183
217456596.440001875162	-3534458.056074520573	205871.170784638089	-902138.612940291641	1.34542898954364532	-0.19860058384037726	3.00676022751919270
217456596.456889361143	-3534472.446010922082	205878.955139810889	-902082.704872866510	1.34544529720965023	-0.19859807675641278	3.00676018922579491
217456596.473776847124	-3534486.835062770173	205886.739417494362	-902026.796631589066	1.34546133860776296	-0.19859533181411218	3.00676062596395166
217456596.490664362907	-3534501.223241042811	205894.523780940013	-901970.888020958984	1.34547738010607376	-0.19859258686322720	3.00676106277098620
217456596.507551848888	-3534515.610496491659	205902.308062157710	-901914.979295889847	1.34549342159156238	-0.19858984191844337	3.00676149964271922
217456596.524439364672	-3534529.996872142889	205910.092306519189	-901859.070273669320	1.34550946295169882	-0.19858709698381291	3.00676193657248181
217456596.541326850653	-3534544.382328670006	205917.876582357334	-901803.161089990172	1.34552550441187035	-0.19858435204414734	3.00676237357195220
217456596.558214366436	-3534558.766882742289	205925.660831065266	-901747.251571869012	1.34554139304869014	-0.19858157965718612	3.00676273984309361
217456596.575101852417	-3534573.150531872641	205933.445041927043	-901691.341938123456	1.34555696816140946	-0.19857875099409086	3.00676296098785034
217456596.591989368200	-3534587.533324186224	205941.229238935804	-901635.432000096771	1.34557254337079080	-0.19857592231846685	3.00676318219949623
217456596.608876854181	-3534601.915155765135	205949.013412853499	-901579.521908928058	1.34558811845778448	-0.19857309365200310	3.00676340347064519
217456596.625764369965	-3534616.296146580484	205956.797634737362	-901523.611493052100	1.34560369364144083	-0.19857026497301217	3.00676362480868420
