422587944.019917368889 0.000093437500
422587944.019917368889	1254267.689186082454	-3405756.731482930947	-461041.734280365752	0.48434416722068624	-1.37305954729636892	-2.11837945981998343
422587944.038604855537	1254263.332576496061	-3405767.539490034338	-460978.381147477194	0.48438477681937697	-1.37307404008915013	-2.11842749010281306
422587944.057292342186	1254258.975547970738	-3405778.346544849221	-460915.027852315921	0.48442582194075007	-1.37308859088324287	-2.11847595170060066
422587944.075979888439	1254254.618088088231	-3405789.152558481786	-460851.674200520618	0.48446687369279906	-1.37310314129246547	-2.11852441989614748
422587944.094667375088	1254250.260261538438	-3405799.957472793292	-460788.320629952766	0.48450793199645137	-1.37311769132519990	-2.11857289460878695
422587944.113354861736	1254245.901983557036	-3405810.761350585148	-460724.966915624216	0.48454899696549536	-1.37313224096949860	-2.11862137595454270
422587944.132042348385	1254241.543301223312	-3405821.564148871228	-460661.613075589237	0.48459056490581953	-1.37314725816520733	-2.11866939950391853
422587944.150729894638	1254237.184202553704	-3405832.365935718175	-460598.258878692403	0.48463230490966208	-1.37316243057717213	-2.11871727585263292
422587944.169417381287	1254232.824735473143	-3405843.166700694710	-460534.904701506079	0.48467405157058524	-1.37317760250377430	-2.11876515878720983
422587944.188104867935	1254228.464814568404	-3405853.966350016184	-460471.550436132471	0.48471580513497431	-1.37319277404395246	-2.11881304859275721
422587944.206792354584	1254224.104484527372	-3405864.765008161310	-460408.196008717583	0.48475756562032435	-1.37320794519591738	-2.11886094528709101
422587944.225479841232	1254219.743776413146	-3405875.562599430792	-460344.841424246144	0.48479870021255916	-1.37322269966254984	-2.11890858355794531
422587944.244167387486	1254215.383923563873	-3405886.359659283422	-460281.486248684349	0.48483863575848307	-1.37323666068658268	-2.11895572285931610
422587944.262854874134	1254211.022367392667	-3405897.155163881369	-460218.131395930308	0.48487857746845048	-1.37325062135012921	-2.11900286829275508
422587944.281542360783	1254206.660394511418	-3405907.949593525846	-460154.776417469955	0.48491852535969049	-1.37326458165141307	-2.11905001987581265
422587944.300229847431	1254202.298074004939	-3405918.742970595136	-460091.421256545931	0.48495847941726922	-1.37327854159204943	-2.11909717759323568
422587944.318917393684	1254197.935245276429	-3405929.535383296199	-460028.065784588864	0.48499831911528296	-1.37329253300633880	-2.11914421302584177
422587944.337604880333	1254193.572069076123	-3405940.326644307468	-459964.710354198818	0.48503354616652189	-1.37330773773122172	-2.11918633219866370
422587944.356292366982	1254189.208498728462	-3405951.116879900452	-459901.354781234346	0.48506877915231567	-1.37332294217714557	-2.11922845727215314
422587944.374979853630	1254184.844450198812	-3405961.906101925764	-459837.999102984439	0.48510401815435161	-1.37333814633556095	-2.11927058832959192
422587944.393667340279	1254180.480046399636	-3405972.694241992198	-459774.643241084937	0.48513926315781430	-1.37335335020809524	-2.11931272535584769
422587944.412354886532	1254176.115177298430	-3405983.481373029761	-459711.287080266047	0.48517451413180107	-1.37336855379807199	-2.11935486831938036
422587944.431042373180	1254171.749957503518	-3405994.267408065964	-459647.930930848583	0.48521300933117073	-1.37338300794661627	-2.11940046981648145
422587944.449729859829	1254167.384282770101	-3406005.052453038748	-459584.574669974274	0.48525333519672814	-1.37339703943786473	-2.11944802266003984
422587944.468417346478	1254163.018238781253	-3406015.836389272008	-459521.218238978705	0.48529366731953050	-1.37341107056206013	-2.11949558172866626
422587944.487104892731	1254158.651739333523	-3406026.619341573212	-459457.861489595089	0.48533400573292906	-1.37342510131572748	-2.11954314705635039
422587944.505792379379	1254154.284859917592	-3406037.401196109131	-459394.504808139696	0.48537435040591004	-1.37343913170218013	-2.11959071861144199
422587944.524479866028	1254149.917557982262	-3406048.181997058447	-459331.147971043945	0.48541455184573024	-1.37345328039219550	-2.11963842657771950
422587944.543167352676	1254145.549841334345	-3406058.961783371400	-459267.790997314267	0.48545447818074405	-1.37346765213012523	-2.11968638592652914
422587944.561854839325	1254141.181743192952	-3406069.740475078113	-459204.433871284884	0.48549441096261786	-1.37348202349921711	-2.11973435168887514
422587944.580542385578	1254136.813190162648	-3406080.518147234339	-459141.076419741032	0.48553435042609522	-1.37349639459330630	-2.11978232415032330
422587944.599229872227	1254132.444257432595	-3406091.294805019628	-459077.719001206220	0.48557429607325586	-1.37351076522786331	-2.11983030271067507
422587944.617917358875	1254128.074924632441	-3406102.070384931751	-459014.361462905770	0.48561424813880166	-1.37352513549672706	-2.11987828765545494
422587944.636604845524	1254123.705142075662	-3406112.844895639457	-458951.003787014517	0.48565476904008775	-1.37353921845984339	-2.11992617455357779
422587944.655292391777	1254119.334955681115	-3406123.618390302639	-458887.645754262630	0.48569533668161091	-1.37355328043438751	-2.11997406024828461
422587944.673979878426	1254114.964360860875	-3406134.390833219513	-458824.287803921849	0.48573591062404858	-1.37356734203907238	-2.12002195221120360
422587944.692667365074	1254110.593405104242	-3406145.162225121167	-458760.929657818924	0.48577649093298420	-1.37358140326702083	-2.12006985050919194
422587944.711354851723	1254106.221997581189	-3406155.932561660185	-458697.571412601508	0.48581707756130177	-1.37359546412324662	-2.12011775509417921
422587944.730042397976	1254101.850167187396	-3406166.701860308647	-458634.212822634494	0.48585908857223459	-1.37360979471609768	-2.12016668296363608
422587944.748729884624	1254097.477939766366	-3406177.470099670812	-458570.854301782441	0.48590187859699574	-1.37362427194235526	-2.12021617121064532
422587944.767417371273	1254093.105294058099	-3406188.237287095748	-458507.495631227910	0.48594467542118369	-1.37363874876044201	-2.12026566622488666
422587944.786104857922	1254088.732262182282	-3406199.003413833678	-458444.136809559714	0.48598747904610695	-1.37365322517026445	-2.12031516800767061
422587944.804792344570	1254084.358811478596	-3406209.768524241634	-458380.777845315810	0.48603028945695997	-1.37366770117342951	-2.12036467654387417
422587944.823479890823	1254079.986231703544	-3406220.533097373787	-458317.418282624334	0.48607256510934826	-1.37368207694444844	-2.12041374851703779
422587944.842167377472	1254075.611925527453	-3406231.296091638971	-458254.059048915457	0.48611289283677223	-1.37369609211891208	-2.12046122699658746
422587944.860854864120	1254071.237279653316	-3406242.058072234970	-458190.699651748873	0.48615322680217005	-1.37371010692907003	-2.12050871168177979
422587944.879542350769	1254066.862142806174	-3406252.818941222969	-458127.340148573800	0.48619356707114458	-1.37372412136804312	-2.12055620263949107
422587944.898229897022	1254062.486617188202	-3406263.578823892400	-458063.980288304505	0.48623391383262721	-1.37373813553249380	-2.12060370010289256
422587944.916917383671	1254058.110729055014	-3406274.337653664406	-458000.620459859550	0.48627426661565665	-1.37375214923904831	-2.12065120351063685
422587944.935604870319	1254053.734366655350	-3406285.095378512982	-457937.260549170780	0.48631054062802676	-1.37376524103331255	-2.12069456924310451
422587944.954292356968	1254049.357635494322	-3406295.852087558247	-457873.900451258349	0.48634658245150264	-1.37377827896096050	-2.12073769933470979
422587944.972979843616	1254044.980482045794	-3406306.607752557378	-457810.540215528163	0.48638262955818284	-1.37379131658990628	-2.12078083468059209
422587944.991667389870	1254040.602947134059	-3406317.362367628142	-457747.179640989343	0.48641868190065618	-1.37380435392518829	-2.12082397523238741
422587945.010354876518	1254036.224992954405	-3406328.115957246162	-457683.819117511215	0.48645473952818391	-1.37381739096164490	-2.12086712104031117
422587945.029042363167	1254031.846571062226	-3406338.868458756246	-457620.458481852082	0.48649255672339459	-1.37383101368240657	-2.12091222238548838
422587945.047729849815	1254027.467786285793	-3406349.619923069607	-457557.097688908223	0.48653315054432816	-1.37384556147097703	-2.12096040985568868
422587945.066417396069	1254023.088567334693	-3406360.370356996078	-457493.736564510851	0.48657375117287632	-1.37386010898126765	-2.12100860414782533
422587945.085104882717	1254018.708946248516	-3406371.119726963341	-457430.375489987899	0.48661435818332494	-1.37387465601799152	-2.12105680474109848
422587945.103792369366	1254014.328947285190	-3406381.868029982783	-457367.014258409909	0.48665497176626960	-1.37388920268121395	-2.12110501187317180
422587945.122479856014	1254009.948495085351	-3406392.615310244262	-457303.652921547822	0.48669469575417373	-1.37390380047569050	-2.12115207742335432
422587945.141167342663	1254005.567659285851	-3406403.361554517876	-457240.291415518208	0.48673155180857258	-1.37391856312600824	-2.12119546695926164
422587945.159854888916	1254001.186394056305	-3406414.106734457891	-457176.929576848110	0.48676841392214831	-1.37393332546843516	-2.12123886252294458
422587945.178542375565	1253996.804703945294	-3406424.850865500048	-457113.567814648850	0.48680528206389584	-1.37394808750630126	-2.12128226408276310
422587945.197229862213	1253992.422658194089	-3406435.593950128183	-457050.205875925953	0.48684215625116484	-1.37396284923783396	-2.12132567165638619
422587945.215917348862	1253988.040184563724	-3406446.335967257153	-456986.843824792246	0.48687903646905978	-1.37397761066466484	-2.12136908522860024
422587945.234604895115	1253983.657234891783	-3406457.077001603320	-456923.481443390425	0.48691865924200839	-1.37399172311248630	-2.12141578930825103
422587945.253292381763	1253979.273948794231	-3406467.816912264097	-456860.119097383402	0.48695884754732160	-1.37400570244332787	-2.12146317089119840
422587945.271979868412	1253974.890195413958	-3406478.555827771779	-456796.756622096815	0.48699904211628686	-1.37401968140745301	-2.12151055870646621
422587945.290667355061	1253970.506085487781	-3406489.293639489450	-456733.393994511745	0.48703924291782169	-1.37403366000818328	-2.12155795272233760
422587945.309354841709	1253966.121580617968	-3406500.030422739219	-456670.031211055641	0.48707944995308683	-1.37404763824543941	-2.12160535293997521
422587945.328042387962	1253961.736589027569	-3406510.766204702668	-456606.668121322407	0.48711828650541722	-1.37406171051156378	-2.12165088894233289
422587945.346729874611	1253957.351204589242	-3406521.500919423997	-456543.305088821042	0.48715583276246854	-1.37407587133017550	-2.12169466980134258
422587945.365417361259	1253952.965441320324	-3406532.234564203769	-456479.941885969078	0.48719338491441255	-1.37409003183205702	-2.12173845652529813
422587945.384104847908	1253948.579262600280	-3406542.967136908323	-456416.578570706886	0.48723094291399244	-1.37410419202224809	-2.12178224906599278
422587945.402792394161	1253944.193968232023	-3406553.699225149583	-456353.214632772258	0.48726850702904112	-1.37411835198814836	-2.12182604773156180
422587945.421479880810	1253939.806971387472	-3406564.429722323548	-456289.851010524086	0.48730637745017219	-1.37413250466650227	-2.12187029693684792
422587945.440167367458	1253935.419554380933	-3406575.159181352705	-456226.487277050095	0.48734636142145360	-1.37414660879096351	-2.12191767127001096
422587945.458854854107	1253931.031726574525	-3406585.887588762213	-456163.123392461566	0.48738635171824563	-1.37416071254944372	-2.12196505189718332
422587945.477542340755	1253926.643469934817	-3406596.614925676491	-456099.759382165736	0.48742634832560472	-1.37417481594356627	-2.12201243880310608
422587945.496229887009	1253922.254828696139	-3406607.341268318705	-456036.395002895442	0.48746635121245385	-1.37418891897665585	-2.12205983195606951
422587945.514917373657	1253917.865778756794	-3406618.066520562861	-455973.030685614154	0.48750636041225665	-1.37420302164522390	-2.12210723139017254
422587945.533604860306	1253913.476327267475	-3406628.790717916563	-455909.666224572225	0.48754549117900797	-1.37421696696326401	-2.12215377622426571
422587945.552292346954	1253909.086418460589	-3406639.513890802395	-455846.301652306807	0.48758445508970877	-1.37423088124640214	-2.12220015883579727
422587945.570979893208	1253904.696138692321	-3406650.236003207974	-455782.936714638025	0.48762342529731456	-1.37424479527517884	-2.12224654775945476
422587945.589667379856	1253900.305410365574	-3406660.957078771666	-455719.571866734012	0.48766240134847383	-1.37425870886749268	-2.12229294244807765
422587945.608354866505	1253895.914309920976	-3406671.677110779565	-455656.206836366910	0.48770138348769182	-1.37427262211257450	-2.12233934319339479
422587945.627042353153	1253891.522817852907	-3406682.396058596671	-455592.841680293786	0.48774053017738500	-1.37428650733284208	-2.12238579739049760
422587945.645729839802	1253887.130892265588	-3406693.113969840575	-455529.476399698528	0.48777985282048347	-1.37430036253677823	-2.12243230847889786
422587945.664417386055	1253882.738513494376	-3406703.830883201212	-455466.110762239376	0.48781918160766641	-1.37431421738413628	-2.12247882568136870
422587945.683104872704	1253878.345800422365	-3406714.546678781044	-455402.745186768938	0.48785851639476019	-1.37432807189018535	-2.12252534885088595
422587945.701792359352	1253873.952635710826	-3406725.261473312508	-455339.379474665388	0.48789785729591334	-1.37434192604291128	-2.12257187810381742
422587945.720479846001	1253869.559038045350	-3406735.975195656531	-455276.013630913920	0.48793725177690866	-1.37435575857396830	-2.12261844989595705
422587945.739167392254	1253865.165056510363	-3406746.687897677533	-455212.647428886383	0.48797696288916120	-1.37436945182281489	-2.12266526637497366
422587945.757854878902	1253860.770673325052	-3406757.399564685300	-455149.281279333751	0.48801667979586927	-1.37438314462983935	-2.12271208857200344
422587945.776542365551	1253856.375876002479	-3406768.110097945668	-455085.915020944434	0.48805640277853019	-1.37439683707945393	-2.12275891681440187
422587945.795229852200	1253851.980637219734	-3406778.819684253540	-455022.548609049874	0.48809613182210421	-1.37441052917328776	-2.12280575108681280
422587945.813917398453	1253847.585014210781	-3406789.528157254681	-454959.181855979317	0.48813586715982904	-1.37442422100085837	-2.12285259166738127
422587945.832604885101	1253843.188968954142	-3406800.235606031027	-454895.815161325096	0.48817613302999946	-1.37443812511926455	-2.12290008074516212
422587945.851292371750	1253838.792529553175	-3406810.942000264768	-454832.448321495554	0.48821656809918779	-1.37445209492099019	-2.12294777564094517
422587945.869979858398	1253834.395658240886	-3406821.647325270344	-454769.081363316334	0.48825700944976830	-1.37446606435555774	-2.12299547678607992
422587945.888667345047	1253829.998428281629	-3406832.351605104748	-454705.714235969470	0.48829745706676053	-1.37448003342459280	-2.12304318416527060
422587945.907354891300	1253825.600710712606	-3406843.054880630225	-454642.346789049741	0.48833791106441965	-1.37449400211606831	-2.12309089789498762
422587945.926042377949	1253821.202640767209	-3406853.757073882502	-454578.979392007575	0.48837845304270572	-1.37450760148954476	-2.12313850961653428
422587945.944729864597	1253816.804177581565	-3406864.458205976989	-454515.611845264153	0.48841911042367575	-1.37452070655840219	-2.12318598240546930
422587945.963417351246	1253812.406549889594	-3406875.158811325673	-454452.243920303998	0.48845977376279892	-1.37453381125258534	-2.12323346112399003
422587945.982104897499	1253808.007227536291	-3406885.857934098225	-454388.875891945674	0.48850044323454050	-1.37454691566469789	-2.12328094598835504
422587946.000792384148	1253803.607488335343	-3406896.555908690672	-454325.507951215259	0.48854111836379532	-1.37456001962295749	-2.12332843643734570
422587946.019479870796	1253799.207355944207	-3406907.252886094619	-454262.139841087686	0.48858179943809987	-1.37457312320801894	-2.12337593280250481
422587946.038167357445	1253794.806815462420	-3406917.948782161344	-454198.771599309577	0.48862272801786732	-1.37458748450907264	-2.12342414016259307
422587946.056854844093	1253790.405857099220	-3406928.643635762855	-454135.403225657239	0.48866369838918067	-1.37460202860067793	-2.12347245676761442
422587946.075542390347	1253786.004483834840	-3406939.337480731774	-454072.034508438723	0.48870467539063517	-1.37461657231555190	-2.12352077996947131
422587946.094229876995	1253781.602694793604	-3406950.030244460329	-454008.665872446727	0.48874565903969819	-1.37463111565189910	-2.12356910978594815
422587946.112917363644	1253777.200499144383	-3406960.721948605031	-453945.297073455993	0.48878664935383437	-1.37464565860792520	-2.12361744623482718
422587946.131604850292	1253772.797895417083	-3406971.412571406458	-453881.928142820252	0.48882698347812298	-1.37465971900802608	-2.12366502086361031
422587946.150292396545	1253768.394877852174	-3406982.102252517827	-453818.558862216363	0.48886706646519340	-1.37467359171168924	-2.12371230332354211
422587946.168979883194	1253763.991461520083	-3406992.790804304183	-453755.189643830119	0.48890715542478064	-1.37468746396259078	-2.12375959167908679
422587946.187667369843	1253759.587635010015	-3407003.478342988063	-453691.820294752717	0.48894725057616284	-1.37470133585311349	-2.12380688619471680
422587946.206354856491	1253755.183399426984	-3407014.164797350764	-453628.450800731545	0.48898735195282700	-1.37471520737976083	-2.12385418690455108
422587946.225042343140	1253750.778754228260	-3407024.850202999078	-453565.081168889941	0.48902744658768504	-1.37472905767103493	-2.12390150623451879
422587946.243729889393	1253746.373654496390	-3407035.534588952549	-453501.711211537651	0.48906752555734800	-1.37474287231641212	-2.12394885278894074
422587946.262417376041	1253741.968209123239	-3407046.217919009738	-453438.341291949793	0.48910761066619018	-1.37475668660464945	-2.12399620545021639
422587946.281104862690	1253737.562354694121	-3407056.900164739694	-453374.971227417991	0.48914770198003532	-1.37477050052883110	-2.12404356428543428
422587946.299792349339	1253733.156006947625	-3407067.581402587704	-453311.601064956689	0.48918779950002683	-1.37478431408887780	-2.12409092929573839
422587946.318479895592	1253728.749328988837	-3407078.261648312211	-453248.230494815973	0.48922788829534547	-1.37479812676240853	-2.12413828365454993
422587946.337167382240	1253724.342239111196	-3407088.940721470863	-453184.860028941417	0.48926547410161392	-1.37481183648140437	-2.12418281288763255
422587946.355854868889	1253719.934673415730	-3407099.618841223884	-453121.489446854161	0.48930306569540000	-1.37482554587984951	-2.12422734787813550
422587946.374542355537	1253715.526766847586	-3407110.295841659885	-453058.118687290524	0.48934066304542989	-1.37483925496109216	-2.12427188859415406
422587946.393229842186	1253711.118437082041	-3407120.971859567799	-452994.747786334774	0.48937826613659718	-1.37485296372677501	-2.12431643502026812
422587946.411917388439	1253706.709666438634	-3407131.646791566629	-452931.376563439495	0.48941587506704337	-1.37486667216656588	-2.12436098725651279
422587946.430604875088	1253702.300479420926	-3407142.320668324362	-452868.005411072110	0.48945464988566240	-1.37488066348311544	-2.12440693045657181
422587946.449292361736	1253697.890947868349	-3407152.993526645005	-452804.634076011076	0.48949416389752354	-1.37489483338374496	-2.12445375504789924
422587946.467979848385	1253693.480989265488	-3407163.665281751193	-452741.262621415197	0.48953368418226151	-1.37490900293167306	-2.12450058588007540
422587946.486667394638	1253689.070565724513	-3407174.336082040332	-452677.890830377000	0.48957321098801865	-1.37492317221775817	-2.12454742324777524
422587946.505354881287	1253684.659768278943	-3407185.005743856542	-452614.519101559126	0.48961274380597536	-1.37493734106175269	-2.12459426654879957
422587946.524042367935	1253680.248535942752	-3407195.674401664175	-452551.147242048755	0.48965246178328897	-1.37495154336425252	-2.12464084431677724
422587946.542729854584	1253675.838214029092	-3407206.342524152249	-452487.774959672824	0.48969256276864043	-1.37496581652392624	-2.12468685595137341
422587946.561417341232	1253671.426179719158	-3407217.009045979939	-452424.402823341312	0.48973267003666510	-1.37498008933211491	-2.12473287383808662
422587946.580104887486	1253667.013724880992	-3407227.674590098206	-452361.030331331654	0.48977278360476528	-1.37499436178702839	-2.12477889799463426
422587946.598792374134	1253662.600865758024	-3407238.339045399800	-452297.657907252782	0.48981290349034629	-1.37500863388687566	-2.12482492843873816
422587946.617479860783	1253658.187621897087	-3407249.002442831174	-452234.285345353186	0.48985302964606686	-1.37502290563671248	-2.12487096512211204
422587946.636167347431	1253653.773945282679	-3407259.664767999668	-452170.912651808292	0.48989351977654855	-1.37503712780310527	-2.12491859066124444
422587946.654854893684	1253649.359839933459	-3407270.326121683698	-452107.539608526160	0.48993405267576767	-1.37505134472543022	-2.12496638260868975
422587946.673542380333	1253644.945340106729	-3407280.986347674858	-452044.166633402929	0.48997459178010599	-1.37506556118539680	-2.12501418068321035
422587946.692229866982	1253640.530435853172	-3407291.645583954174	-451980.793502179033	0.49001513734412194	-1.37507977727416386	-2.12506198518557010
422587946.710917353630	1253636.115136051551	-3407302.303734279238	-451917.420239308267	0.49005568932047638	-1.37509399299678470	-2.12510979606748540
422587946.729604840279	1253631.699414348230	-3407312.960840408225	-451854.046838619048	0.49009629144657524	-1.37510789019171287	-2.12515759143336158
422587946.748292386532	1253627.283231572015	-3407323.616900392808	-451790.673124527326	0.49013692682703003	-1.37512159066712192	-2.12520537951785027
422587946.766979873180	1253622.866709921043	-3407334.271930846386	-451727.299436089874	0.49017756837684551	-1.37513529077734931	-2.12525317373971401
422587946.785667359829	1253618.449738982134	-3407344.925891909748	-451663.925610064296	0.49021821617811934	-1.37514899051375306	-2.12530097418262542
422587946.804354846478	1253614.032368469518	-3407355.578774916474	-451600.551664272556	0.49025887018340614	-1.37516268988139090	-2.12534878079819523
422587946.823042392731	1253609.614598221844	-3407366.230678977445	-451537.177374686638	0.49029942066088306	-1.37517643610302254	-2.12539651031853971
422587946.841729879379	1253605.196413830621	-3407376.881523496006	-451473.803134976595	0.49033950182296704	-1.37519038563046236	-2.12544388466658551
422587946.860417366028	1253600.777813181281	-3407387.531283262651	-451410.428751737287	0.49037958923330965	-1.37520433479797277	-2.12549126523094012
422587946.879104852676	1253596.358811409445	-3407398.179997604340	-451347.054242560931	0.49041968290928184	-1.37521828360376119	-2.12553865202928982
422587946.897792339325	1253591.939369735541	-3407408.827648862731	-451283.679620977200	0.49045978285206215	-1.37523223204774503	-2.12558604506281545
422587946.916479885578	1253587.519549415912	-3407419.474329163320	-451220.304605009209	0.49049988907902814	-1.37524618012813149	-2.12563344434920865
422587946.935167372227	1253583.099300198257	-3407430.119875342119	-451156.929694491031	0.49053782118239597	-1.37526048912839172	-2.12567782217553214
422587946.953854858875	1253578.678682658123	-3407440.764405556954	-451093.554596752394	0.49057554335366710	-1.37527483359416203	-2.12572190611906331
422587946.972542345524	1253574.257594255032	-3407451.407893976662	-451030.179419139575	0.49061327153567419	-1.37528917774497672	-2.12576599604229832
422587946.991229891777	1253569.836093294201	-3407462.050369416829	-450966.803877306345	0.49065100599751327	-1.37530352166938941	-2.12581009225544459
422587947.009917378426	1253565.414247410605	-3407472.691753293388	-450903.428366113862	0.49068874625321363	-1.37531786518493226	-2.12585419419125676
422587947.028604865074	1253560.991931225872	-3407483.332059762906	-450840.052767920482	0.49072775734366819	-1.37533232988813015	-2.12589998221971488
422587947.047292351723	1253556.569272208028	-3407493.971315108240	-450776.676993204339	0.49076906179452112	-1.37534701391649361	-2.12594881443672712
422587947.065979897976	1253552.146140153054	-3407504.609621820506	-450713.300887987076	0.49081037331998034	-1.37536169765329830	-2.12599765374306937
422587947.084667384624	1253547.722638504114	-3407515.246791684534	-450649.924850929412	0.49085169137238788	-1.37537638091344006	-2.12604649949461999
422587947.103354871273	1253543.299991480075	-3407525.883447072934	-450586.548405719921	0.49089301624379156	-1.37539106378762099	-2.12609535203197542
422587947.122042357922	1253538.875678194221	-3407536.518510155845	-450523.172073788824	0.49093440782174991	-1.37540567617794318	-2.12614427953293372
422587947.140729844570	1253534.450882598292	-3407547.152593359817	-450459.795637759496	0.49097603607088985	-1.37542001912400713	-2.12619347549288751
422587947.159417390823	1253530.025732838083	-3407557.785603486933	-450396.418824445165	0.49101767099953547	-1.37543436168189603	-2.12624267809908218
422587947.178104877472	1253525.600178922061	-3407568.417524751276	-450333.042079060979	0.49105931264140429	-1.37544870384808959	-2.12629188738586405
422587947.196792364120	1253521.174154195469	-3407579.048404198606	-450269.665253801446	0.49110096096535860	-1.37546304562593025	-2.12634110332146919
422587947.215479850769	1253516.747815409908	-3407589.678269883618	-450206.288202615047	0.49114261597268877	-1.37547738701532829	-2.12639032590718857
422587947.234167397022	1253512.320979480399	-3407600.307106032968	-450142.910851325956	0.49118279561327405	-1.37549150929222508	-2.12643782501018919
422587947.252854883671	1253507.893774123630	-3407610.934814900160	-450079.533586017671	0.49122260645973170	-1.37550557578345445	-2.12648489249072759
422587947.271542370319	1253503.466165360063	-3407621.561527398881	-450016.156160083017	0.49126242355916766	-1.37551964192188003	-2.12653196619186957
422587947.290229856968	1253499.038157574832	-3407632.187180591282	-449952.778569737333	0.49130224699386654	-1.37553370769884098	-2.12657904619747251
422587947.308917343616	1253494.609698606888	-3407642.811778193805	-449889.400880278088	0.49134207670015173	-1.37554777312112342	-2.12662613244260390
422587947.327604889870	1253490.180822974769	-3407653.435361116659	-449826.022820660204	0.49138296530846431	-1.37556136643549531	-2.12667442090554681
422587947.346292376518	1253485.751580884447	-3407664.057880060747	-449762.644849394506	0.49142497686694819	-1.37557445882237062	-2.12672398438523480
422587947.364979863167	1253481.321913408814	-3407674.679317472503	-449699.266727244772	0.49146699462711235	-1.37558755080955630	-2.12677355403665480
422587947.383667349815	1253476.891828350956	-3407685.299712304026	-449635.888473216502	0.49150901857379226	-1.37560064239868596	-2.12682312984432764
422587947.402354896069	1253472.461339512374	-3407695.919126470108	-449572.509869451984	0.49155104890605456	-1.37561373368060647	-2.12687271205413930
422587947.421042382717	1253468.030420741299	-3407706.537393921521	-449509.131340018590	0.49159287573339427	-1.37562691515893576	-2.12692206525991567
422587947.439729869366	1253463.599126681918	-3407717.154664152302	-449445.752660422586	0.49163275983331628	-1.37564094001366288	-2.12696923917387126
422587947.458417356014	1253459.167391150491	-3407727.770894309040	-449382.373844425485	0.49167265021750145	-1.37565496451094549	-2.12701641934037688
422587947.477104842663	1253454.735260369023	-3407738.386048026849	-449318.994914605108	0.49171254687091098	-1.37566898865242315	-2.12706360574407949
422587947.495792388916	1253450.302706307499	-3407749.000160645694	-449255.615626737359	0.49175244985964550	-1.37568301243114499	-2.12711079845233719
422587947.514479875565	1253445.869764977600	-3407759.613264883868	-449192.236377817579	0.49179235911999192	-1.37569703585390135	-2.12715799740018063
422587947.533167362213	1253441.436442374717	-3407770.225255479570	-449128.857021246396	0.49183456670630660	-1.37570977200959521	-2.12720730336143804
422587947.551854848862	1253437.002653531265	-3407780.836215116549	-449065.477528271673	0.49187732551309943	-1.37572220163612324	-2.12725711501407488
422587947.570542395115	1253432.568428478204	-3407791.446173812263	-449002.097684373439	0.49192009052779978	-1.37573463093499693	-2.12730693289106521
422587947.589229881763	1253428.133876225678	-3407802.055040984415	-448938.717890354514	0.49196286115130206	-1.37574705975332479	-2.12735675630227128
422587947.607917368412	1253423.698883212870	-3407812.662842038553	-448875.337970629276	0.49200563773323897	-1.37575948816227833	-2.12740658564378382
422587947.626604855061	1253419.263444722397	-3407823.269610911142	-448811.957926380506	0.49204724980985159	-1.37577262841066794	-2.12745537736086154
422587947.645292341709	1253414.827646408929	-3407833.875367108732	-448748.577706795011	0.49208706348541476	-1.37578686645006187	-2.12750256631743939
422587947.663979887962	1253410.391399615211	-3407844.480072522536	-448685.197173808760	0.49212688355770540	-1.37580110413119039	-2.12754976163883880
422587947.682667374611	1253405.956073774723	-3407855.084197624121	-448621.816425120516	0.49216670999549578	-1.37581534145740902	-2.12759696329320569
422587947.701354861259	1253401.518993374659	-3407865.686805086210	-448558.435830784671	0.49220654281624987	-1.37582957842691878	-2.12764417129831829
422587947.720042347908	1253397.081528012641	-3407876.288316009101	-448495.055078210717	0.49224624908549275	-1.37584374510342555	-2.12769130282497398
422587947.738729894161	1253392.643684413051	-3407886.888811086770	-448431.673986596696	0.49228477335596749	-1.37585728645108096	-2.12773770020832576
422587947.757417380810	1253388.205407147994	-3407897.488250729162	-448368.292946272937	0.49232330336409641	-1.37587082736852562	-2.12778410324872036
422587947.776104867458	1253383.766682973132	-3407908.086636414286	-448304.911812778504	0.49236183928651450	-1.37588436794949809	-2.12783051217166186
422587947.794792354107	1253379.327620185679	-3407918.683963009156	-448241.530490877747	0.49240038110805973	-1.37589790819564706	-2.12787692696167552
422587947.813479840755	1253374.888112629298	-3407929.280231378041	-448178.149055155227	0.49243892891102209	-1.37591144809829768	-2.12792334770262004
422587947.832167387009	1253370.448201941326	-3407939.875483433716	-448114.767262567766	0.49247853025518695	-1.37592542103123971	-2.12797044528210400
422587947.850854873657	1253366.007883541984	-3407950.469683476724	-448051.385552393156	0.49251864941593693	-1.37593960521555103	-2.12801787672463849
422587947.869542360306	1253361.567139869090	-3407961.062801943161	-447988.003691333230	0.49255877501017364	-1.37595378903540166	-2.12806531456923409
422587947.888229846954	1253357.125990572851	-3407971.654908836819	-447924.621705522412	0.49259890699039960	-1.37596797249587111	-2.12811275876745487
422587947.906917393208	1253352.684419103665	-3407982.245977567043	-447861.239374960947	0.49263904560867539	-1.37598215568790549	-2.12816020961790553
422587947.925604879856	1253348.242466749623	-3407992.835971309338	-447797.857088335382	0.49268050780530642	-1.37599567298010017	-2.12820911438841609
422587947.944292366505	1253343.800078904722	-3408003.424903548788	-447734.474695240555	0.49272394967283462	-1.37600819303074973	-2.12826019416854706
422587947.962979853153	1253339.357256479794	-3408014.012831658125	-447671.092171455733	0.49276739765974287	-1.37602071265790160	-2.12831128003863013
422587947.981667339802	1253334.914114174666	-3408024.599629529286	-447607.709464250773	0.49281085170201511	-1.37603323186835613	-2.12836237193339839
422587948.000354886055	1253330.470471749082	-3408035.185463072732	-447544.326444600534	0.49285431193059981	-1.37604575064825929	-2.12841346998630510
422587948.019042372704	1253326.026442278409	-3408045.770233795047	-447480.943501417642	0.49289777820023684	-1.37605826901301898	-2.12846457404927403
422587948.037729859352	1253321.582040315261	-3408056.353903390467	-447417.560399997921	0.49293952940756508	-1.37607243004429680	-2.12851392491561731
422587948.056417346001	1253317.137199619319	-3408066.936567173339	-447354.177161943226	0.49298096773141775	-1.37608689578524679	-2.12856295579040822
422587948.075104892254	1253312.691908965353	-3408077.518212772440	-447290.793604316248	0.49302241306428612	-1.37610136123363969	-2.12861199368940168
422587948.093792378902	1253308.246266982751	-3408088.098740315996	-447227.410089441517	0.49306386488922133	-1.37611582620372230	-2.12866103799898543
422587948.112479865551	1253303.800226628082	-3408098.678247064352	-447164.026430578611	0.49310532346666047	-1.37613029078823823	-2.12871008902793024
422587948.131167352200	1253299.353735822486	-3408109.256662543863	-447100.642665477295	0.49314344806747945	-1.37614371506013833	-2.12875645302443717
422587948.149854898453	1253294.906834640075	-3408119.834125285037	-447037.258525226905	0.49318010737522322	-1.37615668110088096	-2.12880163657696686
422587948.168542385101	1253290.459548683371	-3408130.410466528498	-446973.874478318496	0.49321677211969778	-1.37616964683532683	-2.12884682553435978
422587948.187229871750	1253286.011843626155	-3408140.985788182355	-446910.490275539225	0.49325344236688201	-1.37618261225652350	-2.12889201996384658
422587948.205917358398	1253281.563710340997	-3408151.560039108619	-446847.105947052129	0.49329011811773771	-1.37619557736440545	-2.12893721986639051
422587948.224604845047	1253277.115188504104	-3408162.133230358362	-446783.721474808408	0.49332765467076350	-1.37620884176277136	-2.12898293605252453
422587948.243292391300	1253272.667548493948	-3408172.705948044546	-446720.336405071954	0.49336731926809646	-1.37622284911732740	-2.12902992574242322
422587948.261979877949	1253268.218190179439	-3408183.277077049948	-446656.951645078370	0.49340698993283799	-1.37623685602390000	-2.12907692142238147
422587948.280667364597	1253263.768439273350	-3408193.847154280636	-446593.566753208986	0.49344666684890615	-1.37625086257921136	-2.12912392332169453
422587948.299354851246	1253259.318312905729	-3408204.416141240858	-446530.181728279102	0.49348635001749025	-1.37626486878318244	-2.12917093144155212
422587948.318042397499	1253254.867722536437	-3408214.984137616586	-446466.796359782747	0.49352603950483337	-1.37627887462884058	-2.12921794584945001
422587948.336729884148	1253250.416740000248	-3408225.551066500600	-446403.411048517446	0.49356555850637762	-1.37629287674897816	-2.12926457819257475
422587948.355417370796	1253245.965339184506	-3408236.116895352490	-446340.025629601558	0.49360507938086706	-1.37630687843699384	-2.12931120716301336
422587948.374104857445	1253241.513518757420	-3408246.681740208995	-446276.640061939368	0.49364460669934312	-1.37632087986938889	-2.12935784259073868
422587948.392792344093	1253237.061280064052	-3408257.245485030580	-446213.254386623914	0.49368414003425165	-1.37633488085944666	-2.12940448395896409
422587948.411479890347	1253232.608675993979	-3408267.808218604885	-446149.868309800921	0.49372367961740349	-1.37634888149868351	-2.12945113154443133
422587948.430167376995	1253228.155645293882	-3408278.369878269732	-446086.482327501231	0.49376338304114697	-1.37636303507130142	-2.12949802900120266
422587948.448854863644	1253223.702218776103	-3408288.930541842710	-446023.096183158690	0.49380320506150976	-1.37637729742796466	-2.12954510630003213
422587948.467542350292	1253219.248335231794	-3408299.490087711252	-445959.709944689530	0.49384303348469560	-1.37639155942981484	-2.12959218996963751
422587948.486229896545	1253214.794067866635	-3408310.048648638651	-445896.323355070315	0.49388286852829955	-1.37640582117174981	-2.12963928027317184
422587948.504917383194	1253210.339360348880	-3408320.606127659325	-445832.936828852980	0.49392270977719127	-1.37642008246200165	-2.12968637670470606
422587948.523604869843	1253205.884284073254	-3408331.162542796228	-445769.550157462829	0.49396294127752405	-1.37643426534156932	-2.12973349891730823
422587948.542292356491	1253201.428816721542	-3408341.717927899212	-445706.163322847162	0.49400413239430074	-1.37644825402211746	-2.12978067573879937
422587948.560979843140	1253196.972934640711	-3408352.272240655497	-445642.776375822024	0.49404532986175481	-1.37646224233670966	-2.12982785888045623
422587948.579667389393	1253192.516605186975	-3408362.825559918303	-445579.389091172721	0.49408653374618589	-1.37647623027836352	-2.12987504840982877
422587948.598354876041	1253188.059828397352	-3408373.377806469798	-445516.001889162231	0.49412774401625364	-1.37649021785044701	-2.12992224429495236
422587948.617042362690	1253183.602727391291	-3408383.928975828458	-445452.614540566748	0.49416896064061788	-1.37650420505632765	-2.12996944650386411
422587948.635729849339	1253179.145220332546	-3408394.479085392319	-445389.227028973983	0.49420947471905680	-1.37651835767399922	-2.13001717960330206
422587948.654417395592	1253174.687242143322	-3408405.028213544749	-445325.839193051565	0.49424989637822392	-1.37653253319841729	-2.13006499277442929
422587948.673104882240	1253170.228894178988	-3408415.576240328141	-445262.451432416332	0.49429032421900582	-1.37654670826972780	-2.13011281204735559
