-0.003378
-0.01736
-0.01418
-0.007673
-0.01433
-0.008637
-0.01198
-0.01086
-0.05792
0.03883
-0.0053
-0.003975
0.01469
-0.03928
-0.01544
-0.03817
0.03799
0.0116
0.0006498
0.009342
-0.0002982
0.01013
0.0005168
1.10E-03
-0.004831
-0.01176
-0.00395
-0.005376
0.009411
0.001897
0.001945
0.01238
0.02296
0.01959
-0.004104
-0.002432
-0.01273
-0.01828
0.006552
0.003209
-0.03207
-0.008335
-0.009256
-0.01404
-0.0003078
-0.002651
-0.003588
-0.00454
1.887

-0.008862
0.006346
0.02237
0.007155
0.02428
-0.009036
0.01456
0.03026
-0.02764
-0.01383
-0.003369
0.01385
0.0319
-0.04685
-0.02842
-0.03393
0.034
0.02014
0.02656
-0.007297
-0.006442
0.000729
-0.01561
-0.003499
0.006469
9.11E-03
-0.001946
0.005939
-0.02354
-0.005815
0.005649
0.0206
-0.03993
0.02307
-0.001969
0.007538
-0.03004
0.04823
0.06206
-0.1848
-1.69E-02
0.001652
0.002743
-0.01778
0.007254
-0.007251
0.01421
-0.01821
1.965

























