333175364.013936579227 0.000084125000
333175364.013936579227	3644027.738710820675	-324987.091207052115	-156798.885882251634	1.61423649629667887	-3.11138264921078589	3.01748298417318672
333175364.030761599541	3644030.057369649410	-324994.288596053375	-156741.437063808698	1.61422090729509526	-3.11138076430076937	3.01748404631293488
333175364.047586560249	3644032.375111553818	-325001.485902536137	-156683.988415802800	1.61420531829142289	-3.11137887940649849	3.01748510850068419
333175364.064411580563	3644034.691970110871	-325008.683220202918	-156626.539502642787	1.61418972917520298	-3.11137699451942584	3.01748617074417025
333175364.081236600876	3644037.007890755776	-325015.880367285281	-156569.090580880817	1.61417412634430901	-3.11137510470387690	3.01748724496175846
333175364.098061561584	3644039.322898948565	-325023.077488349692	-156511.641795606469	1.61415832750872523	-3.11137314473723325	3.01748848844543938
333175364.114886581898	3644041.637006478384	-325030.274508812465	-156454.192786370404	1.61414252855883666	-3.11137118478033248	3.01748973198797898
333175364.131711602211	3644043.950190468226	-325037.471457099600	-156396.743740636331	1.61412672971854287	-3.11136922484406497	3.01749097557102530
333175364.148536562920	3644046.262462243438	-325044.668362824246	-156339.294838745438	1.61411093087588364	-3.11136726493025595	3.01749221920406940
333175364.165361583233	3644048.573830174282	-325051.865171115671	-156281.845718832745	1.61409513191891918	-3.11136530502619424	3.01749346289597309
333175364.182186603546	3644050.885381542146	-325059.061219028314	-156224.397094968037	1.61407929145359019	-3.11136334213880383	3.01749479138517751
333175364.199011564255	3644053.194914558902	-325066.257842892723	-156166.948103056027	1.61406304757916619	-3.11136135012930604	3.01749694147856218
333175364.215836584568	3644055.503521892242	-325073.454461430199	-156109.498833764053	1.61404680358645591	-3.11135935814821263	3.01749909163933472
333175364.232661604881	3644057.811242502648	-325080.650960941741	-156052.049572738266	1.61403055970567122	-3.11135736620323389	3.01750124183613666
333175364.249486565590	3644060.118023426272	-325087.847373729688	-155994.600456740503	1.61401431582169308	-3.11135537429960163	3.01750339208504004
333175364.266311585903	3644062.423892583232	-325095.043750241166	-155937.151084129699	1.61399807181943800	-3.11135338241710846	3.01750554240101598
333175364.283136606216	3644064.728871222585	-325102.240068994346	-155879.701667895220	1.61398183997849687	-3.11135138371865949	3.01750754637412033
333175364.299961566925	3644067.032885660883	-325109.436265261378	-155822.252429112035	1.61396566041529144	-3.11134935530441448	3.01750891528172493
333175364.316786587238	3644069.336027859244	-325116.632408312405	-155764.802957823587	1.61394948073482070	-3.11134732690554783	3.01751028425154866
333175364.333611607552	3644071.638251463417	-325123.828502579243	-155707.353430801508	1.61393330116638434	-3.11134529853028674	3.01751165326330550
333175364.350436568260	3644073.939558987971	-325131.024444605515	-155649.904094869504	1.61391712159532497	-3.11134327017996970	3.01751302232737384
333175364.367261588573	3644076.239941064268	-325138.220364739012	-155592.454488912830	1.61390094190700428	-3.11134124184140015	3.01751439145350409
333175364.384086608887	3644078.539424845949	-325145.416263246036	-155535.004843859031	1.61388495813745636	-3.11133931985386392	3.01751581056465312
333175364.400911569595	3644080.837995148730	-325152.611966448952	-155477.555397252436	1.61386935076363325	-3.11133760228144451	3.01751732572872777
333175364.417736589909	3644083.135640584864	-325159.807687620865	-155420.105667324155	1.61385374327714270	-3.11133588472086675	3.01751884094903611
333175364.434561550617	3644085.432368288748	-325167.003302860714	-155362.656113775971	1.61383813589915315	-3.11133416719412548	3.01752035620400516
333175364.451386570930	3644087.728209360037	-325174.198859447613	-155305.206329022214	1.61382252851908925	-3.11133244968295442	3.01752187150410878
333175364.468211591244	3644090.023096245714	-325181.394302828063	-155247.756514899491	1.61380692102634793	-3.11133073219089784	3.01752338686075872
333175364.485036551952	3644092.317085784860	-325188.589675919269	-155190.306858031370	1.61379117252085713	-3.11132890854016608	3.01752482239316011
333175364.501861572266	3644094.610178190749	-325195.785001569544	-155132.856950604502	1.61377512227549347	-3.11132685785936758	3.01752608722577165
333175364.518686592579	3644096.902331384830	-325202.980259288102	-155075.406999212631	1.61375907191383683	-3.11132480719558835	3.01752735211995882
333175364.535511553288	3644099.193599153776	-325210.175405688817	-155017.957231786568	1.61374302166335393	-3.11132275655736956	3.01752861705691444
333175364.552336573601	3644101.483924851753	-325217.370531205903	-154960.507194219186	1.61372697141031751	-3.11132070593499011	3.01752988204580763
333175364.569161593914	3644103.773371720687	-325224.565574430453	-154903.057132382615	1.61371092104099167	-3.11131865532599816	3.01753114709612014
333175364.585986554623	3644106.061853816267	-325231.760455240554	-154845.607261292811	1.61369500121438425	-3.11131669335207661	3.01753239509486315
333175364.602811574936	3644108.349457746837	-325238.955354030710	-154788.157113165653	1.61367924186956224	-3.11131484040659201	3.01753362210904452
333175364.619636595249	3644110.636135570705	-325246.150130598748	-154730.706947781291	1.61366348241089530	-3.11131298747858009	3.01753484918046322
333175364.636461555958	3644112.921914868057	-325253.344850102847	-154673.256939653133	1.61364772306172832	-3.11131113457378117	3.01753607629085030
333175364.653286576271	3644115.206765199080	-325260.539494430530	-154615.806688093697	1.61363196371039508	-3.11130928168387388	3.01753730344910531
333175364.670111596584	3644117.490703449585	-325267.734058533155	-154558.356412034540	1.61361620424522090	-3.11130742880780842	3.01753853066444178
333175364.686936557293	3644119.773706961889	-325274.928559260385	-154500.906261766650	1.61360039112377374	-3.11130548033989474	3.01753981893116219
333175364.703761577606	3644122.055829170626	-325282.122983160429	-154443.455911530007	1.61358450660240371	-3.11130340490478607	3.01754118826847106
333175364.720586597919	3644124.337037154008	-325289.317341769231	-154386.005499616673	1.61356862196579920	-3.11130132948434746	3.01754255766779833
333175364.737411558628	3644126.617313965689	-325296.511592252820	-154328.555258028937	1.61355273743906524	-3.11129925409837682	3.01754392710932606
333175364.754236578941	3644128.896686103195	-325303.705814862158	-154271.104777764558	1.61353685290966231	-3.11129717872607170	3.01754529660249649
333175364.771061599255	3644131.175142253749	-325310.899945554964	-154213.654249121202	1.61352096826502445	-3.11129510336844151	3.01754666615768485
333175364.787886559963	3644133.452682676259	-325318.093980329402	-154156.203890916222	1.61350529338468385	-3.11129329902014939	3.01754784532317499
333175364.804711580276	3644135.730409647338	-325325.287230450369	-154098.753847118351	1.61348979429780726	-3.11129172190380521	3.01754886485656826
333175364.821536600590	3644138.006134159863	-325332.481087418855	-154041.303246392781	1.61347429509949580	-3.11129014479610166	3.01754988444033323
333175364.838361561298	3644140.280937962234	-325339.674922990089	-153983.852764215728	1.61345879600939179	-3.11128856770977302	3.01755090405961157
333175364.855186581612	3644142.554823069833	-325346.868688657647	-153926.402050606383	1.61344329691767863	-3.11128699063481973	3.01755192372167702
333175364.872011601925	3644144.827787250746	-325354.062338952324	-153868.951307856390	1.61342779771452549	-3.11128541357214505	3.01755294343426961
333175364.888836562634	3644147.099848916754	-325361.255911980465	-153811.500734243746	1.61341195015568051	-3.11128361477441251	3.01755409675013109
333175364.905661582947	3644149.371000585146	-325368.449475225818	-153754.049890721712	1.61339581124922593	-3.11128163057774065	3.01755536178892214
333175364.922486603260	3644151.641221211292	-325375.642892753007	-153696.599049179902	1.61337967222595080	-3.11127964639867649	3.01755662688849791
333175364.939311563969	3644153.910533050075	-325382.836247844331	-153639.148352897784	1.61336353331457882	-3.11127766224482061	3.01755789203005564
333175364.956136584282	3644156.178949523252	-325390.029582023097	-153581.697392759670	1.61334739440075436	-3.11127567810692085	3.01755915722276447
333175364.972961604595	3644158.446435531136	-325397.222810346750	-153524.246421305637	1.61333125537011357	-3.11127369398299880	3.01756042247610345
333175364.989786565304	3644160.712997308932	-325404.415964012267	-153466.795594994677	1.61331539244144295	-3.11127153834666270	3.01756191203822821
333175365.006611585617	3644162.978685097769	-325411.609037716640	-153409.344549477275	1.61329965961942889	-3.11126930186433892	3.01756350737973467
333175365.023436605930	3644165.243422466796	-325418.802034798660	-153351.893455351965	1.61328392668274678	-3.11126706539526943	3.01756510278675671
333175365.040261566639	3644167.507257323246	-325425.994954582944	-153294.442530366039	1.61326819385434717	-3.11126482896516920	3.01756669823643175
333175365.057086586952	3644169.770176902413	-325433.187784712238	-153236.991375359357	1.61325246102276565	-3.11126259255209403	3.01756829373980473
333175365.073911607265	3644172.032196049578	-325440.380608026404	-153179.540144079976	1.61323672807651097	-3.11126035615591245	3.01756988930884740
333175365.090736567974	3644174.293274384923	-325447.573259738623	-153122.089128956984	1.61322105590386133	-3.11125826787977822	3.01757134999542975
333175365.107561588287	3644176.553446853068	-325454.765901729814	-153064.637830625987	1.61320541590839972	-3.11125625817653173	3.01757273916201108
333175365.124386608601	3644178.812725871336	-325461.958472443570	-153007.186501969729	1.61318977579956346	-3.11125424848478183	3.01757412838876382
333175365.141211569309	3644181.071070780978	-325469.150921595341	-152949.735356935649	1.61317413579899238	-3.11125223882339430	3.01757551765559295
333175365.158036589622	3644183.328503699973	-325476.343350839801	-152892.283947930526	1.61315849579587045	-3.11125022917930094	3.01757690697239278
333175365.174861550331	3644185.585018560756	-325483.535617602116	-152834.832735958335	1.61314285579018390	-3.11124821956340902	3.01757829633962427
333175365.191686570644	3644187.840638633817	-325490.727903279650	-152777.381246833102	1.61312708203540267	-3.11124642602535584	3.01757956951825479
333175365.208511590958	3644190.095343456138	-325497.920111804677	-152719.929739151441	1.61311123820754609	-3.11124474598608680	3.01758078168235278
333175365.225336551666	3644192.349106507376	-325505.112150387256	-152662.478410449025	1.61309539437779104	-3.11124306597248657	3.01758199389229320
333175365.242161571980	3644194.601974772755	-325512.304207873764	-152605.026804595807	1.61307955043388773	-3.11124138596655664	3.01758320615640807
333175365.258986592293	3644196.853930966463	-325519.496185018739	-152547.575174244470	1.61306370660036480	-3.11123970598248967	3.01758441845711056
333175365.275811553001	3644199.104954474140	-325526.688010786893	-152490.123734868132	1.61304786276494738	-3.11123802602045885	3.01758563080350228
333175365.292636573315	3644201.355096066371	-325533.879817710957	-152432.672037693701	1.61303174054017173	-3.11123610755307256	3.01758690974611588
333175365.309461593628	3644203.604318266269	-325541.071552330570	-152375.220290725119	1.61301552397490600	-3.11123410815709223	3.01758821131614985
333175365.326286554337	3644205.852622142993	-325548.263233978243	-152317.768706839153	1.61299930740711717	-3.11123210878139567	3.01758951293798461
333175365.343111574650	3644208.099990363698	-325555.454790262040	-152260.316912059119	1.61298309072190071	-3.11123010941662503	3.01759081462104684
333175365.359936594963	3644210.346459576860	-325562.646309879492	-152202.865048362350	1.61296687414907125	-3.11122811007786426	3.01759211634633040
333175365.376761555672	3644212.591995867901	-325569.837694635906	-152145.413368284848	1.61295065757370870	-3.11122611076665967	3.01759341812372162
333175365.393586575985	3644214.836653428618	-325577.029057351290	-152087.961424468871	1.61293502360382557	-3.11122418711880266	3.01759470311667455
333175365.410411596298	3644217.080392793752	-325584.220329520816	-152030.509475390776	1.61291945368002110	-3.11122227179248734	3.01759598630026193
333175365.427236557007	3644219.324295401108	-325591.410826537060	-151973.058217183047	1.61290388375390936	-3.11122035648899642	3.01759726953242602
333175365.444061577320	3644221.566191857681	-325598.601953945006	-151915.606181817799	1.61288831371517238	-3.11121844119593538	3.01759855282230927
333175365.460886597633	3644223.807184366509	-325605.793021237012	-151858.154096771847	1.61287274378445966	-3.11121652592719355	3.01759983615116800
333175365.477711558342	3644226.047261158936	-325612.983992475260	-151800.702182164299	1.61285717385143967	-3.11121461068128058	3.01760111952860255
333175365.494536578655	3644228.286417270079	-325620.174883608473	-151743.250042064581	1.61284117589706688	-3.11121262213920557	3.01760240181530781
333175365.511361598969	3644230.524654802401	-325627.365725733631	-151685.797846230329	1.61282511863038480	-3.11121062343837540	3.01760368398402257
333175365.528186559677	3644232.761984166689	-325634.556452181423	-151628.345808951737	1.61280906136120139	-3.11120862476459115	3.01760496620432406
333175365.545011579990	3644234.998402166180	-325641.747100552486	-151570.893565532286	1.61279300397575365	-3.11120662609759568	3.01760624848504166
333175365.561836600304	3644237.233901353553	-325648.937716436863	-151513.441259025276	1.61277694658781434	-3.11120462745038040	3.01760753081704047
333175365.578661561012	3644239.468461113982	-325656.128228800953	-151455.989104903216	1.61276089656732280	-3.11120262782296386	3.01760881691386595
333175365.595486581326	3644241.702157500666	-325663.318722815020	-151398.536722917022	1.61274563441257590	-3.11120051862534064	3.01761050728386282
333175365.612311601639	3644243.934921522625	-325670.509109256149	-151341.084299793700	1.61273037225485583	-3.11119840944910964	3.01761219770415323
333175365.629136562347	3644246.166753207333	-325677.699400657963	-151283.632046994404	1.61271511009415303	-3.11119630030154015	3.01761388817504317
333175365.645961582661	3644248.397696281783	-325684.889623097901	-151226.179568931693	1.61269984782232956	-3.11119419116886364	3.01761557870855812
333175365.662786602974	3644250.627720543183	-325692.079813034041	-151168.727027779823	1.61268458554752780	-3.11119208206121733	3.01761726929251894
333175365.679611563683	3644252.856803046539	-325699.269832942053	-151111.274665606965	1.61266932337788549	-3.11118997299237243	3.01761895991489837
333175365.696436583996	3644255.085012720432	-325706.459852502798	-151053.822057631565	1.61265340889417619	-3.11118783877745297	3.01762023895117970
333175365.713261604309	3644257.312293704133	-325713.649792679003	-150996.369425042998	1.61263748971049270	-3.11118570439853404	3.01762151515686172
333175365.730086565018	3644259.538651655894	-325720.839644796681	-150938.916937599279	1.61262157063689382	-3.11118357005307988	3.01762279140645884
333175365.746911585331	3644261.764089398552	-325728.029383688408	-150881.464239374065	1.61260565156059621	-3.11118143571987238	3.01762406770875735
333175365.763736605644	3644263.988626485225	-325735.219132165308	-150824.011457522138	1.61258973236878456	-3.11117930140313703	3.01762534407361072
333175365.780561566353	3644266.212245151401	-325742.408754640201	-150766.558866760082	1.61257381241144038	-3.11117719687659511	3.01762666253737688
333175365.797386586666	3644268.434957773425	-325749.598285829823	-150709.106056561053	1.61255788511279485	-3.11117534186089317	3.01762833352101545
333175365.814211606979	3644270.656767025590	-325756.787796704099	-150651.653183386545	1.61254195769880115	-3.11117348686266793	3.01763000456527486
333175365.831036567688	3644272.877633103635	-325763.977167311823	-150594.200481835956	1.61252603039516473	-3.11117163190222623	3.01763167564622448
333175365.847861588001	3644275.097582494840	-325771.166477904539	-150536.747542910918	1.61251010308904408	-3.11116977696032793	3.01763334677544881
333175365.864686608315	3644277.316653416958	-325778.355762363295	-150479.294559064088	1.61249417566757014	-3.11116792203954651	3.01763501796544498
333175365.881511569023	3644279.534779978450	-325785.544919809152	-150421.841746838036	1.61247821790731205	-3.11116605298368842	3.01763666173451162
333175365.898336589336	3644281.752009192016	-325792.734046077356	-150364.388676700852	1.61246200542234996	-3.11116406541902002	3.01763807585854105
333175365.915161550045	3644283.968307727948	-325799.923030921258	-150306.935791599011	1.61244579293479151	-3.11116207787646459	3.01763949003416965
333175365.931986570358	3644286.183714814950	-325807.112006336392	-150249.482666522003	1.61242958032976080	-3.11116009034674912	3.01764090427161813
333175365.948811590672	3644288.398184370715	-325814.300867212412	-150192.029512190173	1.61241336783701406	-3.11115810284478833	3.01764231855029363
333175365.965636551380	3644290.611762730870	-325821.489667691465	-150134.576495877584	1.61239715534166161	-3.11115611537221470	3.01764373288087029
333175365.982461571693	3644292.824416287243	-325828.678387872758	-150077.123267368734	1.61238107248171292	-3.11115414241148835	3.01764517616852013
333175365.999286592007	3644295.036164482590	-325835.867077624833	-150019.669981824787	1.61236539801515111	-3.11115221511330953	3.01764671041817989
333175366.016111552715	3644297.246984374244	-325843.055599417305	-149962.216881316621	1.61234972354605799	-3.11115028784566405	3.01764824471708515
333175366.032936573029	3644299.456903126556	-325850.244146318699	-149904.763515539351	1.61233404896338284	-3.11114836058880018	3.01764977907585363
333175366.049761593342	3644301.667003339622	-325857.431849600980	-149847.310679759627	1.61231837448925375	-3.11114643336041441	3.01765131347234217
333175366.066586554050	3644303.875068858266	-325864.620185776846	-149789.857455168210	1.61230270001259757	-3.11114450615893112	3.01765284791792388
333175366.083411574364	3644306.082253657281	-325871.808489704214	-149732.403972775734	1.61228702085945397	-3.11114256964949787	3.01765435707975849
333175366.100236594677	3644308.288508247584	-325878.996671020926	-149674.950486422866	1.61227132519709904	-3.11114059919911767	3.01765577397875884
333175366.117061555386	3644310.493862341624	-325886.184784913319	-149617.497163267893	1.61225562953222146	-3.11113862877382763	3.01765719092759666
333175366.133886575699	3644312.698289250489	-325893.372849955631	-149560.043583384628	1.61223993375361085	-3.11113665836084063	3.01765860793635987
333175366.150711596012	3644314.901809043717	-325900.560857924691	-149502.589959764242	1.61222423808370019	-3.11113468797482939	3.01766002498441877
333175366.167536556721	3644317.104383908212	-325907.748698943236	-149445.136521066626	1.61220854241126199	-3.11113271761754717	3.01766144208246478
333175366.184361577034	3644319.306087134406	-325914.936526266625	-149387.682836565538	1.61219269916609642	-3.11113069546701349	3.01766287116437804
333175366.201186597347	3644321.506868612021	-325922.124307627440	-149330.229102271696	1.61217632143848633	-3.11112848552754340	3.01766434351763335
333175366.218011558056	3644323.706705736928	-325929.311961903994	-149272.775539601746	1.61215994370778293	-3.11112627561500510	3.01766581592681948
333175366.234836578369	3644325.905671223998	-325936.499602476135	-149215.321731128148	1.61214356585794372	-3.11112406571491462	3.01766728840241782
333175366.251661598682	3644328.103709451854	-325943.687133763335	-149157.867905399151	1.61212718812106703	-3.11112185584534018	3.01766876092301306
333175366.268486559391	3644330.300819953438	-325950.874536912248	-149100.414251409791	1.61211081038109683	-3.11111964600270197	3.01767023349953822
333175366.285311579704	3644332.497016484383	-325958.061909856740	-149042.960339391371	1.61209450921745123	-3.11111746132569644	3.01767163759395096
333175366.302136600018	3644334.692294447683	-325965.249233641196	-148985.506371639087	1.61207838367082945	-3.11111533422319075	3.01767288487044283
333175366.318961560726	3644336.886676672380	-325972.436431966897	-148928.052611615625	1.61206225812150428	-3.11111320714726691	3.01767413220081027
333175366.335786581039	3644339.080147155095	-325979.623593620898	-148870.598594979121	1.61204613245522932	-3.11111108007675918	3.01767537959364018
333175366.352611601353	3644341.272681874223	-325986.810667273065	-148813.144535791711	1.61203000690052423	-3.11110895303219381	3.01767662703085859
333175366.369436562061	3644343.464319278486	-325993.997670271259	-148755.690633861144	1.61201388134312018	-3.11110682601057986	3.01767787452180158
333175366.386261582375	3644345.655036016833	-326001.184592994046	-148698.236506436398	1.61199783845612021	-3.11110462868706383	3.01767916353455412
333175366.403086602688	3644347.844849059358	-326008.371438880218	-148640.782336689881	1.61198189249348633	-3.11110234915959660	3.01768050107585140
333175366.419911563396	3644350.033731533680	-326015.558216187870	-148583.328323969909	1.61196594652781577	-3.11110006965630204	3.01768183867271800
333175366.436736583710	3644352.221708782949	-326022.744925424398	-148525.874085871474	1.61195000044612557	-3.11109779016220367	3.01768317633468053
333175366.453561604023	3644354.408781528007	-326029.931534476636	-148468.419811392785	1.61193405447439031	-3.11109551069998869	3.01768451404238691
333175366.470386564732	3644356.594912255649	-326037.118082881556	-148410.965681944857	1.61191810849962280	-3.11109323125831638	3.01768585180551163
333175366.487211585045	3644358.780159713700	-326044.304544044600	-148353.511358467367	1.61190211980805764	-3.11109107347404068	3.01768721750357560
333175366.504036605358	3644360.964467838872	-326051.490961914067	-148296.056947906880	1.61188607737921452	-3.11108906948262520	3.01768861847186898
333175366.520861566067	3644363.147874901537	-326058.677272407163	-148238.602713839326	1.61187003494775771	-3.11108706552016168	3.01769001949178461
333175366.537686586380	3644365.330388999544	-326065.863530205213	-148181.148260450514	1.61185399240002947	-3.11108506156635389	3.01769142057299788
333175366.554511606693	3644367.511955076363	-326073.049684567319	-148123.693758454465	1.61183794996336727	-3.11108305764362036	3.01769282169540931
333175366.571336567402	3644369.692615109496	-326080.235801114119	-148066.239425594860	1.61182190752410381	-3.11108105373893595	3.01769422286899403
333175366.588161587715	3644371.872381833848	-326087.421813505003	-148008.784849536838	1.61180602845811816	-3.11107915019713710	3.01769529747451948
333175366.604986608028	3644374.051221875940	-326094.607756420039	-147951.330242922937	1.61179027318661072	-3.11107732258330660	3.01769612501661122
333175366.621811568737	3644376.229131356813	-326101.793630718137	-147893.875793335610	1.61177451791320969	-3.11107549498537406	3.01769695260645898
333175366.638636589050	3644378.406141404063	-326108.979390675726	-147836.421119785198	1.61175876252627814	-3.11107366739520019	3.01769778025012281
333175366.655461549759	3644380.583342240658	-326116.164419485256	-147778.967135919869	1.61174300724909814	-3.11107183982179825	3.01769860793518285
333175366.672286570072	3644382.758521442302	-326123.350066140702	-147721.512374780345	1.61172725197002809	-3.11107001226066293	3.01769943566784882
333175366.689111590385	3644384.932805460878	-326130.535614602442	-147664.057596613944	1.61171137443849855	-3.11106810305054138	3.01770051683135865
333175366.705936551094	3644387.106160675175	-326137.721121048671	-147606.602962175879	1.61169539938360940	-3.11106612859660014	3.01770180057770121
333175366.722761571407	3644389.278600402642	-326144.906554052548	-147549.148090363131	1.61167942432627087	-3.11106415415874515	3.01770308437452695
333175366.739586591721	3644391.450117818080	-326152.091901117179	-147491.693182054849	1.61166344915328064	-3.11106217973506682	3.01770436823142640
333175366.756411552429	3644393.620732753538	-326159.277170554327	-147434.238442884642	1.61164747409102538	-3.11106020534392869	3.01770565212981268
333175366.773236572742	3644395.790433859918	-326166.462320210005	-147376.783481051447	1.61163149902632519	-3.11105823096524547	3.01770693607853246
333175366.790061593056	3644397.959210145287	-326173.647499911895	-147319.328447360022	1.61161532265689722	-3.11105643978082602	3.01770818856076684
333175366.806886553764	3644400.127089641523	-326180.832482802798	-147261.873612227646	1.61159904730083192	-3.11105473885586692	3.01770942555282007
333175366.823711574078	3644402.294048197102	-326188.017494872271	-147204.418517654180	1.61158277194278998	-3.11105303794297194	3.01771066259169496
333175366.840536594391	3644404.460087287705	-326195.202361395117	-147146.963401296030	1.61156649646743655	-3.11105133704580217	3.01771189968679687
333175366.857361555099	3644406.625207843259	-326202.387191186193	-147089.508440664998	1.61155022110541823	-3.11104963617521246	3.01771313682005538
333175366.874186575413	3644408.789432151709	-326209.571903410193	-147032.053250130499	1.61153394574141484	-3.11104793532396018	3.01771437400042997
333175366.891011595726	3644410.952733296435	-326216.756599335757	-146974.598002446321	1.61151775359460880	-3.11104599775962187	3.01771570891115903
333175366.907836556435	3644413.115118754096	-326223.941198931483	-146917.142925200314	1.61150160330622683	-3.11104394163832820	3.01771709279360278
333175366.924661576748	3644415.276597235817	-326231.125703749945	-146859.687635872659	1.61148545301514923	-3.11104188553495797	3.01771847672841087
333175366.941486597061	3644417.437155165244	-326238.310149202007	-146802.232296753558	1.61146930260693244	-3.11103982944702206	3.01771986072588128
333175366.958311557770	3644419.596803533379	-326245.494508493808	-146744.777108834125	1.61145315231044584	-3.11103777339404219	3.01772124476601000
333175366.975136578083	3644421.755527113564	-326252.678787294950	-146687.321708720003	1.61143700201126738	-3.11103571735535400	3.01772262885835429
333175366.991961598396	3644423.913349713199	-326259.863019035954	-146629.866245632002	1.61142128342972302	-3.11103392382856736	3.01772395800189663
333175367.008786559105	3644426.070258620195	-326267.047164511634	-146572.410947039782	1.61140567169527515	-3.11103219520707741	3.01772527358461984
333175367.025611579418	3644428.226245683618	-326274.231242843263	-146514.955422954925	1.61139005995881512	-3.11103046660172788	3.01772658921282799
333175367.042436599731	3644430.381343123969	-326281.415193220833	-146457.499875901034	1.61137444810971009	-3.11102873801598534	3.01772790489648157
333175367.059261560440	3644432.535491008312	-326288.599102454435	-146400.044485759281	1.61135883636921617	-3.11102700945018951	3.01772922061595450
333175367.076086580753	3644434.688740987331	-326295.782940414152	-146342.588851001667	1.61134322462670077	-3.11102528090780739	3.01773053638120725
333175367.092911601067	3644436.841069231741	-326302.966732236440	-146285.133166452637	1.61132761099008159	-3.11102337350623781	3.01773178266165854
333175367.109736561775	3644438.992499605753	-326310.150413393916	-146227.677652454993	1.61131199694565619	-3.11102141431361456	3.01773300883524209
333175367.126561582088	3644441.143006617203	-326317.333984237979	-146170.221933618217	1.61129638289888821	-3.11101945513210598	3.01773423505777938
333175367.143386602402	3644443.292588474695	-326324.517528651399	-146112.766163574648	1.61128076873912840	-3.11101749596354482	3.01773546133859627
333175367.160211563110	3644445.441262768116	-326331.700996945729	-146055.310538789170	1.61126515468765286	-3.11101553682244392	3.01773668765977732
333175367.177036583424	3644447.589033035561	-326338.884383767785	-145997.854688626830	1.61124954063382519	-3.11101357769973008	3.01773791403020653
333175367.193861603737	3644449.735882990994	-326346.067694640311	-145940.398796028603	1.61123378778614246	-3.11101151461166081	3.01773925531589793
333175367.210686564445	3644451.881817263085	-326353.250909126597	-145882.943073866714	1.61121799458121773	-3.11100942121492174	3.01774063015809535
333175367.227511584759	3644454.026844898704	-326360.434085184592	-145825.487118972669	1.61120220137357095	-3.11100732783549194	3.01774200505208867
333175367.244336605072	3644456.170954598580	-326367.617158768349	-145768.031121640670	1.61118640805128344	-3.11100523447425381	3.01774338000825493
333175367.261161565781	3644458.314159452450	-326374.800181143743	-145710.575293447619	1.61117061483817836	-3.11100314114035115	3.01774475500628014
333175367.277986586094	3644460.457540990319	-326381.982396734296	-145653.119775018917	1.61115482162235013	-3.11100104782376041	3.01774613005610126
333175367.294811606407	3644462.598909819499	-326389.165286128235	-145595.663659659971	1.61113872445781126	-3.11099894378094444	3.01774758438570156
333175367.311636567116	3644464.739348954055	-326396.348037106101	-145538.207721979008	1.61112258285564813	-3.11099683819977901	3.01774905037323382
333175367.328461587429	3644466.878913518507	-326403.530760812049	-145480.751551793888	1.61110644125062619	-3.11099473263422244	3.01775051641376058
333175367.345286607742	3644469.017514872365	-326410.713352174324	-145423.295340243145	1.61109029952835336	-3.11099262708870583	3.01775198251844978
333175367.362111568451	3644471.155214561615	-326417.895889130945	-145365.839291888959	1.61107415791759023	-3.11099052157254574	3.01775344866569828
333175367.378936588764	3644473.292012554128	-326425.078411065799	-145308.382991563791	1.61105802088608607	-3.11098842305028844	3.01775491297895959
333175367.395761549473	3644475.427896291949	-326432.260806781414	-145250.926869033952	1.61104205836479064	-3.11098659018757084	3.01775630547078055
333175367.412586569786	3644477.562876575161	-326439.443160856259	-145193.470507828111	1.61102609572810684	-3.11098475733812796	3.01775769802098992
333175367.429411590099	3644479.696932801977	-326446.625402242062	-145136.014123424276	1.61101013320224862	-3.11098292451468339	3.01775909060932124
333175367.446236550808	3644481.830062847584	-326453.807558413362	-145078.557890105236	1.61099417067409778	-3.11098109171996517	3.01776048324627277
333175367.463061571121	3644483.962289440446	-326460.989672932075	-145021.101418112026	1.61097820803055858	-3.11097925893852567	3.01776187594161271
333175367.479886591434	3644486.093619439285	-326468.171718902769	-144963.644921734609	1.61096224478924333	-3.11097742494804619	3.01776326830109465
333175367.496711552143	3644488.224010048434	-326475.353660973022	-144906.188577744615	1.61094616924715295	-3.11097539583148075	3.01776460146671255
333175367.513536572456	3644490.353497204371	-326482.535561383411	-144848.731995078648	1.61093009358855088	-3.11097336672600067	3.01776593469380394
333175367.530361592770	3644492.482072328217	-326489.717381016933	-144791.275387913862	1.61091401804125289	-3.11097133764710954	3.01776726796294392
333175367.547186553478	3644494.609724690672	-326496.899095703149	-144733.818933249044	1.61089794249134477	-3.11096930859251009	3.01776860128406232
333175367.564011573792	3644496.736469852272	-326504.080732021539	-144676.362259148154	1.61088186682492052	-3.11096727955263486	3.01776993466679988
333175367.580836594105	3644498.862306730356	-326511.262324249488	-144618.905541310611	1.61086585417784778	-3.11096523494952892	3.01777120665832221
333175367.597661554813	3644500.987213918474	-326518.443778000248	-144561.449001153494	1.61085024416996681	-3.11096309086322931	3.01777208625016780
333175367.614486575127	3644503.111221404746	-326525.625226770469	-144503.992203081900	1.61083463415976280	-3.11096094678263801	3.01777296589384303
333175367.631311595440	3644505.234301656950	-326532.806565988052	-144446.535387753771	1.61081902414722777	-3.11095880271502878	3.01777384558963924
333175367.648136556149	3644507.356486374047	-326539.987860924273	-144389.078716383898	1.61080341413235684	-3.11095665866403692	3.01777472533770075
333175367.664961576462	3644509.477738423739	-326547.169043402304	-144331.621820822882	1.61078780400454247	-3.11095451461928141	3.01777560514445486
333175367.681786596775	3644511.598083948251	-326554.350208387070	-144274.164868227905	1.61077212636659772	-3.11095237415488235	3.01777653750437524
333175367.698611557484	3644513.717528339475	-326561.531192824536	-144216.708120135299	1.61075594974623515	-3.11095026011884102	3.01777785805618759
333175367.715436577797	3644515.836051559541	-326568.712222801056	-144159.251105247007	1.61073977312312033	-3.11094814609974879	3.01777917866139100
333175367.732261598110	3644517.953656522091	-326575.893093802268	-144101.794068572868	1.61072359638261742	-3.11094603209834109	3.01778049932997172
333175367.749086558819	3644520.070328327827	-326583.073939019057	-144044.337181569979	1.61070741975398324	-3.11094391812405391	3.01778182004239470
333175367.765911579132	3644522.186116162222	-326590.254681898048	-143986.880070718820	1.61069124312259593	-3.11094180416671984	3.01778314080820786
333175367.782736599445	3644524.300978520885	-326597.435341813834	-143929.422929312743	1.61067520251740071	-3.11093975256952371	3.01778442629324939
333175367.799561560154	3644526.414946535602	-326604.615944156307	-143871.965931867191	1.61065961418018633	-3.11093790806664083	3.01778559443524053
333175367.816386580467	3644528.527973148040	-326611.796466889908	-143814.508722111204	1.61064402584085409	-3.11093606357394892	3.01778676262431622
333175367.833211600780	3644530.640092100948	-326618.976892351522	-143757.051481915376	1.61062843738893280	-3.11093421909772916	3.01778793086952479
333175367.850036561489	3644532.751302879304	-326626.157294693345	-143699.594373681291	1.61061284904534707	-3.11093237463996486	3.01778909915334825
333175367.866861581802	3644534.861595629714	-326633.337573417986	-143642.137047310825	1.61059726069962950	-3.11093053020330013	3.01779026748469015
333175367.883686602116	3644536.970978345722	-326640.517781378760	-143584.679690500721	1.61058159702453385	-3.11092866679378588	3.01779147819972282
333175367.900511562824	3644539.080547615420	-326647.697181475582	-143527.223055912153	1.61056566990714756	-3.11092673690492827	3.01779283726685099
333175367.917336583138	3644541.188102704473	-326654.877272475336	-143469.765605572553	1.61054974278733254	-3.11092480702968288	3.01779419638346091
333175367.934161603451	3644543.294742587954	-326662.057285799412	-143412.308136674925	1.61053381555222175	-3.11092287717009119	3.01779555555980794
333175367.950986564159	3644545.400439342950	-326669.237158440752	-143354.850839401479	1.61051788842752264	-3.11092094734388569	3.01779691477624912
333175367.967811584473	3644547.505254451185	-326676.416995197884	-143297.393291684100	1.61050196130039414	-3.11091901753129507	3.01779827404217160
333175367.984636604786	3644549.609169554431	-326683.596783020883	-143239.935718169145	1.61048618260621357	-3.11091705317385037	3.01779964233424325
333175368.001461565495	3644551.712155545130	-326690.776472164202	-143182.478309037833	1.61047066582801213	-3.11091502793561991	3.01780102646906467
333175368.018286585808	3644553.814212623052	-326697.956085475103	-143125.020656477311	1.61045514904722542	-3.11091300271449045	3.01780241065371602
333175368.035111606121	3644555.915370885283	-326705.135636587802	-143067.562978116475	1.61043963215389252	-3.11091097751182666	3.01780379489862893
333175368.051936566830	3644558.015606632456	-326712.315066121286	-143010.105459612532	1.61042411536791974	-3.11090895233580644	3.01780517918337310
333175368.068761587143	3644560.114920883439	-326719.494484718191	-142952.647694963380	1.61040859857936081	-3.11090692717688988	3.01780656351794674
333175368.085586607456	3644562.213357789908	-326726.673790559289	-142895.189913400158	1.61039303863039773	-3.11090485349515378	3.01780794093341864
333175368.102411568165	3644564.310837028548	-326733.853039752517	-142837.732269396831	1.61037739562510884	-3.11090268607807996	3.01780930490773125
333175368.119236588478	3644566.407436443027	-326741.032181675662	-142780.274432782113	1.61036175261698689	-3.11090051867432749	3.01781066893436734
333175368.136061608791	3644568.503121449146	-326748.211274186266	-142722.816527135146	1.61034610949517210	-3.11089835128788783	3.01781203302375767
333175368.152886569500	3644570.597871218808	-326755.390257808613	-142665.358805108553	1.61033046648136002	-3.11089618392895506	3.01781339715576058
333175368.169711589813	3644572.691690653563	-326762.569195366057	-142607.900832296757	1.61031482346470911	-3.11089401658698073	3.01781476134022997
333175368.186536550522	3644574.784626251087	-326769.748064061336	-142550.443022796797	1.61029901660945440	-3.11089184910502059	3.01781614491123085
333175368.203361570835	3644576.876654895954	-326776.926837730454	-142492.985001215857	1.61028289033512872	-3.11088968131410359	3.01781756622607533
333175368.220186591148	3644578.967751318589	-326784.105576263508	-142435.526910491491	1.61026676417212200	-3.11088751355225535	3.01781898758475853
333175368.237011551857	3644581.057914883830	-326791.284179377602	-142378.069003386598	1.61025063800615587	-3.11088534581983112	3.01782040899797233
333175368.253836572170	3644583.147206505761	-326798.462711993023	-142320.610871133569	1.61023451172297594	-3.11088317809901138	3.01782183047568919
333175368.270661592484	3644585.235548090190	-326805.641223763465	-142263.152669620933	1.61021838555111829	-3.11088101040362774	3.01782325199710000
333175368.287486553192	3644587.322982522659	-326812.819617638306	-142205.694663840404	1.61020223443436694	-3.11087886934524738	3.01782464415208640
333175368.304311573505	3644589.409531566314	-326819.997938868706	-142148.236426854739	1.61018605084063737	-3.11087676282335890	3.01782599820019026
333175368.321136593819	3644591.495146396104	-326827.176214859937	-142090.778126666904	1.61016986735879808	-3.11087465633273386	3.01782735229194943
333175368.337961554527	3644593.579842858948	-326834.354364356608	-142033.320017569844	1.61015368387418234	-3.11087254985961925	3.01782870643700463
333175368.354786574841	3644595.663653458469	-326841.532474266132	-141975.861662556999	1.61013750027210722	-3.11087044340480556	3.01783006064556902
333175368.371611595154	3644597.746513694990	-326848.710506900970	-141918.403258936683	1.61012131678192971	-3.11086833697398735	3.01783141489750095
333175368.388436555862	3644599.828471148387	-326855.888405184494	-141860.945045108121	1.61010533286625468	-3.11086633527268175	3.01783281428763761
333175368.405261576176	3644601.909540928435	-326863.066330264031	-141803.486572067195	1.61008948852497391	-3.11086440686359511	3.01783424529403321
333175368.422086596489	3644603.989670044743	-326870.244143498654	-141746.028075714101	1.61007364429348043	-3.11086247848165209	3.01783567633944827
333175368.438911557198	3644606.068871481810	-326877.421828178281	-141688.569751098839	1.61005780005949806	-3.11086055012526685	3.01783710743449696
333175368.455736577511	3644608.147182688117	-326884.599489688175	-141631.111186508642	1.61004195571076059	-3.11085862178558692	3.01783853858950746
333175368.472561597824	3644610.224575030617	-326891.777045210707	-141573.652586837386	1.61002611147181374	-3.11085669346941707	3.01783996978339353
333175368.489386558533	3644612.301052041352	-326898.954560506449	-141516.194136951759	1.61001017598703378	-3.11085466416214373	3.01784133502259078
333175368.506211578846	3644614.376640486065	-326906.132006294909	-141458.735461803823	1.60999417107317622	-3.11085255812810146	3.01784265018323694
333175368.523036599159	3644616.452393704094	-326913.308625750244	-141401.277309184487	1.60997816626999546	-3.11085045212446643	3.01784396538721600
333175368.539861559868	3644618.526127584279	-326920.485889650066	-141343.818767864839	1.60996216146408644	-3.11084834614112493	3.01784528064403679
333175368.556686580181	3644620.598947759718	-326927.663106370019	-141286.359975873900	1.60994615654204543	-3.11084624016796596	3.01784659596320504
333175368.573511600494	3644622.670838967431	-326934.840186742018	-141228.901179923007	1.60993015173068477	-3.11084413422158157	3.01784791132556363
333175368.590336561203	3644624.741847860161	-326942.017241324822	-141171.442526630475	1.60991440755574144	-3.11084219659747108	3.01784920963685721
333175368.607161581516	3644626.811938354746	-326949.194208746718	-141113.983649261616	1.60989877732390774	-3.11084033262697224	3.01785050052109316
333175368.623986601830	3644628.881089703646	-326956.371107434854	-141056.524727928278	1.60988314720057302	-3.11083846868431335	3.01785179144380367
333175368.640811562538	3644630.949328816030	-326963.547889748355	-140999.065978446422	1.60986751707498743	-3.11083660476109580	3.01785308241432348
333175368.657636582851	3644633.016677936539	-326970.724632321566	-140941.606996344024	1.60985188683640135	-3.11083474084892186	3.01785437344198737
333175368.674461603165	3644635.083105106372	-326977.901344988146	-140884.147957095149	1.60983625670631847	-3.11083287696095523	3.01785566450798237
333175368.691286563873	3644637.148632921744	-326985.077903532074	-140826.689109052269	1.60982035547456648	-3.11083094371852065	3.01785697401692365
333175368.708111584187	3644639.213228416163	-326992.254405825050	-140769.230016164336	1.60980432439619592	-3.11082897729123653	3.01785829238840453
333175368.724936604500	3644641.276914216578	-326999.430893598532	-140711.770872185967	1.60978829342893537	-3.11082701088618885	3.01785961080075493
333175368.741761565208	3644643.339666845277	-327006.607189445407	-140654.311932479904	1.60977226245917748	-3.11082504450879282	3.01786092926407212
333175368.758586585522	3644645.401524717920	-327013.783503526472	-140596.852715622837	1.60975623137334556	-3.11082307813902181	3.01786224778745904
333175368.775411605835	3644647.462468825746	-327020.959709975054	-140539.393487564434	1.60974020039861854	-3.11082111179512388	3.01786356635185715
333175368.792236566544	3644649.522500787396	-327028.135872960673	-140481.934403350577	1.60972422413799210	-3.11081901917788883	3.01786482928830901
333175368.809061586857	3644651.581622626632	-327035.311943982262	-140424.475112997927	1.60970826228664765	-3.11081689304282527	3.01786607750608971
333175368.825886607170	3644653.639827987645	-327042.487882426940	-140367.015787565382	1.60969230054570378	-3.11081476693719372	3.01786732576785788
333175368.842711567879	3644655.697089940775	-327049.663789561018	-140309.556599806238	1.60967633880206096	-3.11081264085073839	3.01786857408264542
333175368.859536588192	3644657.753456971608	-327056.839633475291	-140252.097198666655	1.60966037694261987	-3.11081051477320569	3.01786982245948332
333175368.876361608505	3644659.808931800071	-327064.015392137342	-140194.637767201581	1.60964441519358314	-3.11080838872147325	3.01787107088016615
333175368.893186569214	3644661.863470208831	-327071.191059986420	-140137.178474825079	1.60962826605383813	-3.11080628740291543	3.01787226880439530
333175368.910011589527	3644663.917099060956	-327078.366675726546	-140079.718963013205	1.60961206570776549	-3.11080419282516774	3.01787345300858911
333175368.926836550236	3644665.969812262803	-327085.542194743757	-140022.259621641511	1.60959586547386957	-3.11080209827588039	3.01787463725750138
333175368.943661570549	3644668.021611202508	-327092.717626634927	-139964.800042893999	1.60957966523736085	-3.11080000374502141	3.01787582155971013
333175368.960486590862	3644670.072498696856	-327099.893017348775	-139907.340426350856	1.60956346488345048	-3.11079790922256016	3.01787700592379249
333175368.977311551571	3644672.122476903722	-327107.068304977787	-139849.880968363781	1.60954726464171616	-3.11079581472856193	3.01787819033259241
333175368.994136571884	3644674.171531871893	-327114.243554876128	-139792.421277529676	1.60953128414219004	-3.11079349063690991	3.01787968773646442
333175369.010961592197	3644676.219692646991	-327121.418709417398	-139734.961562309996	1.60951532089409644	-3.11079114841629512	3.01788120994186171
333175369.027786552906	3644678.266911120620	-327128.593746404047	-139677.502012774989	1.60949935775573461	-3.11078880622738607	3.01788273219263914
333175369.044611573219	3644680.313242552802	-327135.768756927515	-139620.042217325128	1.60948339461399037	-3.11078646406203241	3.01788425449990916
333175369.061436593533	3644682.358647339977	-327142.943697502022	-139562.582391319884	1.60946743135575465	-3.11078412190844711	3.01788577687464388
333175369.078261554241	3644684.403137908317	-327150.118511533597	-139505.122743109270	1.60945146820724494	-3.11078177979020509	3.01788729929489818
333175369.095086574554	3644686.446710171178	-327157.293311252957	-139447.662842812628	1.60943570752069798	-3.11077971391812325	3.01788871066072817
333175369.111911594868	3644688.489377981517	-327164.468010277022	-139390.202906135528	1.60941996890340500	-3.11077767833030894	3.01789010991402407
333175369.128736555576	3644690.532201642636	-327171.641880386800	-139332.743700219900	1.60940423039498448	-3.11077564276612684	3.01789150920779292
333175369.145561575890	3644692.573067003861	-327178.816439636052	-139275.283695422782	1.60938849188390654	-3.11077360722687191	3.01789290855255432
333175369.162386596203	3644694.612972469069	-327185.990930993867	-139217.823659841320	1.60937275325865747	-3.11077157169929341	3.01789430795826918
333175369.179211556911	3644696.651968087070	-327193.165279352339	-139160.363796112972	1.60935701474226778	-3.11076953620625662	3.01789570740487578
333175369.196036577225	3644698.690089160111	-327200.339600085281	-139102.903699880466	1.60934093645081533	-3.11076718649662487	3.01789742188935506
333175369.212861597538	3644700.727253281046	-327207.513866271125	-139045.443559568404	1.60932482019027567	-3.11076480179988568	3.01789917153402998
333175369.229686558247	3644702.763509308454	-327214.688016060332	-138987.983577812876	1.60930870404016879	-3.11076241714631685	3.01790092122399223
333175369.246511578560	3644704.798889038619	-327221.862111602968	-138930.523376850033	1.60929258788631402	-3.11076003251292432	3.01790267097140275
333175369.263336598873	3644706.833310064394	-327229.036125971004	-138873.063145103515	1.60927647161450516	-3.11075764789852949	3.01790442078926535
333175369.280161559582	3644708.866823561490	-327236.210063811566	-138815.603058616049	1.60926035545313262	-3.11075526332367147	3.01790617065227318
333175369.296986579895	3644710.899443570059	-327243.383908555319	-138758.142766104371	1.60924432630774228	-3.11075302769931605	3.01790748467893799
333175369.313811600208	3644712.931132561527	-327250.557704694103	-138700.682404447434	1.60922829730739281	-3.11075079253919773	3.01790879746004048
333175369.330636560917	3644714.961913233157	-327257.731395993556	-138643.222238524904	1.60921226841765996	-3.11074855740677281	3.01791011028651379
333175369.347461581230	3644716.991775278002	-327264.905016527686	-138585.761841166473	1.60919623952496771	-3.11074632229101322	3.01791142316784411
333175369.364286601543	3644719.020736941136	-327272.078629421594	-138528.301367537322	1.60918021051573401	-3.11074408718816375	3.01791273611379873
333175369.381111562252	3644721.048772533424	-327279.252058756596	-138470.841116120719	1.60916426284568392	-3.11074178511099975	3.01791406899832415
333175369.397936582565	3644723.075889662839	-327286.425498745870	-138413.380569500296	1.60914878091106983	-3.11073909883767108	3.01791551600023489
333175369.414761602879	3644725.102117942646	-327293.598825177585	-138355.920029731817	1.60913329886285417	-3.11073641257907552	3.01791696307299606
333175369.431586563587	3644727.127417371608	-327300.772036117443	-138298.459661700705	1.60911781692044786	-3.11073372635275680	3.01791841019531359
333175369.448411583900	3644729.151796749327	-327307.945206060249	-138240.999054883781	1.60910233497415178	-3.11073104014449164	3.01791985737762536
333175369.465236604214	3644731.175272240769	-327315.118315115338	-138183.538398387085	1.60908685291425724	-3.11072835394732738	3.01792130463064812
333175369.482061564922	3644733.197814035695	-327322.291358174640	-138126.077904858685	1.60907130225288197	-3.11072575383832373	3.01792274437934083
333175369.498886585236	3644735.219468709547	-327329.464301743894	-138068.617193423735	1.60905525820377848	-3.11072377168538505	3.01792412993770665
333175369.515711605549	3644737.240205815062	-327336.637198809185	-138011.156418899423	1.60903921403840666	-3.11072178955197121	3.01792551555733279
333175369.532536566257	3644739.260007149540	-327343.809946842608	-137953.695841292763	1.60902316998413908	-3.11071980744928389	3.01792690121793594
333175369.549361586571	3644741.278920495883	-327350.982665042218	-137896.235025128582	1.60900712592730244	-3.11071782536081898	3.01792828692923987
333175369.566186606884	3644743.296898456756	-327358.155351028021	-137838.774145758856	1.60899108175420125	-3.11071584328824668	3.01792967270166468
333175369.583011567593	3644745.313970720395	-327365.327889074222	-137781.313469477027	1.60897503178514456	-3.11071383459534578	3.01793110588285973
333175369.599836587906	3644747.330115611665	-327372.500394135132	-137723.852529113617	1.60895896452352871	-3.11071174842643483	3.01793267685851951
333175369.616661608219	3644749.345375635196	-327379.672805763548	-137666.391583718214	1.60894289737282947	-3.11070966228472612	3.01793424787532238
333175369.633486568928	3644751.359710080083	-327386.845171626541	-137608.930776111956	1.60892683021918792	-3.11070757617115490	3.01793581894499852
333175369.650311589241	3644753.373127333354	-327394.017436864960	-137551.469744430273	1.60891076294876290	-3.11070549007211472	3.01793739007872341
333175369.667136549950	3644755.385626959149	-327401.189595161530	-137494.008889127144	1.60889469578924094	-3.11070340401118584	3.01793896125400574
333175369.683961570263	3644757.397221970838	-327408.361724639020	-137436.547795150313	1.60887865285615406	-3.11070131564075725	3.01794044166554620
333175369.700786590576	3644759.407891540788	-327415.533770784095	-137379.086670617427	1.60886268602088189	-3.11069921996584409	3.01794163647532443
333175369.717611551285	3644761.417640144005	-327422.705738173274	-137321.625685289735	1.60884671929613687	-3.11069712431931755	3.01794283132900087
333175369.734436571598	3644763.426511655096	-327429.877627880487	-137264.164486696012	1.60883075256878372	-3.11069502869113679	3.01794402623522418
333175369.751261591911	3644765.435545645654	-327437.048717628932	-137206.703810631559	1.60881478572568914	-3.11069293307126538	3.01794522120264341
333175369.768086552620	3644767.442547999322	-327444.220436087926	-137149.242739811132	1.60879881899312038	-3.11069083747978148	3.01794641621395998
333175369.784911572933	3644769.448660378344	-327451.392114589922	-137091.781436372694	1.60878297712335394	-3.11068880397629099	3.01794760610874313
333175369.801736593246	3644771.453865135089	-327458.563695441058	-137034.320102494792	1.60876736397819675	-3.11068688424930473	3.01794878658925958
333175369.818561553955	3644773.458126174286	-327465.735188377264	-136976.858926943358	1.60875175094139733	-3.11068496454519394	3.01794996710971963
333175369.835386574268	3644775.461494059302	-327472.906644525239	-136919.397524715576	1.60873613790232706	-3.11068304485516567	3.01795114767867068
333175369.852211594582	3644777.463960684836	-327480.077996653446	-136861.936080167419	1.60872052475034555	-3.11068112518133555	3.01795232830507354
333175369.869036555290	3644779.465475479607	-327487.249240600155	-136804.474819123250	1.60870491170672114	-3.11067920553038224	3.01795350897141912
333175369.885861575603	3644781.466105234344	-327494.420468008670	-136747.013306223613	1.60868908211617834	-3.11067716779990189	3.01795471435835161
333175369.902686595917	3644783.465824187733	-327501.591600923450	-136689.551768825593	1.60867285565056739	-3.11067491371105387	3.01795596501290531
333175369.919511556625	3644785.464616052341	-327508.762644867587	-136632.090389868390	1.60865662929697750	-3.11067265964928641	3.01795721571425846
333175369.936336576939	3644787.462499565911	-327515.933623247198	-136574.628791476483	1.60864040294043464	-3.11067040560343777	3.01795846647145405
333175369.953161597252	3644789.459465756547	-327523.104538501007	-136517.167137352546	1.60862417646595768	-3.11066815156961907	3.01795971729381218
333175369.969986557961	3644791.455509392545	-327530.275323314767	-136459.705678844330	1.60860795010349222	-3.11066589757015333	3.01796096816324377
333175369.986811578274	3644793.450643086340	-327537.446097372507	-136402.243950427423	1.60859218841546392	-3.11066360184715229	3.01796226218408359
333175370.003636598587	3644795.444873304572	-327544.616768879001	-136344.782222806767	1.60857691845649664	-3.11066126196021431	3.01796360188412827
333175370.020461559296	3644797.438170304056	-327551.787346173427	-136287.320628333197	1.60856164860261952	-3.11065892210844375	3.01796494162863738
333175370.037286579609	3644799.430557762273	-327558.957871146151	-136229.858814422652	1.60854637874564799	-3.11065658226916453	3.01796628142687240
333175370.054111599922	3644801.422061874066	-327566.128345749807	-136172.396974829782	1.60853110877737393	-3.11065424244151467	3.01796762128891949
333175370.070936560631	3644803.412614630535	-327573.298684017209	-136114.935288924258	1.60851583891419381	-3.11065190264540092	3.01796896119529112
333175370.087761580944	3644805.402285928372	-327580.468960974016	-136057.473395692796	1.60850040698625518	-3.11064971479525587	3.01797027642751914
333175370.104586601257	3644807.391027972568	-327587.639215787582	-136000.011420019960	1.60848478615516521	-3.11064770394940338	3.01797156291416702
333175370.121411561966	3644809.378843332641	-327594.809340033040	-135942.549653261492	1.60846916543224916	-3.11064569312874051	3.01797284944146460
333175370.138236582279	3644811.365763067268	-327601.979385964223	-135885.087643303006	1.60845354470682489	-3.11064368232382993	3.01797413601870756
333175370.155061602592	3644813.351767954417	-327609.149410197337	-135827.625594135956	1.60843792386820161	-3.11064167153250537	3.01797542265546737
333175370.171886563301	3644815.336849571671	-327616.319289101055	-135770.163710764347	1.60842230313774315	-3.11063966077364329	3.01797670933314954
333175370.188711583614	3644817.321009395178	-327623.489100250474	-135712.701601902605	1.60840658410778370	-3.11063766975001288	3.01797814974268697
333175370.205536603928	3644819.304279351141	-327630.658892384730	-135655.239436120843	1.60839075045427959	-3.11063570171240533	3.01797976924197453
333175370.222361564636	3644821.286623814143	-327637.828540671559	-135597.777479254088	1.60837491691024681	-3.11063373370885632	3.01798138877970024
333175370.239186584949	3644823.268044654280	-327644.998192546482	-135540.315239067480	1.60835908336349975	-3.11063176572659561	3.01798300836738198
333175370.256011605263	3644825.248553188052	-327652.167706707492	-135482.852995036403	1.60834324970183906	-3.11062979776376158	3.01798462801694889
333175370.272836565971	3644827.228149597999	-327659.337177122652	-135425.390894848300	1.60832741614964903	-3.11062782983498742	3.01798624770495216
333175370.289661586285	3644829.206862243358	-327666.506519694172	-135367.928613930882	1.60831135969193184	-3.11062583100179957	3.01798776241168953
333175370.306486606598	3644831.184636169579	-327673.675858107803	-135310.466232632520	1.60829512343359982	-3.11062380724984244	3.01798919251432185
333175370.323311567307	3644833.161499245558	-327680.845041534689	-135253.004066304798	1.60827888728758972	-3.11062178353353591	3.01799062265904627
333175370.340136587620	3644835.137446021196	-327688.014220492507	-135195.541641951422	1.60826265113887046	-3.11061975983244476	3.01799205285576688
333175370.356961607933	3644837.112457100768	-327695.183310666820	-135138.079175047780	1.60824641487238673	-3.11061773614794612	3.01799348311520577
333175370.373786568642	3644839.087696914095	-327702.351552792359	-135080.617463241884	1.60823017871822804	-3.11061571249546542	3.01799491341659909
333175370.390611588955	3644841.060905348044	-327709.520519256417	-135023.154920859495	1.60821447502278203	-3.11061421613700873	3.01799655600154759
333175370.407436549664	3644843.033190521412	-327716.689335383417	-134965.692588808219	1.60819899095646646	-3.11061293729035970	3.01799828616820953
333175370.424261569977	3644845.004562973045	-327723.858107245411	-134908.229998729657	1.60818350677914856	-3.11061165847281851	3.01800001638586091
333175370.441086590290	3644846.975030361209	-327731.026831290568	-134850.767358974495	1.60816802271027459	-3.11061037967834864	3.01800174662907850
333175370.457911550999	3644848.944573457353	-327738.195398183074	-134793.304928133934	1.60815253864011298	-3.11060910091724097	3.01800347691084525
333175370.474736571312	3644850.913216880057	-327745.363959541253	-134735.842239382677	1.60813705445896216	-3.11060782217433873	3.01800520724319155
333175370.491561591625	3644852.880934875458	-327752.532437413698	-134678.379520076298	1.60812115135495115	-3.11060591829793687	3.01800662585478285
333175370.508386552334	3644854.847743373364	-327759.700828438567	-134620.916951969557	1.60810505605751208	-3.11060372771674043	3.01800790153452647
333175370.525211572647	3644856.813622208312	-327766.869114850473	-134563.454190907796	1.60808896064316720	-3.11060153714100496	3.01800917727785745
333175370.542036592960	3644858.778602106031	-327774.037363603711	-134505.991360929562	1.60807286534000649	-3.11059934659215731	3.01801045306633986
333175370.558861553669	3644860.742676649243	-327781.205520640360	-134448.528713386855	1.60805677003397607	-3.11059715606675535	3.01801172890946301
333175370.575686573982	3644862.705820890144	-327788.373631142778	-134391.065815061214	1.60804067461103584	-3.11059496555045500	3.01801300481630985
333175370.592511594296	3644864.668069220148	-327795.541619368945	-134333.602905646316	1.60802502329948016	-3.11059273541335379	3.01801414618006225
333175370.609336555004	3644866.629377346952	-327802.709572759224	-134276.140127964929	1.60800946995515703	-3.11059049654395414	3.01801525790000680
333175370.626161575317	3644868.589792009443	-327809.877432799898	-134218.677144260029	1.60799391649790890	-3.11058825768009495	3.01801636968142706
333175370.642986595631	3644870.549286178313	-327817.045232760953	-134161.214110762114	1.60797836314814946	-3.11058601884024988	3.01801748150807558
333175370.659811556339	3644872.507869503461	-327824.212877671118	-134103.751292235538	1.60796280979566131	-3.11058378002427238	3.01801859338841316
333175370.676636576653	3644874.465544645209	-327831.380538305559	-134046.288190504594	1.60794725633025193	-3.11058154121020447	3.01801970533009145
333175370.693461596966	3644876.422293804586	-327838.548075540049	-133988.825071515079	1.60793138307212002	-3.11057947747757835	3.01802097954100379
333175370.710286557674	3644878.378139600158	-327845.715531110065	-133931.362129019602	1.60791543121840186	-3.11057745677200037	3.01802229365853902
333175370.727111577988	3644880.333055095281	-327852.882940119656	-133873.898935739824	1.60789947924906462	-3.11057543607716225	3.01802360783686741
