276348456.644770503044 0.000106250000
276348456.644770503044	1823180.780605253298	1355378.061471940950	2904373.219721514266	0.78333304167996953	3.06238216362319227	2.53691291103501859
276348456.666020512581	1823140.811507117702	1355337.216831252677	2904417.749233310111	0.78331675972020953	3.06239282549725100	2.53690735668119816
276348456.687270522118	1823100.841534861131	1355296.371828980278	2904462.277588702273	0.78330047781770507	3.06240348744455115	2.53690180252310959
276348456.708520531654	1823060.870777285658	1355255.526405199897	2904506.804858472198	0.78328419597245125	3.06241414946509050	2.53689624856075557
276348456.729770481586	1823020.899343742058	1355214.680689676199	2904551.330863080919	0.78326813334376899	3.06242469867855016	2.53689096965016292
276348456.751020491123	1822980.926917493343	1355173.834498792654	2904595.855877529364	0.78325259977086548	3.06243497549531973	2.53688635438200327
276348456.772270500660	1822940.953717886703	1355132.987895739032	2904640.379776419606	0.78323706624321554	3.06244525236223009	2.53688173928874106
276348456.793520510197	1822900.979642451508	1355092.140886268578	2904684.902544312645	0.78322153276163187	3.06245552928954679	2.53687712438072221
276348456.814770519733	1822861.004771828884	1355051.293468572665	2904729.424226582982	0.78320599932529333	3.06246580626699894	2.53687250964760214
276348456.836020529270	1822821.029089644551	1355010.445698311785	2904773.944734172430	0.78319001098823016	3.06247632273930881	2.53686740274430411
276348456.857270479202	1822781.053175453562	1354969.598995722365	2904818.463444144931	0.78317333981950954	3.06248719866867702	2.53686155692793625
276348456.878520488739	1822741.075844319770	1354928.750430752756	2904862.981728945859	0.78315666861891442	3.06249807473807723	2.53685571128214304
276348456.899770498276	1822701.097709808499	1354887.901453997474	2904907.498897004407	0.78313999748002860	3.06250895088732289	2.53684986584055627
276348456.921020507812	1822661.118760363897	1354847.052033880493	2904952.014973723330	0.78312332640284987	3.06251982711640824	2.53684402060317149
276348456.942270517349	1822621.138992076740	1354806.202283085091	2904996.529887646902	0.78310737838517230	3.06253016868469841	2.53683820899696588
276348456.963520526886	1822581.158395993058	1354765.352115846239	2905041.043702876661	0.78309154319832208	3.06254042691933392	2.53683240279013988
276348456.984770476818	1822541.177088981960	1354724.501663898816	2905085.556251761038	0.78307570806827975	3.06255068522920926	2.53682659676737376
276348457.006020486355	1822501.194882491836	1354683.650684055872	2905130.067839447409	0.78305987299483837	3.06256094361175313	2.53682079092607937
276348457.027270495892	1822461.211823520949	1354642.799322056351	2905174.578295908868	0.78304396857215330	3.06257121011986388	2.53681499421176548
276348457.048520505428	1822421.227959854063	1354601.947606791276	2905219.087602869142	0.78302752257851838	3.06258153950673062	2.53680926745400948
276348457.069770514965	1822381.243252937682	1354561.095430599758	2905263.595818717033	0.78301107664192360	3.06259186897040880	2.53680354088839310
276348457.091020524502	1822341.257783776382	1354520.242896128679	2905308.102898132987	0.78299463076236631	3.06260219851089488	2.53679781451491637
276348457.112270474434	1822301.271567706950	1354479.390040715924	2905352.608754658606	0.78297818503257455	3.06261252807619799	2.53679208837171011
276348457.133520483971	1822261.284434096888	1354438.536729920888	2905397.113592046779	0.78296186422997671	3.06262252576425764	2.53678641777343516
276348457.154770493507	1822221.296478638193	1354397.682976535521	2905441.617312921677	0.78294568364746864	3.06263215113547238	2.53678080949447171
276348457.176020503044	1822181.307699652389	1354356.828860192327	2905486.119921580423	0.78292950311613252	3.06264177657521186	2.53677520138760926
276348457.197270512581	1822141.318087249761	1354315.974332484882	2905530.621412312146	0.78291332263678015	3.06265140209373810	2.53676959346319730
276348457.218520522118	1822101.327687294455	1354275.119415276451	2905575.121774190105	0.78289714220859352	3.06266102768078285	2.53676398571088635
276348457.239770531654	1822061.336478332756	1354234.264091383899	2905619.621000088751	0.78288060209513022	3.06267107357002377	2.53675819967844429
276348457.261020481586	1822021.344537266064	1354193.408488349291	2905664.119008811656	0.78286391029721525	3.06268129678521150	2.53675233855179760
276348457.282270491123	1821981.351665123366	1354152.552392485319	2905708.615998625290	0.78284721855754880	3.06269152008572743	2.53674647762353489
276348457.303520500660	1821941.357940733200	1354111.695875558536	2905753.111907798797	0.78283052687571697	3.06270174346643698	2.53674061688848429
276348457.324770510197	1821901.363487465074	1354070.838965233183	2905797.606652017683	0.78281387973318939	3.06271194858744877	2.53673477477758569
276348457.346020519733	1821861.368152341107	1354029.981674761511	2905842.100283063948	0.78279799693367869	3.06272183866474634	2.53672924953567192
276348457.367270529270	1821821.372016386362	1353989.123981192941	2905886.592809249181	0.78278211418628363	3.06273172881302935	2.53672372447210881
276348457.388520479202	1821781.375145053025	1353948.265998306684	2905931.084087140858	0.78276623158057124	3.06274161898277297	2.53671819962390099
276348457.409770488739	1821741.377410171553	1353907.407523843460	2905975.574360375758	0.78275034893719164	3.06275150927045292	2.53671267491445285
276348457.431020498276	1821701.378795762081	1353866.548654012615	2906020.063508556690	0.78273429675598738	3.06276157514164815	2.53670702042215446
276348457.452270507812	1821661.379380512284	1353825.689381095348	2906064.551551876124	0.78271778679336101	3.06277211491146772	2.53670101525913250
276348457.473520517349	1821621.379146379186	1353784.829714786960	2906109.038459217642	0.78270127689169877	3.06278265476299660	2.53669501029275146
276348457.494770526886	1821581.378084395314	1353743.969632119639	2906153.524267866276	0.78268476705099665	3.06279319469623035	2.53668900552301047
276348457.516020476818	1821541.376338444185	1353703.109278108459	2906198.008804000914	0.78266825727125289	3.06280373471116496	2.53668300094990862
276348457.537270486355	1821501.373649202287	1353662.248459802009	2906242.492333110422	0.78265161806830719	3.06281404626837706	2.53667709774008232
276348457.558520495892	1821461.370156107936	1353621.387189286761	2906286.974776821211	0.78263490740153907	3.06282423167544904	2.53667125061114440
276348457.579770505428	1821421.365844532382	1353580.525565928780	2906331.456053208094	0.78261819679183109	3.06283441715743887	2.53666540366978177
276348457.601020514965	1821381.360659894766	1353539.663505957928	2906375.936261062045	0.78260148623979076	3.06284460272203951	2.53665955692375533
276348457.622270524502	1821341.354755159467	1353498.801058920333	2906420.415321786888	0.78258477574541452	3.06285478836924696	2.53665371037306508
276348457.643520474434	1821301.348100252217	1353457.938342486043	2906464.893134217709	0.78256864443687668	3.06286512702471203	2.53664786918586316
276348457.664770483971	1821261.340491104405	1353417.075132925762	2906509.369951730128	0.78255259326209625	3.06287548699517442	2.53664202886510770
276348457.686020493507	1821221.332068241434	1353376.211484430358	2906553.845683847088	0.78253654214518331	3.06288584704243538	2.53663618873254215
276348457.707270503044	1821181.322822580347	1353335.347492467612	2906598.320235342719	0.78252049108613386	3.06289620716649091	2.53663034878816607
276348457.728520512581	1821141.312778648688	1353294.483043272980	2906642.793720677029	0.78250464230879224	3.06290665246438287	2.53662457676566389
276348457.749770522118	1821101.301928658737	1353253.618236619048	2906687.266050571110	0.78248945621952615	3.06291737667306618	2.53661902687300556
276348457.771020531654	1821061.290261054179	1353212.753040929558	2906731.737250424456	0.78247427018670646	3.06292810095001222	2.53661347716411445
276348457.792270481586	1821021.277860625880	1353171.887564595789	2906776.207213867456	0.78245908421032828	3.06293882529521921	2.53660792763899368
276348457.813520491123	1820981.264558047056	1353131.021551886573	2906820.676204228308	0.78244389829018646	3.06294954970611810	2.53660237829505109
276348457.834770500660	1820941.250375897856	1353090.155143877724	2906865.144069534726	0.78242819509779782	3.06296036089654988	2.53659668613793654
276348457.856020510197	1820901.235470001353	1353049.288359772880	2906909.610793649685	0.78241149544010691	3.06297133919075915	2.53659071872090047
276348457.877270519733	1820861.219695057021	1353008.421168698929	2906954.076411947142	0.78239479584588567	3.06298231756697348	2.53658475151021712
276348457.898520529270	1820821.203078068327	1352967.553583937464	2906998.540918258019	0.78237809631513144	3.06299329602519022	2.53657878450588647
276348457.919770479202	1820781.185772155179	1352926.685734516941	2907043.004152053967	0.78236139694179130	3.06300427450720703	2.53657281774480126
276348457.941020488739	1820741.167585478164	1352885.817367073381	2907087.466387365013	0.78234498501196148	3.06301562327462307	2.53656762505663114
276348457.962270498276	1820701.148502740078	1352844.948579396820	2907131.927523022518	0.78232864316325346	3.06302706227015964	2.53656262108869113
276348457.983520507812	1820661.128657672089	1352804.079433578765	2907176.387522249483	0.78231230137049357	3.06303850133017752	2.53655761732975948
276348458.004770517349	1820621.107994966675	1352763.209898763802	2907220.846391437110	0.78229595963368004	3.06304994045467183	2.53655261377983132
276348458.026020526886	1820581.086482272251	1352722.339927771362	2907265.304168102331	0.78227961224505993	3.06306132013507648	2.53654756618340205
276348458.047270476818	1820541.064311959548	1352681.469696055632	2907309.760679379106	0.78226316567102394	3.06307166518390472	2.53654174928205922
276348458.068520486355	1820501.041134641506	1352640.598949035862	2907354.216214017943	0.78224671915526844	3.06308201031614935	2.53653593257832544
276348458.089770495892	1820461.017191098537	1352599.727830978809	2907398.670594399795	0.78223027269738443	3.06309235552667758	2.53653011606702306
276348458.111020505428	1820420.992419644492	1352558.856296662707	2907443.123876089230	0.78221382629736791	3.06310270081548586	2.53652429974815075
276348458.132270514965	1820380.967292163521	1352517.985738129122	2907487.575452054851	0.78219733475296183	3.06311304081439539	2.53651860213415592
276348458.153520524502	1820340.940889031626	1352477.113414929248	2907532.026467727032	0.78218077767369909	3.06312337310159366	2.53651307668404291
276348458.174770474434	1820300.913780737668	1352436.240825989516	2907576.476260055788	0.78216422074235670	3.06313370540306495	2.53650755145643236
276348458.196020483971	1820260.885733327130	1352395.367701877840	2907620.925052939449	0.78214766377344125	3.06314403783820577	2.53650202639283906
276348458.217270493507	1820220.856899576029	1352354.494192716200	2907665.372722911183	0.78213110685928910	3.06315437034218485	2.53649650151732775
276348458.238520503044	1820180.827222453197	1352313.620285616722	2907709.819274956360	0.78211428121079019	3.06316453371855113	2.53649052372182338
276348458.259770512581	1820140.796710497467	1352272.746025839821	2907754.264676312450	0.78209730302404168	3.06317460112571993	2.53648428888227695
276348458.281020522118	1820100.765427646926	1352231.871299915016	2907798.709000813775	0.78208032489729895	3.06318466861567051	2.53647805423149864
276348458.302270531654	1820060.733271390432	1352190.996239258442	2907843.152179380879	0.78206334683137113	3.06319473619865335	2.53647181977984149
276348458.323520481586	1820020.700462418841	1352150.120848491322	2907887.594119380228	0.78204636882544287	3.06320480386440863	2.53646558551695112
276348458.344770491123	1819980.666678759037	1352109.244989649160	2907932.035045226105	0.78203032516052895	3.06321464233432428	2.53645955358865294
276348458.366020500660	1819940.632108322810	1352068.368705261033	2907976.474879506975	0.78201428985901211	3.06322447884535753	2.53645352363716015
276348458.387270510197	1819900.596683969954	1352027.492034641793	2908020.913576622959	0.78199825461398298	3.06323431543871694	2.53644749386770396
276348458.408520519733	1819860.560513125267	1351986.614965366432	2908065.351152013056	0.78198221942483359	3.06324415210670642	2.53644146427251371
276348458.429770529270	1819820.523481716402	1351945.737534465967	2908109.787588827778	0.78196612027567536	3.06325414482776326	2.53643535522799057
276348458.451020479202	1819780.485727090854	1351904.859784755856	2908154.222797994502	0.78194978544354754	3.06326471215489748	2.53642895303726901
276348458.472270488739	1819740.447084999178	1351863.981541711837	2908198.657007263973	0.78193345058437913	3.06327527962782131	2.53642255100511393
276348458.493520498276	1819700.407582767773	1351823.102914774092	2908243.090073426254	0.78191711578986878	3.06328584718807573	2.53641614916827329
276348458.514770507812	1819660.367285805522	1351782.223882604390	2908287.522040669806	0.78190078106021499	3.06329641483822135	2.53640974752933834
276348458.536020517349	1819620.326163911261	1351741.344420570415	2908331.952916575596	0.78188463185745993	3.06330715651159435	2.53640362138293263
276348458.557270526886	1819580.284245718271	1351700.464587968541	2908376.382637038827	0.78186861366272264	3.06331802108060014	2.53639768981406455
276348458.578520476818	1819540.241588847945	1351659.584517675685	2908420.811083802488	0.78185259552907516	3.06332888572001183	2.53639175843360665
276348458.599770486355	1819500.198010850465	1351618.703902594978	2908465.238562240265	0.78183657745772939	3.06333975044520468	2.53638582725709538
276348458.621020495892	1819460.153619471472	1351577.822889242787	2908509.664923935663	0.78182055944766793	3.06335061524335961	2.53637989627158289
276348458.642270505428	1819420.108412985224	1351536.941495606443	2908554.090167474933	0.78180466260679760	3.06336156993526210	2.53637412124665218
276348458.663520514965	1819380.062397333793	1351496.059695531847	2908598.514275035355	0.78178879292394399	3.06337254480274712	2.53636838127443376
276348458.684770524502	1819340.015579425730	1351455.177488264395	2908642.937271794770	0.78177292330140791	3.06338351974455891	2.53636264149827007
276348458.706020474434	1819299.967997121159	1351414.295034350362	2908687.359006964136	0.78175705373857873	3.06339449475300540	2.53635690191039176
276348458.727270483971	1819259.919554329710	1351373.412037627539	2908731.779762883671	0.78174130068894199	3.06340542053326637	2.53635126001298161
276348458.748520493507	1819219.870247322135	1351332.528627461754	2908776.199412984774	0.78172610555123612	3.06341611017938709	2.53634608532069450
276348458.769770503044	1819179.820135887479	1351291.644904819317	2908820.617882237770	0.78171091046566232	3.06342679988295874	2.53634091080623270
276348458.791020512581	1819139.769219163107	1351250.760725877481	2908865.035260153003	0.78169571543302618	3.06343748965423046	2.53633573647995547
276348458.812270522118	1819099.717477483209	1351209.876179913059	2908909.451519913040	0.78168052045251546	3.06344817948294645	2.53633056233150134
276348458.833520531654	1819059.664876491996	1351168.991213899571	2908953.866673854645	0.78166488354246821	3.06345889688411388	2.53632523706586932
276348458.854770481586	1819019.611643538810	1351128.105996239930	2908998.280550298747	0.78164810784239336	3.06346968517233664	2.53631952212920586
276348458.876020491123	1818979.557440755889	1351087.220241181087	2909042.693439409137	0.78163133210793134	3.06348047359837539	2.53631380736339063
276348458.897270500660	1818939.502397130243	1351046.334096905775	2909087.105222471990	0.78161455643325439	3.06349126210253075	2.53630809280131730
276348458.918520510197	1818899.446608857019	1351005.447561106412	2909131.515876457095	0.78159778081855880	3.06350205068736248	2.53630237844557849
276348458.939770519733	1818859.389951867750	1350964.560659025563	2909175.925393276848	0.78158162195107383	3.06351255826892999	2.53629656855655172
276348458.961020529270	1818819.332474120427	1350923.673318977235	2909220.333799521904	0.78156567571698154	3.06352296904406129	2.53629072586336468
276348458.982270479202	1818779.274307629792	1350882.785738259321	2909264.740957019385	0.78154972954045832	3.06353337989038943	2.53628488335276181
276348459.003520488739	1818739.215207539499	1350841.897617453942	2909309.147134307306	0.78153378342210855	3.06354379081559802	2.53627904103251112
276348459.024770498276	1818699.155307916924	1350801.009114790941	2909353.552157567348	0.78151783736152369	3.06355420181455962	2.53627319889743452
276348459.046020507812	1818659.094551553717	1350760.120200730395	2909397.956086888909	0.78150116614000575	3.06356458827367195	2.53626657768283392
276348459.067270517349	1818619.033021633979	1350719.230937627377	2909442.358873837162	0.78148448766913425	3.06357497457218564	2.53625994879941707
276348459.088520526886	1818578.970639024163	1350678.341229921440	2909486.760556378402	0.78146780926429082	3.06358536096620160	2.53625332011492644
276348459.109770476818	1818538.907594396733	1350637.451271001715	2909531.160960238893	0.78145113101909747	3.06359574739827734	2.53624669166738492
276348459.131020486355	1818498.843553174753	1350596.560785293579	2909575.560406696051	0.78143472354611720	3.06360594653282892	2.53624003338945103
276348459.152270495892	1818458.778776249848	1350555.669931070879	2909619.958686788566	0.78141883021374303	3.06361578992165517	2.53623331837388610
276348459.173520505428	1818418.713121620007	1350514.778687629383	2909664.355867002625	0.78140293694313545	3.06362563339531890	2.53622660353158080
276348459.194770514965	1818378.646661654348	1350473.886987958336	2909708.751955878921	0.78138704373509738	3.06363547696406657	2.53621988887289707
276348459.216020524502	1818338.579411378130	1350432.994953266578	2909753.146877202205	0.78137115058882101	3.06364532061764594	2.53621317438747296
276348459.237270474434	1818298.511403736658	1350392.102633489762	2909797.540580165572	0.78135490985488598	3.06365524632539321	2.53620664689768693
276348459.258520483971	1818258.442511296831	1350351.209783002967	2909841.933266818989	0.78133841068993037	3.06366523306794081	2.53620025850233954
276348459.279770493507	1818218.372834310634	1350310.316554690013	2909886.324823208153	0.78132191158592557	3.06367521990102043	2.53619387029686472
276348459.301020503044	1818178.302264163038	1350269.422955481336	2909930.715260480996	0.78130541254226360	3.06368520681694090	2.53618748227349000
276348459.322270512581	1818138.230905406410	1350228.528886065120	2909975.104631595779	0.78128891355974694	3.06369519382594779	2.53618109444257955
276348459.343520522118	1818098.158739587758	1350187.634495648090	2910019.492809980176	0.78127298214757745	3.06370542261201084	2.53617467203625147
276348459.364770531654	1818058.085741406539	1350146.739698553924	2910063.879876377992	0.78125709245533503	3.06371566922985039	2.53616824726868195
276348459.386020481586	1818018.012080162996	1350105.844607017469	2910108.265708734281	0.78124120291455457	3.06372591587635146	2.53616182272281065
276348459.407270491123	1817977.937927959487	1350064.950369408121	2910152.649971901905	0.78122531334642220	3.06373616265969817	2.53615539831969983
276348459.428520500660	1817937.862435571384	1350024.054376359098	2910197.033691640478	0.78120936107594874	3.06374645806437673	2.53614897665297923
276348459.449770510197	1817897.786193571286	1349983.157998488750	2910241.416282300837	0.78119305191947408	3.06375702957008267	2.53614256967324803
276348459.471020519733	1817857.709120934596	1349942.261195967207	2910285.797762386966	0.78117674282760952	3.06376760116305258	2.53613616288855726
276348459.492270529270	1817817.631244668504	1349901.364044878399	2910330.178098912351	0.78116043380035149	3.06377817284328158	2.53612975629890336
276348459.513520479202	1817777.552646985510	1349860.466582193039	2910374.557200440206	0.78114412483769557	3.06378874461076789	2.53612334990428812
276348459.534770488739	1817737.473118677735	1349819.568628626643	2910418.935302294325	0.78112836916892059	3.06379899016420554	2.53611712017180446
276348459.556020498276	1817697.392795256805	1349778.670246168040	2910463.312281466555	0.78111311954911899	3.06380893736518134	2.53611105202367071
276348459.577270507812	1817657.311632667203	1349737.771519411355	2910507.688129186165	0.78109786998544806	3.06381888463748142	2.53610498404292839
276348459.598520517349	1817617.229676255723	1349696.872368075652	2910552.062860164326	0.78108262047870847	3.06382883199135048	2.53609891623994521
276348459.619770526886	1817577.146854959195	1349655.972863473231	2910596.436471802182	0.78106737102809332	3.06383877941653937	2.53609284860435347
276348459.641020476818	1817537.063381422777	1349615.073031712091	2910640.808831574861	0.78105139994223904	3.06384949385873639	2.53608693927883388
276348459.662270486355	1817496.978978544939	1349574.172713393113	2910685.180197617039	0.78103519669006527	3.06386045510754856	2.53608108095433549
276348459.683520495892	1817456.893716262886	1349533.271975179203	2910729.550457840785	0.78101899349991788	3.06387141643927263	2.53607522283491837
276348459.704770505428	1817416.807663630927	1349492.370902013965	2910773.919550513383	0.78100279037098730	3.06388237784365991	2.53606936491021617
276348459.726020514965	1817376.720806899248	1349451.469377019908	2910818.287557788193	0.78098670841197215	3.06389333011442133	2.53606356983987080
276348459.747270524502	1817336.633081384236	1349410.567485862644	2910862.654427898116	0.78097159920844650	3.06390420842609323	2.53605827813405593
276348459.768520474434	1817296.544716746081	1349369.665264481679	2910907.020077263471	0.78095649005943635	3.06391508680175173	2.53605298661321488
276348459.789770483971	1817256.455393733922	1349328.762600255897	2910951.384687071666	0.78094138096533916	3.06392596524651584	2.53604769528253016
276348459.811020493507	1817216.365272687282	1349287.859519628808	2910995.748199373484	0.78092627192534714	3.06393684375013731	2.53604240413163451
276348459.832270503044	1817176.274274457712	1349246.956052658614	2911040.110598502681	0.78091081992315026	3.06394767113576938	2.53603692861269092
276348459.853520512581	1817136.182521392126	1349206.052183708409	2911084.471844787709	0.78089410823187499	3.06395831062020241	2.53603077549750289
276348459.874770522118	1817096.089941538638	1349165.147903089179	2911128.831998322625	0.78087739660354671	3.06396895018978377	2.53602462258301387
276348459.896020531654	1817055.996541275876	1349124.243287967052	2911173.190983118955	0.78086068503816142	3.06397958984450947	2.53601846986922252
276348459.917270481586	1817015.902449155459	1349083.338320394978	2911217.548765449319	0.78084397362992997	3.06399022953063715	2.53601231739666444
276348459.938520491123	1816975.807398071513	1349042.432907227660	2911261.905521516223	0.78082762528544558	3.06400010443023074	2.53600624295907950
276348459.959770500660	1816935.711528709391	1349001.527064878494	2911306.261178892106	0.78081144850242890	3.06400961811054184	2.53600020549107219
276348459.981020510197	1816895.614870269550	1348960.620829124935	2911350.615701474249	0.78079527177332020	3.06401913186629438	2.53599416819341483
276348460.002270519733	1816855.517392254667	1348919.714222692419	2911394.969092607498	0.78077909509891930	3.06402864570772993	2.53598813107647780
276348460.023520529270	1816815.419125158107	1348878.807222862262	2911439.321348945610	0.78076291847842150	3.06403815962460024	2.53598209412988940
276348460.044770479202	1816775.320128650405	1348837.899931823136	2911483.672362931538	0.78074622218474410	3.06404815615637505	2.53597562264024479
276348460.066020488739	1816735.220151338028	1348796.992136350134	2911528.022407406941	0.78072948737929471	3.06405818858925105	2.53596911907376565
276348460.087270498276	1816695.119445724180	1348756.083911717637	2911572.371324214153	0.78071275263646234	3.06406822111838650	2.53596261570319381
276348460.108520507812	1816655.017858443083	1348715.175347891171	2911616.719096503686	0.78069601795543786	3.06407825373353715	2.53595611251816289
276348460.129770517349	1816614.915478578769	1348674.266363886185	2911661.065757992212	0.78067949397822245	3.06408819067172544	2.53594970211303705
276348460.151020526886	1816574.812271054368	1348633.357004442718	2911705.411289443262	0.78066349358969278	3.06409788965397345	2.53594352199404005
276348460.172270476818	1816534.708370360080	1348592.447351087816	2911749.755585667677	0.78064749334792838	3.06410758866973243	2.53593734209254285
276348460.193520486355	1816494.603552397108	1348551.537182824686	2911794.098876279779	0.78063149307287416	3.06411728782104875	2.53593116233235438
276348460.214770495892	1816454.497879763599	1348510.626625860808	2911838.441043021623	0.78061549285395193	3.06412698704921294	2.53592498274379174
276348460.236020505428	1816414.391412220197	1348469.715663953219	2911882.782110844273	0.78059917727720896	3.06413695956358856	2.53591858564107930
276348460.257270514965	1816374.284125524806	1348428.804309104104	2911927.122042689472	0.78058256872604392	3.06414718598642777	2.53591198647839944
276348460.278520524502	1816334.176033830270	1348387.892601507017	2911971.460825033486	0.78056596023915326	3.06415741250131068	2.53590538750842676
276348460.299770474434	1816294.067242750665	1348346.980602318188	2912015.798366209492	0.78054935181633311	3.06416763910567447	2.53589878872857000
276348460.321020483971	1816253.957497115247	1348306.068047695560	2912060.134939286858	0.78053274345818169	3.06417786580719476	2.53589219014660561
276348460.342270493507	1816213.846936663613	1348265.155153551605	2912104.470362863038	0.78051673151030743	3.06418802228926568	2.53588534508646424
276348460.363520503044	1816173.735569452401	1348224.241861876799	2912148.804662344046	0.78050080839070946	3.06419816840454251	2.53587846350132340
276348460.384770512581	1816133.623377150856	1348183.328140611062	2912193.137870485429	0.78048488533640459	3.06420831460747323	2.53587158209481611
276348460.406020522118	1816093.510401203297	1348142.414022182813	2912237.469930540305	0.78046896234818997	3.06421846090829453	2.53586470087731319
276348460.427270531654	1816053.396611730568	1348101.499568549450	2912281.800847033039	0.78045301018004309	3.06422866296032836	2.53585789115043836
276348460.448520481586	1816013.282105660532	1348060.584796857787	2912326.130528529640	0.78043676064885847	3.06423943132645205	2.53585180713213365
276348460.469770491123	1815973.166645755060	1348019.669534074841	2912370.459234344773	0.78042051108846611	3.06425019982615598	2.53584572326844038
276348460.491020500660	1815933.050389336655	1347978.753838259727	2912414.786811535712	0.78040426159108645	3.06426096841265228	2.53583963960729131
276348460.512270510197	1815892.933318088995	1347937.837802946800	2912459.113239225931	0.78038801215591436	3.06427173707569844	2.53583355613831385
276348460.533520519733	1815852.815429796930	1347896.921342860209	2912503.438574163709	0.78037188202655461	3.06428239222594634	2.53582748085301368
276348460.554770529270	1815812.696672654478	1347856.004516731482	2912547.762771938927	0.78035589075756384	3.06429291522076364	2.53582141504477621
276348460.576020479202	1815772.577275019139	1347815.087356195552	2912592.085743026808	0.78033989954922856	3.06430343829567242	2.53581534942675946
276348460.597270488739	1815732.456934362650	1347774.169734655414	2912636.407693794928	0.78032390840194621	3.06431396145578994	2.53580928400415395
276348460.618520498276	1815692.335778863635	1347733.251710835611	2912680.728521878831	0.78030791731491345	3.06432448469087282	2.53580321876658177
276348460.639770507812	1815652.213810373796	1347692.333291832823	2912725.048219925724	0.78029198101364949	3.06433513834735693	2.53579692956209213
276348460.661020517349	1815612.091038145823	1347651.414524449501	2912769.366774411406	0.78027606912403957	3.06434585007639537	2.53579054081995281
276348460.682270526886	1815571.967911181971	1347610.496674680850	2912813.683655932546	0.78026015729930887	3.06435656189027972	2.53578415227045184
276348460.703520476818	1815531.843558652792	1347569.577177677304	2912857.999888838269	0.78024424562897998	3.06436727373229889	2.53577776395285515
276348460.724770486355	1815491.718326070346	1347528.657206413336	2912902.315078617074	0.78022838259055272	3.06437795434980087	2.53577141385750737
276348460.746020495892	1815451.592255512951	1347487.736832525814	2912946.629169703461	0.78021353165850948	3.06438798257258416	2.53576585571324298
276348460.767270505428	1815411.465443724999	1347446.816056506243	2912990.942125770729	0.78019868077886612	3.06439801086734187	2.53576029774317702
276348460.788520514965	1815371.337710347492	1347405.894892238779	2913035.253962950781	0.78018382995081881	3.06440803922383465	2.53575473993693645
276348460.809770524502	1815331.209198466735	1347364.973348099738	2913079.564675807022	0.78016897917516603	3.06441806765229474	2.53574918230489255
276348460.831020474434	1815291.080057075480	1347324.051498370245	2913123.874149867799	0.78015379631489745	3.06442816950794539	2.53574343884865305
276348460.852270483971	1815250.949897807324	1347283.129145565443	2913168.182628053706	0.78013681126038303	3.06443866956926181	2.53573668638308147
276348460.873520493507	1815210.818950682180	1347242.206403789110	2913212.489977387711	0.78011982627334264	3.06444916972218051	2.53572993411417524
276348460.894770503044	1815170.687177687883	1347201.283293790417	2913256.796189330984	0.78010284135437180	3.06445966997437358	2.53572318204971658
276348460.916020512581	1815130.554589360487	1347160.359741070308	2913301.101309936028	0.78008585650326712	3.06447017032327862	2.53571643018710979
276348460.937270522118	1815090.421195971780	1347119.435835708398	2913345.405281040352	0.78006947808527416	3.06448057722199341	2.53570960291274172
276348460.958520531654	1815050.286998807918	1347078.511519210879	2913389.708135402296	0.78005346909079787	3.06449092723213523	2.53570272977045308
276348460.979770481586	1815010.152113768272	1347037.586942802649	2913434.009723190684	0.78003746025346787	3.06450127728072763	2.53569585685828036
276348461.001020491123	1814970.016235523857	1346996.661829031073	2913478.310347639024	0.78002145139333567	3.06451162747968198	2.53568898409484556
276348461.022270500660	1814929.879565530689	1346955.736376198009	2913522.609798591584	0.78000544259987281	3.06452197776663970	2.53568211151435152
276348461.043520510197	1814889.742074830690	1346914.810509585077	2913566.908162737265	0.77998890712809432	3.06453224674198621	2.53567525255024373
276348461.064770519733	1814849.603804762941	1346873.884236519691	2913611.205392088741	0.77997228693568665	3.06454250270979633	2.53566839594031190
276348461.086020529270	1814809.464715461247	1346832.957570644328	2913655.501485462300	0.77995566681005979	3.06455275877399380	2.53566153952387019
276348461.107270479202	1814769.324903590139	1346792.030612937408	2913699.796361660119	0.77993904675101255	3.06456301493201355	2.53565468329832333
276348461.128520488739	1814729.184161489597	1346751.103167410707	2913744.090224890970	0.77992250376939776	3.06457322826822409	2.53564789368605759
276348461.149770498276	1814689.042644359404	1346710.175306035671	2913788.382966624573	0.77990622436055412	3.06458329481919201	2.53564133151109772
276348461.171020507812	1814648.900256105931	1346669.247056252556	2913832.674601125531	0.77988994501458953	3.06459336146489258	2.53563476952754518
276348461.192270517349	1814608.757064522710	1346628.318435847759	2913876.965087539982	0.77987366573069972	3.06460342819509046	2.53562820772502606
276348461.213520526886	1814568.613064791309	1346587.389413760509	2913921.254443916492	0.77985738650968184	3.06461349502001346	2.53562164611391427
276348461.234770476818	1814528.468344244175	1346546.460144639248	2913965.542557713576	0.77984115232599072	3.06462369526831901	2.53561511772561010
276348461.256020486355	1814488.322719156975	1346505.530333889881	2914009.829673250671	0.77982497135595930	3.06463405318684368	2.53560862858173142
276348461.277270495892	1814448.176294152625	1346464.600124970777	2914054.115689870901	0.77980879044959783	3.06464441119326114	2.53560213962779546
276348461.298520505428	1814408.029033155413	1346423.669537280686	2914098.400545333046	0.77979260960690588	3.06465476928756697	2.53559565086379779
276348461.319770514965	1814367.880942645017	1346382.738592345966	2914142.684269345365	0.77977642882787901	3.06466512746975850	2.53558916228974018
276348461.341020524502	1814327.732038054848	1346341.807209062390	2914186.966907962225	0.77976087404805083	3.06467539951075407	2.53558322074417219
276348461.362270474434	1814287.582464602077	1346300.875536708627	2914231.248293301091	0.77974546680388723	3.06468565127007198	2.53557740818385247
276348461.383520483971	1814247.431943604490	1346259.943387775449	2914275.528653792106	0.77973005952866847	3.06469590315166851	2.53557159576120750
276348461.404770493507	1814207.280579750892	1346219.010805249680	2914319.807933641598	0.77971465230988501	3.06470615511164368	2.53556578352265571
276348461.426020503044	1814167.128425412346	1346178.077888024272	2914364.086045939941	0.77969921997067759	3.06471642588648807	2.53555996336341316
276348461.447270512581	1814126.975432287902	1346137.144566786010	2914408.363040310796	0.77968287063946784	3.06472737960217056	2.53555384855400101
276348461.468520522118	1814086.821662349859	1346096.210847768001	2914452.638911769260	0.77966652137233439	3.06473833340051938	2.53554773394623023
276348461.489770531654	1814046.667089879513	1346055.276722002309	2914496.913672429044	0.77965017216927190	3.06474928728153140	2.53554161954010127
276348461.511020481586	1814006.511776769068	1346014.342314162990	2914541.187184792943	0.77963382303007966	3.06476024124264379	2.53553550533301575
276348461.532270491123	1813966.355573241366	1345973.407404931961	2914585.459685376845	0.77961782985199557	3.06477085662600457	2.53552919554856926
276348461.553520500660	1813926.198502080282	1345932.472134116106	2914629.731054737698	0.77960237164579294	3.06478096307791326	2.53552259168198191
276348461.574770510197	1813886.040638173698	1345891.536443371093	2914674.001313296612	0.77958691350237075	3.06479106962070125	2.53551598799828959
276348461.596020519733	1813845.881966830697	1345850.600352496374	2914718.270461055450	0.77957145542112904	3.06480117624669379	2.53550938448970786
276348461.617270529270	1813805.722477501258	1345809.663873205660	2914762.538478776347	0.77955599740226411	3.06481128295844396	2.53550278115882932
276348461.638520479202	1813765.562268335605	1345768.727127421414	2914806.805236095097	0.77954010976439214	3.06482174525666462	2.53549638942198685
276348461.659770488739	1813725.401158471359	1345727.789852996822	2914851.071012976114	0.77952397235257953	3.06483241431919451	2.53549012067666268
276348461.681020498276	1813685.239228032064	1345686.852244355716	2914895.335621122736	0.77950783500431342	3.06484308346581358	2.53548385212579008
276348461.702270507812	1813645.076482180739	1345645.914193119854	2914939.599137930200	0.77949169771959248	3.06485375269651694	2.53547758376936549
276348461.723520517349	1813604.912858950673	1345604.975755866151	2914983.861541566439	0.77947556049860989	3.06486442201385900	2.53547131560998640
276348461.744770526886	1813564.748499217676	1345564.036947702523	2915028.122792129405	0.77945986682933466	3.06487442959563694	2.53546535497077929
276348461.766020476818	1813524.583424055949	1345523.097825997975	2915072.382813637145	0.77944417864847892	3.06488442915053705	2.53545939827674616
276348461.787270486355	1813484.417376894271	1345482.158223114442	2915116.641828346532	0.77942849052345853	3.06489442877973373	2.53545344175820730
276348461.808520495892	1813444.250603830442	1345441.218199968804	2915160.899727271404	0.77941280245486810	3.06490442849089595	2.53544748542294807
276348461.829770505428	1813404.082948963391	1345400.277837891364	2915205.156481679529	0.77939699670849594	3.06491448123689381	2.53544149703088406
276348461.851020514965	1813363.914469416253	1345359.337049256545	2915249.412131453399	0.77938008709446516	3.06492503067751665	2.53543520663030453
276348461.872270524502	1813323.745197570417	1345318.395881212316	2915293.666639082599	0.77936317754408435	3.06493558020659140	2.53542891643117896
276348461.893520474434	1813283.575206686975	1345277.454410550883	2915337.919923592359	0.77934626815267327	3.06494612977087044	2.53542262647481920
276348461.914770483971	1813243.404322226532	1345236.512489937479	2915382.172170918435	0.77932935872938591	3.06495667947427952	2.53541633667600053
276348461.936020493507	1813203.232579394244	1345195.570091334172	2915426.423345184419	0.77931300210414234	3.06496681331339449	2.53541026349095766
276348461.957270503044	1813163.060524489032	1345154.628747726325	2915470.672750808764	0.77929707793622782	3.06497662182791020	2.53540435978027601
276348461.978520512581	1813122.887154884636	1345113.685619184747	2915514.921651477460	0.77928115382289675	3.06498643041958108	2.53539845624711901
276348461.999770522118	1813082.713007116690	1345072.742088641040	2915559.169423294254	0.77926522976414514	3.06499623908840313	2.53539255289148491
276348462.021020531654	1813042.538041323656	1345031.798169746296	2915603.416065074503	0.77924930575996987	3.06500604783437369	2.53538664971337457
276348462.042270481586	1813002.362306832802	1344990.853975091130	2915647.661482552532	0.77923285606124448	3.06501604404096417	2.53538047904439079
276348462.063520491123	1812962.185731993755	1344949.909292772179	2915691.905858089216	0.77921628103287466	3.06502608502908780	2.53537424473165895
276348462.084770500660	1812922.008276129374	1344908.964172595879	2915736.149153213948	0.77919970606402078	3.06503612610299037	2.53536801060773920
276348462.106020510197	1812881.830040809233	1344868.018708932912	2915780.391286725178	0.77918313115468196	3.06504616726266610	2.53536177667262885
276348462.127270519733	1812841.650984668871	1344827.072831672383	2915824.632333430462	0.77916659463100091	3.06505612441780562	2.53535545655381123
276348462.148520529270	1812801.471095519839	1344786.126562053571	2915868.872226331849	0.77915025701064033	3.06506564536529869	2.53534868847868156
276348462.169770479202	1812761.290530775674	1344745.180028111208	2915913.110864545219	0.77913391954308109	3.06507516636116906	2.53534192062788621
276348462.191020488739	1812721.109042621683	1344704.232942932053	2915957.348541786429	0.77911758204390047	3.06508468749780327	2.53533515291083322
276348462.212270498276	1812680.926746707410	1344663.285559504060	2916001.585030826274	0.77910124460520569	3.06509420872772509	2.53532838537152161
276348462.233520507812	1812640.743616274558	1344622.337699971860	2916045.820442052558	0.77908484078897855	3.06510406728259532	2.53532177091566036
276348462.254770517349	1812600.559626165777	1344581.389483805746	2916090.054720641114	0.77906833420905652	3.06511444787198117	2.53531539331133615
276348462.276020526886	1812560.374902088894	1344540.440842609853	2916134.287884860765	0.77905182769170622	3.06512482854404888	2.53530901589574764
276348462.297270476818	1812520.189420093084	1344499.491955796722	2916178.519780136645	0.77903532123752228	3.06513520930646211	2.53530263867668060
276348462.318520486355	1812480.003036791692	1344458.542537630303	2916222.750708273612	0.77901881484610280	3.06514559015410537	2.53529626164894450
276348462.339770495892	1812439.815854190849	1344417.592740945518	2916266.980469084345	0.77900224488772274	3.06515639043490751	2.53529047600433799
276348462.361020505428	1812399.627825520933	1344376.642562198918	2916311.209123851266	0.77898565322883284	3.06516733419192011	2.53528489272743984
276348462.382270514965	1812359.438972603064	1344335.691997444956	2916355.436642638873	0.77896906162861690	3.06517827802141340	2.53527930965188775
276348462.403520524502	1812319.249315295601	1344294.741044128314	2916399.663049213588	0.77895247008766644	3.06518922193105015	2.53527372678547014
276348462.424770474434	1812279.058970469050	1344253.789808767848	2916443.888184687588	0.77893587869852121	3.06520016585258981	2.53526814415255286
276348462.446020483971	1812238.867700433359	1344212.838040246163	2916488.112357777543	0.77891990933336386	3.06521117039866775	2.53526198902954691
276348462.467270493507	1812198.675596886547	1344171.885901750997	2916532.335381593555	0.77890396082285607	3.06522217704787003	2.53525581496501839
276348462.488520503044	1812158.482698196080	1344130.933358688140	2916576.557306491770	0.77888801237707295	3.06523318378121523	2.53524964110076523
276348462.509770512581	1812118.288940768456	1344089.980477152392	2916620.778062879108	0.77887206399541542	3.06524419059103215	2.53524346742899587
276348462.531020522118	1812078.094430347905	1344049.027162204962	2916664.997709652875	0.77885651264229372	3.06525493674006189	2.53523735103326464
276348462.552270531654	1812037.899092072388	1344008.073472176446	2916709.216226387303	0.77884173097621234	3.06526517742610949	2.53523134546533457
276348462.573520481586	1811997.703026721021	1343967.119437156944	2916753.433539471123	0.77882694936742958	3.06527541818786986	2.53522534007172240
276348462.594770491123	1811957.506032760255	1343926.164959350135	2916797.649814181495	0.77881216781574691	3.06528565902278327	2.53521933484982842
276348462.616020500660	1811917.308261872735	1343885.210083943093	2916841.864965983666	0.77879738632115814	3.06529589993084839	2.53521332979965397
276348462.637270510197	1811877.109642298426	1343844.254817907698	2916886.078999857418	0.77878190176216533	3.06530629665878607	2.53520717497627812
276348462.658520519733	1811836.910188702168	1343803.299141474301	2916930.291915803682	0.77876589315609523	3.06531680956899333	2.53520090857698710
276348462.679770529270	1811796.709972812096	1343762.343085294822	2916974.503690787591	0.77874988461193473	3.06532732255746154	2.53519464236280401
276348462.701020479202	1811756.509022385580	1343721.386807730189	2917018.714196601883	0.77873387622034107	3.06533783557625528	2.53518837638010508
276348462.722270488739	1811716.307154376525	1343680.429952918086	2917062.923723622225	0.77871786780117702	3.06534834873656692	2.53518211055171827
276348462.743520498276	1811676.104462387739	1343639.472735967021	2917107.132138428278	0.77870235140452415	3.06535788497442097	2.53517588215925604
276348462.764770507812	1811635.900960780447	1343598.515113295289	2917151.339417255949	0.77868687410068649	3.06536734377184228	2.53516965689595297
276348462.786020517349	1811595.696685304167	1343557.557079315651	2917195.545580526348	0.77867139685119291	3.06537680264413570	2.53516343179469317
276348462.807270526886	1811555.491548794089	1343516.598684492288	2917239.750605221838	0.77865591965683034	3.06538626160151928	2.53515720686586699
276348462.828520476818	1811515.285688771401	1343475.640034240671	2917283.954375454225	0.77864037446528389	3.06539575446587298	2.53515097221807073
276348462.849770486355	1811475.078927906929	1343434.680855561979	2917328.157165251672	0.77862297918610190	3.06540616730407356	2.53514446919232395
276348462.871020495892	1811434.871372054797	1343393.721289023524	2917372.358801020309	0.77860558397199764	3.06541658023694419	2.53513796637133737
276348462.892270505428	1811394.662995303748	1343352.761309017660	2917416.559349980205	0.77858818882316649	3.06542699326703527	2.53513146375770804
276348462.913520514965	1811354.453773928573	1343311.800967986463	2917460.758743724320	0.77857079373901072	3.06543740638667872	2.53512496134364396
276348462.934770524502	1811314.243799515534	1343270.840193613898	2917504.957027854398	0.77855352830140179	3.06544758675177320	2.53511897989632251
276348462.956020474434	1811274.033028044505	1343229.879188837949	2917549.154061092064	0.77853639306269740	3.06545753345023009	2.53511352130609247
276348462.977270483971	1811233.821399664972	1343188.917671570787	2917593.350077793468	0.77851925777998554	3.06546748027643901	2.53510806287461765
276348462.998520493507	1811193.608968608314	1343147.955747800181	2917637.544983693864	0.77850212254964957	3.06547742717797700	2.53510260463595882
276348463.019770503044	1811153.395679571433	1343106.993449484464	2917681.738758371677	0.77848498737168681	3.06548737415484052	2.53509714659011465
276348463.041020512581	1811113.181580373785	1343066.030742651550	2917725.931410365738	0.77846822048366038	3.06549751312721108	2.53509120946867172
276348463.062270522118	1811072.966701130383	1343025.067652028520	2917770.122932096012	0.77845157964797140	3.06550771785435083	2.53508510856266156
276348463.083520531654	1811032.750942561543	1342984.104168473044	2917814.313348008320	0.77843493887119752	3.06551792266026046	2.53507900784366891
276348463.104770481586	1810992.534566402668	1342943.140414039139	2917858.502486425452	0.77841829815372998	3.06552812755004656	2.53507290731689006
276348463.126020491123	1810952.317208354827	1342902.176154220477	2917902.690636094194	0.77840173542174629	3.06553831216337702	2.53506687624993310
276348463.147270500660	1810912.099037845852	1342861.211501099635	2917946.877674962860	0.77838587485516575	3.06554831335476541	2.53506146941708321
276348463.168520510197	1810871.880057673901	1342820.246442327742	2917991.063577852678	0.77837001434011244	3.06555831462019945	2.53505606276902240
276348463.189770519733	1810831.660276605748	1342779.281021838076	2918035.248344537802	0.77835415387579543	3.06556831594945667	2.53505065629535498
276348463.211020529270	1810791.439688464860	1342738.315204314888	2918079.431987127289	0.77833829346299943	3.06557831735275199	2.53504525000647529
276348463.232270479202	1810751.218851748854	1342697.350469093537	2918123.613806921523	0.77832236925786624	3.06558847367801324	2.53503945236583128
276348463.253520488739	1810710.996627324726	1342656.383875256870	2918167.795189436991	0.77830631439838882	3.06559894665595589	2.53503285485138230
276348463.274770498276	1810670.773589132354	1342615.416883831145	2918211.975455209147	0.77829025960367648	3.06560941971772083	2.53502625752212207
276348463.296020507812	1810630.549693727400	1342574.449481763178	2918256.154627046082	0.77827420487451571	3.06561989287352255	2.53501966038844406
276348463.317270517349	1810590.325060392031	1342533.481704699574	2918300.332639872096	0.77825815021011246	3.06563036611314033	2.53501306343995569
276348463.338520526886	1810550.099553101696	1342492.513531006873	2918344.509533583187	0.77824235162541688	3.06564064263609204	2.53500651201759064
276348463.359770476818	1810509.873368300498	1342451.545086021768	2918388.685179960448	0.77822667097221787	3.06565082862841276	2.53499998164302953
276348463.381020486355	1810469.646236557281	1342410.576128640445	2918432.859838775359	0.77821099038149022	3.06566101470910102	2.53499345145241550
276348463.402270495892	1810429.418311071116	1342369.606787786121	2918477.033349503297	0.77819530985303098	3.06567120087560196	2.53498692144315196
276348463.423520505428	1810389.189571317751	1342328.637071719626	2918521.205748017412	0.77817962938683971	3.06568138712791027	2.53498039161523581
276348463.444770514965	1810348.960018771701	1342287.666938587325	2918565.377011965029	0.77816367410182341	3.06569209913975094	2.53497415848969698
276348463.466020524502	1810308.729686136823	1342246.696421736153	2918609.547145649791	0.77814769031985920	3.06570286585758289	2.53496795637209615
276348463.487270474434	1810268.498610409442	1342205.725638295989	2918653.716042922810	0.77813170669083664	3.06571363259804253	2.53496175448424221
276348463.508520483971	1810228.266605961137	1342164.754349421011	2918697.883928641677	0.77811572303489829	3.06572439947517106	2.53495555274967765
276348463.529770493507	1810188.033771285554	1342123.782663214020	2918742.050714257639	0.77809978062865159	3.06573504805827968	2.53494941934292495
276348463.551020503044	1810147.800130495802	1342082.810598122189	2918786.216339902952	0.77808394466576791	3.06574539093615828	2.53494346209556509
276348463.572270512581	1810107.565683890833	1342041.838140364271	2918830.380847393535	0.77806810876137611	3.06575573389670497	2.53493750503865956
276348463.593520522118	1810067.330450501060	1342000.865298332414	2918874.544231974054	0.77805227291468615	3.06576607692970171	2.53493154816181221
276348463.614770531654	1810027.094371413579	1341959.892014492303	2918918.706524031702	0.77803643712648185	3.06577642004535900	2.53492559147541829
276348463.636020481586	1809986.857604744844	1341918.918511566473	2918962.867518171668	0.77802025937626951	3.06578693296295324	2.53491969788512161
276348463.657270491123	1809946.619902161416	1341877.944487424800	2919007.027530692052	0.77800375519969611	3.06579760799005951	2.53491386455893419
276348463.678520500660	1809906.381385775516	1341836.970065753674	2919051.186426469591	0.77798725108224565	3.06580828309082110	2.53490803142599619
276348463.699770510197	1809866.142087976914	1341795.995256097522	2919095.344186043367	0.77797074702470015	3.06581895827544848	2.53490219849670551
276348463.721020519733	1809825.901948084356	1341755.020094145555	2919139.500802283641	0.77795424302627048	3.06582963353372318	2.53489636576066379
276348463.742270529270	1809785.661003634334	1341714.044481061632	2919183.656333128456	0.77793880473345745	3.06583992988622533	2.53489091964691715
276348463.763520479202	1809745.419309605844	1341673.068642705912	2919227.810571037699	0.77792353090838740	3.06585016780628683	2.53488553333081024
276348463.784770488739	1809705.176763747120	1341632.092246414628	2919271.963842993602	0.77790825704907274	3.06586040584648556	2.53488014715781640
276348463.806020498276	1809664.933359832503	1341591.115475706290	2919316.115983727388	0.77789298324145406	3.06587064395276299	2.53487476116159183
276348463.827270507812	1809624.689149290556	1341550.138348514680	2919360.266969017684	0.77787770948552870	3.06588088212511511	2.53486937534213386
276348463.848520517349	1809584.444116964471	1341509.160844149301	2919404.416830214672	0.77786076546455885	3.06589141798172005	2.53486293665456319
276348463.869770526886	1809544.198288034648	1341468.182868342381	2919448.565613367595	0.77784376819615630	3.06590196346798072	2.53485646457900504
276348463.891020476818	1809503.951734738890	1341427.204698604764	2919492.713096006308	0.77782677118459231	3.06591250893975964	2.53484999279056789
276348463.912270486355	1809463.704277385725	1341386.225989160826	2919536.859599621501	0.77780977414224584	3.06592305455418446	2.53484352115961808
276348463.933520495892	1809423.456012880662	1341345.246882809559	2919581.004979142454	0.77779303376981446	3.06593318040472074	2.53483688972342058
276348463.954770505428	1809383.206906261854	1341304.267424195539	2919625.149215330370	0.77777662712487405	3.06594276039435165	2.53483005040145537
276348463.976020514965	1809342.957019476220	1341263.287519150879	2919669.292348072398	0.77776022054173177	3.06595234048392351	2.53482321126412380
276348463.997270524502	1809302.706291871378	1341222.307266153162	2919713.434343422763	0.77774381401959891	3.06596192066322226	2.53481637230102841
276348464.018520474434	1809262.454873035429	1341181.326704636216	2919757.575091665145	0.77772740755906256	3.06597150093990178	2.53480953351996785
276348464.039770483971	1809222.202510292875	1341140.345679882215	2919801.714832883328	0.77771091508460088	3.06598129981847345	2.53480270390627993
276348464.061020493507	1809181.949377648067	1341099.364235985558	2919845.853439308237	0.77769438324420781	3.06599119889304994	2.53479587860135336
276348464.082270503044	1809141.695408046478	1341058.382394261658	2919889.990952983033	0.77767785146704016	3.06600109805784315	2.53478905347744066
276348464.103520512581	1809101.440614536405	1341017.400169666391	2919934.127317385282	0.77766131975388042	3.06601099732305871	2.53478222854493884
276348464.124770522118	1809061.185020053992	1340976.417583486997	2919978.262545581907	0.77764482233063736	3.06602089525320443	2.53477543138189754
276348464.146020531654	1809020.928604230983	1340935.434560252121	2920022.396663204767	0.77762911914339083	3.06603076020451315	2.53476927455063938
276348464.167270481586	1808980.671499288641	1340894.451297059190	2920066.529532080051	0.77761341610107992	3.06604062518135256	2.53476311793086007
276348464.188520491123	1808940.413439840311	1340853.467519583413	2920110.661401511636	0.77759771302699932	3.06605049028765109	2.53475696144660612
276348464.209770500660	1808900.154597627465	1340812.483349906281	2920154.792128796689	0.77758201001008631	3.06606035547909572	2.53475080514365381
276348464.231020510197	1808859.894928719848	1340771.498809699202	2920198.921731985640	0.77756621891702915	3.06607037142578376	2.53474464648935482
276348464.252270519733	1808819.634460592875	1340730.513852301519	2920243.050218433607	0.77755019109342260	3.06608079229636843	2.53473848124521828
276348464.273520529270	1808779.373135665432	1340689.528524870751	2920287.177579598967	0.77753416333044578	3.06609121324877965	2.53473231618993466
276348464.294770479202	1808739.111151888035	1340648.542936081765	2920331.303656143602	0.77751813562809335	3.06610163428301519	2.53472615132350620
276348464.316020488739	1808698.848226750735	1340607.556829912122	2920375.428764361423	0.77750210798616726	3.06611205539651754	2.53471998664332876
276348464.337270498276	1808658.584507262101	1340566.570299986750	2920419.552755839657	0.77748656463657362	3.06612259966483558	2.53471409733157671
276348464.358520507812	1808618.319945628289	1340525.583417858928	2920463.675603983924	0.77747131091239918	3.06613321759525581	2.53470837275154137
276348464.379770517349	1808578.054588341620	1340484.596107678721	2920507.797329446301	0.77745605724557221	3.06614383560193993	2.53470264835943437
276348464.401020526886	1808537.788391499314	1340443.608453909634	2920551.917923458852	0.77744080363530443	3.06615445367467698	2.53469692414485293
276348464.422270476818	1808497.521530401660	1340402.620504954364	2920596.037264194340	0.77742555016820702	3.06616507176747888	2.53469120015374605
276348464.443520486355	1808457.253726630472	1340361.632034329465	2920640.155630665366	0.77740936742658873	3.06617602368521336	2.53468577193459588
276348464.464770495892	1808416.985113055445	1340320.643158284482	2920684.272861156147	0.77739301567418151	3.06618703639286050	2.53468039770838161
276348464.486020505428	1808376.715672788676	1340279.653974543791	2920728.388940735720	0.77737666397812699	3.06619804916591177	2.53467502367892639
276348464.507270514965	1808336.445448402548	1340238.664331550710	2920772.503899042960	0.77736031233920633	3.06620906201456833	2.53466964985662724
276348464.528520524502	1808296.174846695736	1340197.675709541189	2920816.617150217295	0.77734418676446504	3.06621990935631361	2.53466419071651305
276348464.549770474434	1808255.903087887447	1340156.685425425647	2920860.729735909030	0.77732887502774606	3.06623016059639841	2.53465842385282736
276348464.571020483971	1808215.630386878736	1340115.694622543873	2920904.841334040277	0.77731356334666080	3.06624041191366148	2.53465265717197985
276348464.592270493507	1808175.356907978654	1340074.703458497766	2920948.951771973632	0.77729825172042322	3.06625066329789409	2.53464689066356774
276348464.613520503044	1808135.082612877013	1340033.711874697357	2920993.061123098712	0.77728294014981314	3.06626091475929874	2.53464112433799293
276348464.634770512581	1808094.807472486515	1339992.719889697386	2921037.169350355398	0.77726706134230028	3.06627115005885509	2.53463533388523787
276348464.656020522118	1808054.531535183080	1339951.727572736330	2921081.276404119097	0.77725047083116250	3.06628136505973803	2.53462951311805806
276348464.677270531654	1808014.254755955422	1339910.734827067005	2921125.382383184042	0.77723388037701868	3.06629158014467373	2.53462369254763242
276348464.698520481586	1807973.977330688620	1339869.741793183610	2921169.487084981985	0.77721729007299833	3.06630179525717672	2.53461787220744927
276348464.719770491123	1807933.698960153852	1339828.748291871045	2921213.590773811564	0.77720069973185435	3.06631201049745039	2.53461205201752371
276348464.741020500660	1807893.419743817998	1339787.754411748145	2921257.693343303632	0.77718431463500437	3.06632172212029630	2.53460623012053832
276348464.762270510197	1807853.139766291948	1339746.760093682446	2921301.794804591686	0.77716798078405258	3.06633130814475940	2.53460040792277175
276348464.783520519733	1807812.858941662358	1339705.765392509522	2921345.895140599925	0.77715164698610728	3.06634089425208467	2.53459458590827680
276348464.804770529270	1807772.577344000572	1339664.770323628094	2921389.994316410739	0.77713531324058005	3.06635048043461333	2.53458876406924816
276348464.826020479202	1807732.294983603293	1339623.774977112189	2921434.092273860704	0.77711897954746778	3.06636006669234318	2.53458294240568627
276348464.847270488739	1807692.011759917252	1339582.779120695312	2921478.189208833966	0.77710186964513372	3.06637019658846155	2.53457645115591301
276348464.868520498276	1807651.727662108839	1339541.782867923146	2921522.285024693236	0.77708468291864197	3.06638038042233996	2.53456989376941300
276348464.889770507812	1807611.442804419668	1339500.786244326737	2921566.379711475689	0.77706749625540184	3.06639056434556956	2.53456333657594968
276348464.911020517349	1807571.157085448271	1339459.789197463542	2921610.473286496941	0.77705030965619359	3.06640074836834753	2.53455677958592407
276348464.932270526886	1807530.870593748288	1339418.791806702502	2921654.565725088120	0.77703343106517009	3.06641071916253694	2.53455037033145070
276348464.953520476818	1807490.583389118779	1339377.794128153706	2921698.656891392544	0.77701706255965997	3.06642033675624504	2.53454420562268545
276348464.974770486355	1807450.295244835550	1339336.795939519536	2921742.747082020156	0.77700069401801830	3.06642995448662337	2.53453804105768299
276348464.996020495892	1807410.006309759337	1339295.797353900969	2921786.836131912190	0.77698432553174213	3.06643957229543584	2.53453187666666091
276348465.017270505428	1807369.716544293100	1339254.798371211858	2921830.924081700854	0.77696795710160860	3.06644919019288231	2.53452571246002689
276348465.038520514965	1807329.425991630647	1339213.799043462612	2921875.010857997928	0.77695151783299909	3.06645895954390024	2.53451992698165052
276348465.059770524502	1807289.134577193996	1339172.799289582297	2921919.096535830293	0.77693503612909698	3.06646881968803209	2.53451436855538548
276348465.081020474434	1807248.842496160185	1339131.799255799735	2921963.180972269271	0.77691855447722080	3.06647867990626155	2.53450881031322961
276348465.102270483971	1807208.549470295431	1339090.798757540993	2922007.264382448047	0.77690207287775825	3.06648854020368677	2.53450325226038631
276348465.123520493507	1807168.255679340102	1339049.797871273244	2922051.346639783587	0.77688559132992419	3.06649840057010259	2.53449769438644879
276348465.144770503044	1807127.961059253197	1339008.796529463958	2922095.427829772700	0.77686886157054325	3.06650816433180262	2.53449251652229623
276348465.166020512581	1807087.665603123838	1338967.794833301567	2922139.507882372010	0.77685212690160865	3.06651792622901098	2.53448734642522489
276348465.187270522118	1807047.369327367982	1338926.792744989507	2922183.586798992939	0.77683539228094256	3.06652768819493549	2.53448217651308383
276348465.208520531654	1807007.072244854877	1338885.790300413268	2922227.664560171776	0.77681865770854142	3.06653745022957214	2.53447700678587218
276348465.229770481586	1806966.774494726909	1338844.787532643648	2922271.741124600172	0.77680195544195518	3.06654743534294916	2.53447178622209268
276348465.251020491123	1806926.475759103196	1338803.784287394257	2922315.816651110072	0.77678537292492145	3.06655825135572124	2.53446637567063382
276348465.272270500660	1806886.176244492177	1338762.780663040699	2922359.891053298954	0.77676879046441494	3.06656906744568314	2.53446096532577014
276348465.293520510197	1806845.875915942714	1338721.776641391916	2922403.964338744991	0.77675220805965095	3.06657988360262923	2.53445555517709309
276348465.314770519733	1806805.574789069826	1338680.772246045759	2922448.036462808494	0.77673562571140620	3.06659069983675669	2.53445014523500944
276348465.336020529270	1806765.272844145540	1338639.767423867946	2922492.107507418375	0.77671933146093108	3.06660152188226931	2.53444478401938156
276348465.357270479202	1806724.970164970495	1338598.762358334148	2922536.177278328687	0.77670325913203664	3.06661234841466568	2.53443946037414269
276348465.378520488739	1806684.666613940382	1338557.756762914360	2922580.246050755028	0.77668718685860316	3.06662317502319581	2.53443413693213282
276348465.399770498276	1806644.362251265906	1338516.750817834167	2922624.313667739276	0.77667111463984861	3.06663400169765499	2.53442881368294115
276348465.421020507812	1806604.057022674708	1338475.744417138165	2922668.380223548505	0.77665504247596351	3.06664482844059050	2.53442349062917183
276348465.442270517349	1806563.750982142286	1338434.737705799751	2922712.445573331323	0.77663888464586428	3.06665540003845427	2.53441789582989285
276348465.463520526886	1806523.444170869887	1338393.730556031689	2922756.509856729303	0.77662270276679646	3.06666589994271455	2.53441222475122530
276348465.484770476818	1806483.136638177792	1338352.723136001732	2922800.572873783298	0.77660652103503258	3.06667639986347451	2.53440655389674863
276348465.506020486355	1806442.828216909198	1338311.715262921061	2922844.634840356652	0.77659033926908583	3.06668689991943966	2.53440088320375745
276348465.527270495892	1806402.518934116466	1338270.706924769096	2922888.695759050548	0.77657419339746037	3.06669727375204149	2.53439508020893411
276348465.548520505428	1806362.208840131527	1338229.698239880148	2922932.755509004928	0.77655824485862945	3.06670695248268022	2.53438854811020065
276348465.569770514965	1806321.897948626895	1338188.689182739938	2922976.814116815105	0.77654229637853245	3.06671663129804362	2.53438201618477077
276348465.591020524502	1806281.586252897279	1338147.679715205915	2923020.871607881971	0.77652634795736342	3.06672631020067543	2.53437548443524463
276348465.612270474434	1806241.273853774648	1338106.669967726339	2923064.927863724530	0.77651039959472890	3.06673598918547485	2.53436895285641750
276348465.633520483971	1806200.960515896091	1338065.659690799890	2923108.983126065228	0.77649429041139362	3.06674575840875052	2.53436241300799781
276348465.654770493507	1806160.646362780128	1338024.649075126974	2923153.037238904275	0.77647792832969076	3.06675566945230660	2.53435586004463431
276348465.676020503044	1806120.331436013570	1337983.638051461894	2923197.090222893748	0.77646156630917806	3.06676558058827542	2.53434930726816443
276348465.697270512581	1806080.015654583462	1337942.626642816234	2923241.142069717869	0.77644520434985331	3.06677549181665254	2.53434275467858772
276348465.718520522118	1806039.699048932642	1337901.614872465143	2923285.192804331426	0.77642884245112898	3.06678540312978765	2.53433620226809619
276348465.739770531654	1805999.381671894807	1337860.602678953437	2923329.242398210336	0.77641327122517989	3.06679436823696339	2.53432994720016769
276348465.761020481586	1805959.063592750579	1337819.590209822170	2923373.290762804449	0.77639797116466669	3.06680300897472380	2.53432379419093223
276348465.782270491123	1805918.744550957810	1337778.577247028705	2923417.338120602071	0.77638267106669900	3.06681164983551557	2.53431764129600312
276348465.803520500660	1805878.425217418000	1337737.565252002329	2923461.383755811024	0.77636737101736353	3.06682029077423435	2.53431148855334110
276348465.824770510197	1805838.104578705272	1337696.551500064321	2923505.428854721133	0.77635207101665626	3.06682893179087923	2.53430533596294660
276348465.846020519733	1805797.783124198671	1337655.537368999328	2923549.472835475579	0.77633526610886383	3.06683876700014135	2.53429903873979656
276348465.867270529270	1805757.460820419947	1337614.522886820370	2923593.515647721943	0.77631819454246909	3.06684881392714770	2.53429271604805351
276348465.888520479202	1805717.137842806987	1337573.508083807537	2923637.557257274166	0.77630112303609078	3.06685886093885163	2.53428639354542495
276348465.909770488739	1805676.813963695196	1337532.492791937431	2923681.597835809924	0.77628405159069747	3.06686890804799450	2.53428007124492671
276348465.931020498276	1805636.489275457337	1337491.477096295683	2923725.637297604233	0.77626682978951855	3.06687888593165825	2.53427380792791368
276348465.952270507812	1805596.163730260218	1337450.461030893959	2923769.675634115934	0.77624927599175964	3.06688871089128101	2.53426767459350089
276348465.973520517349	1805555.837432230357	1337409.444573075743	2923813.712829669006	0.77623172225167147	3.06689853593989170	2.53426154145463833
276348465.994770526886	1805515.510290079983	1337368.427718585590	2923857.748907293659	0.77621416856925318	3.06690836107748410	2.53425540851132469
276348466.016020476818	1805475.182429067092	1337327.410602515796	2923901.783730458468	0.77619661504303439	3.06691818624975987	2.53424927579880555
276348466.037270486355	1805434.853652695427	1337286.392981214914	2923945.817559891380	0.77617916821073241	3.06692830653028992	2.53424362734269293
276348466.058520495892	1805394.524056613212	1337245.374967904063	2923989.850253348704	0.77616180385050360	3.06693865465264315	2.53423835289538735
276348466.079770505428	1805354.193710285239	1337204.356570804957	2924033.881817726418	0.77614443954311430	3.06694900284808503	2.53423307865031155
276348466.101020514965	1805313.862507954240	1337163.337784488685	2924077.912239000201	0.77612707528875280	3.06695935111916018	2.53422780461007013
276348466.122270524502	1805273.530492913444	1337122.318605301669	2924121.941549473442	0.77610971108683380	3.06696969945821918	2.53422253076685156
276348466.143520474434	1805233.197774893604	1337081.299149156781	2924165.969611426350	0.77609338179226528	3.06697995316746397	2.53421763558608859
276348466.164770483971	1805192.864129173802	1337040.279192327987	2924209.996667767409	0.77607714346194223	3.06699019861854172	2.53421277384245380
276348466.186020493507	1805152.529692044016	1336999.258861079346	2924254.022587903775	0.77606090517912563	3.06700044413127815	2.53420791228617270
