276348456.705866694450 0.000106250000
276348456.705866694450	1823065.862619546708	1355260.627455548383	2904501.244081171695	0.78328622935041636	3.06241281792027387	2.53689694216498562
276348456.727116703987	1823025.891145447036	1355219.781674682163	2904545.770360162947	0.78327007327946285	3.06242341525378636	2.53689154605309453
276348456.748366713524	1822985.918855524622	1355178.935549463378	2904590.295483709779	0.78325453970044867	3.06243369205851801	2.53688693075727256
276348456.769616723061	1822945.945763132768	1355138.088976199506	2904634.819527802989	0.78323900616750430	3.06244396892366000	2.53688231564669531
276348456.790866672993	1822905.971906472929	1355097.242156031309	2904679.342310303822	0.78322347267960613	3.06245424583637282	2.53687770070842911
276348456.812116682529	1822865.997133208206	1355056.394781390205	2904723.864137774799	0.78320793923756682	3.06246452280692250	2.53687308595282035
276348456.833366692066	1822826.021548381075	1355015.547054183204	2904768.384790565819	0.78319209300634807	3.06247496447971690	2.53686813282378498
276348456.854616701603	1822786.045613118913	1354974.700297555188	2904812.903756869957	0.78317542173612731	3.06248584045673056	2.53686228694569937
276348456.875866711140	1822746.068398426520	1354933.851746401284	2904857.422200167086	0.78315875052802930	3.06249671651872646	2.53685644127699206
276348456.897116720676	1822706.090326337842	1354893.002819699934	2904901.939512240700	0.78314207938164238	3.06250759266056782	2.53685059581248895
276348456.918366670609	1822666.111636570422	1354852.153618498472	2904946.455560112838	0.78312540839034517	3.06251846881949730	2.53684475058322922
276348456.939616680145	1822626.131968243048	1354811.303856566548	2904990.970657937229	0.78310935598869635	3.06252888757653707	2.53683893412672434
276348456.960866689682	1822586.151481072651	1354770.453763961559	2905035.484592963941	0.78309352079475048	3.06253914580177700	2.53683312789691229
276348456.982116699219	1822546.170159878442	1354729.603257239796	2905079.997423357796	0.78307768565740954	3.06254940409968901	2.53682732184857285
276348457.003366708755	1822506.188045154326	1354688.752325489419	2905124.509137007874	0.78306185057728284	3.06255966247797007	2.53682151598946470
276348457.024616718292	1822466.205083542271	1354647.901006540982	2905169.019738671370	0.78304601555375353	3.06256992092891700	2.53681571031183006
276348457.045866668224	1822426.221460080938	1354607.049436086090	2905213.529061652720	0.78302957645639504	3.06258024950314134	2.53680998263823199
276348457.067116677761	1822386.236863374943	1354566.197338832309	2905258.037403239403	0.78301313051267707	3.06259057895722675	2.53680425604862014
276348457.088366687298	1822346.251470792107	1354525.344831804978	2905302.544639965985	0.78299668462620042	3.06260090849068733	2.53679852965373476
276348457.109616696835	1822306.265250801109	1354484.491948893294	2905347.050746654160	0.78298023879634959	3.06261123809581992	2.53679280344581493
276348457.130866706371	1822266.278223110596	1354443.638663582038	2905391.555723303463	0.78296388487754109	3.06262132374550999	2.53678711815224656
276348457.152116715908	1822226.290355159203	1354402.784966504434	2905436.059589377604	0.78294770428818472	3.06263094910239309	2.53678150984596984
276348457.173366665840	1822186.301777812419	1354361.931012902642	2905480.562218814623	0.78293152384144626	3.06264057448233196	2.53677590175185186
276348457.194616675377	1822146.312314192066	1354321.076546193566	2905525.063830527011	0.78291534335565416	3.06265019999165933	2.53677029380529939
276348457.215866684914	1822106.321984593291	1354280.221658751601	2905569.564343776088	0.78289916292102646	3.06265982556950656	2.53676468603084970
276348457.237116694450	1822066.330848579295	1354239.366373235127	2905614.063732925337	0.78288268667754402	3.06266979683245699	2.53675893166435129
276348457.258366703987	1822026.338923298754	1354198.510716184042	2905658.561991812661	0.78286599487301656	3.06268002004532658	2.53675307052133681
276348457.279616713524	1821986.346142296446	1354157.654665688286	2905703.059120885562	0.78284930312592271	3.06269024333326145	2.53674720956635769
276348457.300866723061	1821946.352540979395	1354116.798200782854	2905747.555163151585	0.78283261143686866	3.06270046670395590	2.53674134880717705
276348457.322116672993	1821906.358294280246	1354075.941446566023	2905792.049928146414	0.78281591980564880	3.06271069015483954	2.53673548824120676
276348457.343366682529	1821866.363077304326	1354035.084214743460	2905836.543692284729	0.78279998047653798	3.06272060352526543	2.53672993955405968
276348457.364616692066	1821826.367000142811	1353994.226582153933	2905881.036368427332	0.78278409772263347	3.06273049366468442	2.53672441446822372
276348457.385866701603	1821786.370162166189	1353953.368549521547	2905925.527885783464	0.78276821502063809	3.06274038387252068	2.53671888955815161
276348457.407116711140	1821746.372494634707	1353912.510118478211	2905970.018303036224	0.78275233237115760	3.06275027415646894	2.53671336483160603
276348457.428366720676	1821706.374018749455	1353871.651282362873	2906014.507603544276	0.78273635853723222	3.06276025892975845	2.53670777036260953
276348457.449616670609	1821666.374803851126	1353830.792167873122	2906058.995661699213	0.78271984865987987	3.06277079863364099	2.53670176521214108
276348457.470866680145	1821626.374682532158	1353789.932526305085	2906103.482733477838	0.78270333875060416	3.06278133847496514	2.53669576022120191
276348457.492116689682	1821586.373733099550	1353749.072507329751	2906147.968655982520	0.78268682890249375	3.06279187840056100	2.53668975542949093
276348457.513366699219	1821546.371984527213	1353708.212130115135	2906192.453448221553	0.78267031911493312	3.06280241840272716	2.53668375082924413
276348457.534616708755	1821506.369375494542	1353667.351328317076	2906236.937128699385	0.78265370500784570	3.06281277426117704	2.53667782798656471
276348457.555866718292	1821466.365994331194	1353626.490118764108	2906281.419699562248	0.78263699433349254	3.06282295965312112	2.53667198082838086
276348457.577116668224	1821426.361861286219	1353585.628657769877	2906325.901020717341	0.78262028371640424	3.06283314512254901	2.53666613386035866
276348457.598366677761	1821386.356830360601	1353544.766652161488	2906370.381349552888	0.78260357315739171	3.06284333067971870	2.53666028709284763
276348457.619616687298	1821346.350976907648	1353503.904264116893	2906414.860548353288	0.78258686265563560	3.06285351631436509	2.53665444051549915
276348457.640866696835	1821306.344320006203	1353463.041464407928	2906459.338630408049	0.78257064892411554	3.06286383326596345	2.53664859854009128
276348457.662116706371	1821266.336822378216	1353422.178275277372	2906503.815606420394	0.78255459774210800	3.06287419322683574	2.53664275819583551
276348457.683366715908	1821226.328532854095	1353381.314706071746	2906548.291440281086	0.78253854661796884	3.06288455326450570	2.53663691803976787
276348457.704616665840	1821186.319490141934	1353340.450881138211	2906592.766018494964	0.78252249564200627	3.06289491332424513	2.53663107810807409
276348457.725866675377	1821146.309548501624	1353299.586468355265	2906637.239649031777	0.78250653884903221	3.06290531316447501	2.53662526988783732
276348457.747116684914	1821106.298790956847	1353258.721711362945	2906681.712124125566	0.78249135275251325	3.06291603736206808	2.53661971996963986
276348457.768366694450	1821066.287195008481	1353217.856549732853	2906726.183481291402	0.78247616671264408	3.06292676163048982	2.53661417023780000
276348457.789616703987	1821026.274809744675	1353176.991016655462	2906770.653708191123	0.78246098072921821	3.06293748596717164	2.53660862068972781
276348457.810866713524	1820986.261594007723	1353136.125058657490	2906815.122824518010	0.78244579480223031	3.06294821037211129	2.53660307132542417
276348457.832116723061	1820946.247536234325	1353095.258706965018	2906859.590828855522	0.78243028066264486	3.06295898986578008	2.53659743140481186
276348457.853366672993	1820906.232809910784	1353054.392065673601	2906904.057579917833	0.78241358099702518	3.06296996814974820	2.53659146396200663
276348457.874616682529	1820866.217138970969	1353013.524955840083	2906948.523318010382	0.78239688139467489	3.06298094651315678	2.53658549672296463
276348457.895866692066	1820826.200674400199	1352972.657421132317	2906992.987939361483	0.78238018185619884	3.06299192496369654	2.53657952969545075
276348457.917116701603	1820786.183332229732	1352931.789497015532	2907037.451460835058	0.78236348238077902	3.06300290349110504	2.53657356286911151
276348457.938366711140	1820746.165222134208	1352890.921157006873	2907081.913853456732	0.78234702579885873	3.06301419476807046	2.53656824997050778
276348457.959616720676	1820706.146311566466	1352850.052454518853	2907126.375109871384	0.78233068394296046	3.06302563375298975	2.53656324597387917
276348457.980866670609	1820666.126622079639	1352809.183487368980	2907170.835122746415	0.78231434223495500	3.06303707274161141	2.53655824221775061
276348458.002116680145	1820626.106048812857	1352768.313953072298	2907215.294156599324	0.78229800049135712	3.06304851186061855	2.53655323864431015
276348458.023366689682	1820586.084654280450	1352727.444040709874	2907259.752066355199	0.78228165880349687	3.06305995104153439	2.53654823527728590
276348458.044616699219	1820546.062443399802	1352686.573743658140	2907304.208852014970	0.78226521962149098	3.06307037322619236	2.53654247572591629
276348458.065866708755	1820506.039440585067	1352645.703066590941	2907348.664495526347	0.78224877309850838	3.06308071834865991	2.53653665899815062
276348458.087116718292	1820466.015582856489	1352604.831959981471	2907393.119046513457	0.78223232663339681	3.06309106354941107	2.53653084246281546
276348458.108366668224	1820425.991050334647	1352563.960628930479	2907437.572311466560	0.78221588022595068	3.06310140882587945	2.53652502611732356
276348458.129616677761	1820385.965983987786	1352523.090116132516	2907482.024025506806	0.78219940251114339	3.06311175046087181	2.53651929220477790
276348458.150866687298	1820345.939683836186	1352482.217830903595	2907526.475205617025	0.78218284542458383	3.06312208273370290	2.53651376672535234
276348458.172116696835	1820305.912572245579	1352441.345154383918	2907570.925261629745	0.78216628839340308	3.06313241508307188	2.53650824144177589
276348458.193366706371	1820265.884630141314	1352400.472115808632	2907615.374180251267	0.78214973141739552	3.06314274750641191	2.53650271635145952
276348458.214616715908	1820225.855898683192	1352359.598643051460	2907659.821995425504	0.78213317449655628	3.06315308000371811	2.53649719145440278
276348458.235866665840	1820185.826428149594	1352318.724892037921	2907704.268568245228	0.78211640155993845	3.06316327644591890	2.53649130238558662
276348458.257116675377	1820145.796014861437	1352277.850679589901	2907748.714120746590	0.78209942336564398	3.06317334384210982	2.53648506752182001
276348458.278366684914	1820105.764813937480	1352236.976014995947	2907793.158571209293	0.78208244523135750	3.06318341132108118	2.53647883284681930
276348458.299616694450	1820065.732793623116	1352196.100979424082	2907837.601890224498	0.78206546715788461	3.06319347889308657	2.53647259837094241
276348458.320866703987	1820025.699959954014	1352155.225545539986	2907882.044092494529	0.78204848914441349	3.06320354654786398	2.53646636408383008
276348458.342116713524	1819985.666305594379	1352114.349736379692	2907926.485157375224	0.78203232775602105	3.06321341389915114	2.53646030666593214
276348458.363366723061	1819945.631812165957	1352073.473519939696	2907970.925117619801	0.78201629244727178	3.06322325039765930	2.53645427668944068
276348458.384616672993	1819905.596624430036	1352032.597005008021	2908015.363836698234	0.78200025719480859	3.06323308697592944	2.53644824689239545
276348458.405866682529	1819865.560516015626	1351991.719985769363	2908059.801556104794	0.78198422199883222	3.06324292363652262	2.53644221727738461
276348458.427116692066	1819825.523577065207	1351950.842604513047	2908104.238138119224	0.78196816028990002	3.06325282510913777	2.53643615479082429
276348458.448366701603	1819785.485847441480	1351909.964784805663	2908148.673610746395	0.78195182535799468	3.06326339248381974	2.53642975253896097
276348458.469616711140	1819745.447288574884	1351869.086607394274	2908193.107951920945	0.78193549049075139	3.06327395994583673	2.53642335048241341
276348458.490866720676	1819705.407873455901	1351828.207996199140	2908237.541194630321	0.78191915568816661	3.06328452749518609	2.53641694862118294
276348458.512116670609	1819665.367797666462	1351787.329138015164	2908281.973164599389	0.78190282104213971	3.06329509507596986	2.53641054699460344
276348458.533366680145	1819625.326808695681	1351746.449714735150	2908326.404173596762	0.78188663231675060	3.06330579968360039	2.53640436217247123
276348458.554616689682	1819585.284949741093	1351705.569983609952	2908370.834012671374	0.78187061411390246	3.06331666423772608	2.53639843057392378
276348458.575866699219	1819545.242306314409	1351664.689811740303	2908415.262748297770	0.78185459597295504	3.06332752887251125	2.53639249917414444
276348458.597116708755	1819505.198845191626	1351623.809250966879	2908459.690353886690	0.78183857780337318	3.06333839364038418	2.53638656793125650
276348458.618366718292	1819465.154557404341	1351582.928278320935	2908504.116866724100	0.78182255978581106	3.06334925843135064	2.53638063692383442
276348458.639616668224	1819425.109544658335	1351542.047004868509	2908548.542150503490	0.78180664451887649	3.06336019933222303	2.53637483810836617
276348458.660866677761	1819385.063637944637	1351501.165279394714	2908592.966377860866	0.78179077482848935	3.06337117419042482	2.53636909811166289
276348458.682116687298	1819345.016907582758	1351460.283128382871	2908637.389519820921	0.78177490519801651	3.06338214911782813	2.53636335830583448
276348458.703366696835	1819304.969353898428	1351419.400593549013	2908681.811512507033	0.78175903562826132	3.06339312412468212	2.53635761870124155
276348458.724616706371	1819264.920976562193	1351378.517695985502	2908726.232392977923	0.78174319835895867	3.06340408554967070	2.53635190627800222
276348458.745866715908	1819224.871778492350	1351337.634360417258	2908770.652162876446	0.78172800321469094	3.06341477518797678	2.53634673156286095
276348458.767116665840	1819184.821895749308	1351296.750750940759	2908815.070673555136	0.78171280812235455	3.06342546488117007	2.53634155702295416
276348458.788366675377	1819144.771048368886	1351255.866621268447	2908859.488220664207	0.78169761308295538	3.06343615464206476	2.53633638267123240
276348458.809616684914	1819104.719446256291	1351214.982089454774	2908903.904614928178	0.78168241809608707	3.06344684446552984	2.53633120850251359
276348458.830866694450	1819064.666976297041	1351174.097217934439	2908948.319882497191	0.78166697861507117	3.06345754956965211	2.53632595080012724
276348458.852116703987	1819024.613674465800	1351133.211917357985	2908992.734033552464	0.78165020281335407	3.06346833790781314	2.53632023580512467
276348458.873366713524	1818984.559596072184	1351092.326218593400	2909037.147061694413	0.78163342707142647	3.06347912632409525	2.53631452101386490
276348458.894616723061	1818944.504702543840	1351051.440139580518	2909081.558971682563	0.78161665138928305	3.06348991481849664	2.53630880642634970
276348458.915866672993	1818904.449069884373	1351010.553782413248	2909125.969639316201	0.78159987586129676	3.06350070333387725	2.53630309207805738
276348458.937116682529	1818864.392531665042	1350969.666878889315	2909170.379302750807	0.78158361342319571	3.06351125811349378	2.53629729824613648
276348458.958366692066	1818824.335169774247	1350928.779612670885	2909214.787853969261	0.78156766718145931	3.06352166887396793	2.53629145552431901
276348458.979616701603	1818784.276971945539	1350887.891950629652	2909259.195299143903	0.78155172099789905	3.06353207971332697	2.53628561299285682
276348459.000866711140	1818744.217965349322	1350847.003922720905	2909303.601576992776	0.78153577487230930	3.06354249062900497	2.53627977064915777
276348459.022116720676	1818704.158156464342	1350806.115424871910	2909348.006770856678	0.78151982880468740	3.06355290162099836	2.53627392849322142
276348459.043366670609	1818664.097675305558	1350765.226711326977	2909392.410690568388	0.78150324905864110	3.06356329117043469	2.53626740555166030
276348459.064616680145	1818624.036199880298	1350724.337455753470	2909436.813640995882	0.78148657057995274	3.06357367746246556	2.53626077664890426
276348459.085866689682	1818583.973947009305	1350683.447838225169	2909481.215431225020	0.78146989216668583	3.06358406384231241	2.53625414793730419
276348459.107116699219	1818543.910831181798	1350642.557811620180	2909525.616121576168	0.78145321381944388	3.06359445031765931	2.53624751942463167
276348459.128366708755	1818503.846979923779	1350601.667377532460	2909570.015696143731	0.78143670832220069	3.06360471728645223	2.53624087197589532
276348459.149616718292	1818463.782228599768	1350560.776573293842	2909614.414126418531	0.78142081498186045	3.06361456066148108	2.53623415693545562
276348459.170866668224	1818423.716808879049	1350519.885440692306	2909658.811353999190	0.78140492179311671	3.06362440407464121	2.53622744211455187
276348459.192116677761	1818383.650488920044	1350478.993858473841	2909703.207519217394	0.78138902857711345	3.06363424762959236	2.53622072743099336
276348459.213366687298	1818343.583290815353	1350438.101846534759	2909747.602615902666	0.78137313542327513	3.06364409127449955	2.53621401292587478
276348459.234616696835	1818303.515316112200	1350397.209436462261	2909791.996589678340	0.78135697038072260	3.06365399912635716	2.53620744473769300
276348459.255866706371	1818263.446518466575	1350356.316683173180	2909836.389382832684	0.78134047120818018	3.06366398585791844	2.53620105631895632
276348459.277116715908	1818223.376882530749	1350315.423486536369	2909880.781108641066	0.78132397209638693	3.06367397267744979	2.53619466808750227
276348459.298366665840	1818183.306577916956	1350274.530000520637	2909925.171581173316	0.78130747304534021	3.06368395958494721	2.53618828004332997
276348459.319616675377	1818143.235316987615	1350233.636014615884	2909969.561066141818	0.78129097405483527	3.06369394657784477	2.53618189218384771
276348459.340866684914	1818103.163271235069	1350192.741689859424	2910013.949370265473	0.78127496655869155	3.06370414295821858	2.53617547441880475
276348459.362116694450	1818063.090388920158	1350151.846903780475	2910058.336608453188	0.78125907685827123	3.06371438956027919	2.53616904962297163
276348459.383366703987	1818023.016655177344	1350110.951740250923	2910102.722721360624	0.78124318722031028	3.06372463625021973	2.53616262501455081
276348459.404616713524	1817982.942616833607	1350070.057570612989	2910147.107104323804	0.78122729764460619	3.06373488302547425	2.53615620059094971
276348459.425866723061	1817942.867268343456	1350029.161645124434	2910191.490945046768	0.78121139778041959	3.06374513788711766	2.53614977676991504
276348459.447116672993	1817902.791231659707	1349988.265418999363	2910235.873550540768	0.78119508870783605	3.06375570932857055	2.53614336980778754
276348459.468366682529	1817862.714259003056	1349947.368668090552	2910280.255187711213	0.78117877960790283	3.06376628091064251	2.53613696299873848
276348459.489616692066	1817822.636477532797	1349906.471551392460	2910324.635657555424	0.78116247057257615	3.06377685257997445	2.53613055638472762
276348459.510866701603	1817782.557868014090	1349865.574018661398	2910369.015028708149	0.78114616160185291	3.06378742433656370	2.53612414996575408
276348459.532116711140	1817742.478440710809	1349824.676159977680	2910413.393243006896	0.78113027364328858	3.06379774790288462	2.53611787801658073
276348459.553366720676	1817702.398211065214	1349783.777831439627	2910457.770373320207	0.78111502401622612	3.06380769509175055	2.53611180984430229
276348459.574616670609	1817662.317269238876	1349742.879238117952	2910502.146255113184	0.78109977444549461	3.06381764235450449	2.53610574184200877
276348459.595866680145	1817622.235405307496	1349701.980136394966	2910546.521131291520	0.78108452493149461	3.06382758969626501	2.53609967401488134
276348459.617116689682	1817582.152723581297	1349661.080645932117	2910590.894877433777	0.78106927547402139	3.06383753711446838	2.53609360636032877
276348459.638366699219	1817542.069226650754	1349620.180775341811	2910635.267505419906	0.78105342342106265	3.06384812500906545	2.53608767087928744
276348459.659616708755	1817501.984872060129	1349579.280529658077	2910679.639002182521	0.78103722016139443	3.06385908625072423	2.53608181253241716
276348459.680866718292	1817461.899752385681	1349538.379854691448	2910724.009377447888	0.78102101696335025	3.06387004757017278	2.53607595438544475
276348459.702116668224	1817421.813913869904	1349497.478876768379	2910768.378529595677	0.78100481391829080	3.06388100891186399	2.53607009647725112
276348459.723366677761	1817381.727144710021	1349456.577407993842	2910812.746682072524	0.78098861084328197	3.06389197038431904	2.53606423872748055
276348459.744616687298	1817341.639564973768	1349415.675591467181	2910857.113665812183	0.78097348613973150	3.06390284987220163	2.53605893898886814
276348459.765866696835	1817301.551160200732	1349374.773345258320	2910901.479558211751	0.78095837698391302	3.06391372823986874	2.53605364744492556
276348459.787116706371	1817261.461928646546	1349333.870687363669	2910945.844357863069	0.78094326788260604	3.06392460667152067	2.53604835608595813
276348459.808366715908	1817221.371885213070	1349292.967677425360	2910990.207982833497	0.78092815883620981	3.06393548517227421	2.53604306491714437
276348459.829616665840	1817181.281167120906	1349252.064341522288	2911034.570399170276	0.78091290699058646	3.06394634241538855	2.53603769706775672
276348459.850866675377	1817141.189498594496	1349211.160542482277	2911078.931783302221	0.78089619529145082	3.06395698188918697	2.53603154392750385
276348459.872116684914	1817101.097003279254	1349170.256331771612	2911123.292074684985	0.78087948365526083	3.06396762144813506	2.53602539098795088
276348459.893366694450	1817061.003728709649	1349129.351714422693	2911167.651231273543	0.78086277208201471	3.06397826109222793	2.53601923824909514
276348459.914616703987	1817020.909582304768	1349088.446744630579	2911212.009243343025	0.78084606057170802	3.06398890082146202	2.53601308571093798
276348459.935866713524	1816980.814652578905	1349047.541338624898	2911256.366157908458	0.78082964545871825	3.06399891636001653	2.53600699693523568
276348459.957116723061	1816940.718896507518	1349006.635561460396	2911300.721948374528	0.78081346866851842	3.06400843002514423	2.53600095944012249
276348459.978366672993	1816900.622444688343	1348965.729481741088	2911345.076491734944	0.78079729202384218	3.06401794372341385	2.53599492216043343
276348459.999616682529	1816860.525072015123	1348924.822897996288	2911389.430035420693	0.78078111534245931	3.06402745755222705	2.53598888501898090
276348460.020866692066	1816820.426904631779	1348883.915988736553	2911433.782398262527	0.78076493871537966	3.06403697146159848	2.53598284805306440
276348460.042116701603	1816780.327871874673	1348843.008622980909	2911478.133699924685	0.78074831213874951	3.06404690324857976	2.53597643486088620
276348460.063366711140	1816740.228062438080	1348802.100859220838	2911522.483878676314	0.78073157732573195	3.06405693567263304	2.53596993127317960
276348460.084616720676	1816700.127369588241	1348761.192711466691	2911566.832938314416	0.78071484257492818	3.06406696818782631	2.53596342787619777
276348460.105866670609	1816660.026059412863	1348720.284292394761	2911611.180720456410	0.78069810788633598	3.06407700079415557	2.53595692466993983
276348460.127116680145	1816619.923741417937	1348679.375355625292	2911655.527539255563	0.78068149221294281	3.06408697940417429	2.53595047393591777
276348460.148366689682	1816579.820680965437	1348638.466012314195	2911699.873217094224	0.78066549181775446	3.06409667838130462	2.53594429380002317
276348460.169616699219	1816539.716759192990	1348597.556304906029	2911744.217769649345	0.78064949147890417	3.06410637743785053	2.53593811383834877
276348460.190866708755	1816499.611982750706	1348556.646208792226	2911788.561198335141	0.78063349119618808	3.06411607657124918	2.53593193404830153
276348460.212116718292	1816459.506445629755	1348515.735699179815	2911832.903510051779	0.78061749097060718	3.06412577579429790	2.53592575444284396
276348460.233366668224	1816419.400229935534	1348474.824913544115	2911877.244568491820	0.78060125146394110	3.06413568242946743	2.53591940980084996
276348460.254616677761	1816379.293026488042	1348433.913624292472	2911921.584632241167	0.78058464290474960	3.06414590884081051	2.53591281061410223
276348460.275866687298	1816339.185020628152	1348393.001928099664	2911965.923585192300	0.78056803440983158	3.06415613534419951	2.53590621162006435
276348460.297116696835	1816299.076196909184	1348352.089843278984	2912010.261408103164	0.78055142597918570	3.06416636193962821	2.53589961281873277
276348460.318366706371	1816258.966608047485	1348311.177392074140	2912054.598082700744	0.78053481761280796	3.06417658862709574	2.53589301421010971
276348460.339616715908	1816218.856153507950	1348270.264523394173	2912098.933645537123	0.78051872009648449	3.06418675518995798	2.53588620452184399
276348460.360866665840	1816178.744991065236	1348229.351380652515	2912143.267973147798	0.78050279696808067	3.06419690128596844	2.53587932290596862
276348460.382116675377	1816138.632886917097	1348188.437718374422	2912187.601313196123	0.78048687390577154	3.06420704747987305	2.53587244147909807
276348460.403366684914	1816098.519991907990	1348147.523680757731	2912231.933517037891	0.78047095090915342	3.06421719376654833	2.53586556023604492
276348460.424616694450	1816058.406279026298	1348106.609254528536	2912276.264590843115	0.78045502797822275	3.06422734014599207	2.53585867917681140
276348460.445866703987	1816018.291776569793	1348065.694394476013	2912320.594561201055	0.78043878991076099	3.06423808654771790	2.53585256689791816
276348460.467116713524	1815978.176446991740	1348024.779161822051	2912364.923388226423	0.78042254034294967	3.06424885504234190	2.53584648301476490
276348460.488366723061	1815938.060291023692	1347983.863558087731	2912409.251091154758	0.78040629083735080	3.06425962361351933	2.53584039932378280
276348460.509616672993	1815897.943406896433	1347942.947667524451	2912453.577557671815	0.78039004148618218	3.06427039221446140	2.53583431587290242
276348460.530866682529	1815857.825634220149	1347902.031257385155	2912497.903013819829	0.78037387912285894	3.06428107805285910	2.53582823840356930
276348460.552116692066	1815817.707020540256	1347861.114458295982	2912542.227363922168	0.78035788784649318	3.06429160104023257	2.53582217257416787
276348460.573366701603	1815777.587640398182	1347820.197288559051	2912586.550559769385	0.78034189663078335	3.06430212410769931	2.53581610693498938
276348460.594616711140	1815737.467379840324	1347779.279721207917	2912630.872643854935	0.78032590547532621	3.06431264725013630	2.53581004148084688
276348460.615866720676	1815697.346332844580	1347738.361731460551	2912675.193623082247	0.78030991438111919	3.06432317048033687	2.53580397622470644
276348460.637116670609	1815657.224566086661	1347697.443475081353	2912719.513341905084	0.78029396819687058	3.06433380060458527	2.53579772744319332
276348460.658366680145	1815617.101855280809	1347656.524714431027	2912763.832085048314	0.78027805629915692	3.06434451232302774	2.53579133867699680
276348460.679616689682	1815576.978796125157	1347615.606948557775	2912808.149079238996	0.78026214446632425	3.06435522412631611	2.53578495010343774
276348460.700866699219	1815536.854492993793	1347574.687386222649	2912852.465557551477	0.78024623269856663	3.06436593601700658	2.53577856172510963
276348460.722116708755	1815496.729360869154	1347533.767507030629	2912896.780873068143	0.78023032099528145	3.06437664798741816	2.53577217353423068
276348460.743366718292	1815456.603411667515	1347492.847140300553	2912941.095122650731	0.78021538625175824	3.06438673023594710	2.53576654980885774
276348460.764616668224	1815416.476739089936	1347451.926517866319	2912985.408117771614	0.78020053544879708	3.06439675846436543	2.53576099184710824
276348460.785866677761	1815376.349147886271	1347411.005439129425	2913029.720074521843	0.78018568461445659	3.06440678681506773	2.53575543402235315
276348460.807116687298	1815336.220781220822	1347370.083904011874	2913074.030941119418	0.78017083383211050	3.06441681523262144	2.53574987636660953
276348460.828366696835	1815296.091547536431	1347329.162009998923	2913118.340663198382	0.78015591752245506	3.06442685820586558	2.53574428216002357
276348460.849616706371	1815255.961540145567	1347288.239704400068	2913162.649269720074	0.78013893245906507	3.06443735824998464	2.53573752966405497
276348460.870866715908	1815215.830677106977	1347247.316992030479	2913206.956788248383	0.78012194746394758	3.06444785839594269	2.53573077737512875
276348460.892116665840	1815175.699139515869	1347206.394033304183	2913251.263016211335	0.78010496253610162	3.06445835863093929	2.53572402528027308
276348460.913366675377	1815135.566687165527	1347165.470568410587	2913295.568250446115	0.78008797767652105	3.06446885896776688	2.53571727339245800
276348460.934616684914	1815095.433354925830	1347124.546708755661	2913339.872359623667	0.78007147739592630	3.06447928465613284	2.53571046129111144
276348460.955866694450	1815055.299236117862	1347083.622464444954	2913384.175345892087	0.78005546839287332	3.06448963465208601	2.53570358812273433
276348460.977116703987	1815015.164337484399	1347042.697773186490	2913428.477228711359	0.78003945945729480	3.06449998474628504	2.53569671514767414
276348460.998366713524	1814975.028625278734	1347001.772746806033	2913472.777967972681	0.78002345058838785	3.06451033492849234	2.53568984235555694
276348461.019616723061	1814934.892021610402	1346960.847294095438	2913517.077607584652	0.78000744178674841	3.06452068520638088	2.53568296975416452
276348461.040866672993	1814894.754771218868	1346919.921572146239	2913561.375987749547	0.77999098276883583	3.06453096591840435	2.53567610886172945
276348461.062116682529	1814854.616589307785	1346878.995358058717	2913605.673349007964	0.77997436256828712	3.06454122187673628	2.53566925223022821
276348461.083366692066	1814814.477592514362	1346838.068741757888	2913649.969587581698	0.77995774243412130	3.06455147792633698	2.53566239578702746
276348461.104616701603	1814774.337791472208	1346797.141736664344	2913694.264713943005	0.77994112236713287	3.06456173407743826	2.53565553954250600
276348461.125866711140	1814734.197135683149	1346756.214343007188	2913738.558716433588	0.77992453685057894	3.06457197109943547	2.53564871322578567
276348461.147116720676	1814694.055687195854	1346715.286529345904	2913782.851608124096	0.77990825743433279	3.06458203764432735	2.53564215103275714
276348461.168366670609	1814653.913501157193	1346674.358482645359	2913827.143232055940	0.77989197807996602	3.06459210427116169	2.53563558901816632
276348461.189616680145	1814613.770438891137	1346633.429911881685	2913871.433857503813	0.77987569878847385	3.06460217099272647	2.53562902719498462
276348461.210866689682	1814573.626531668473	1346592.500939362217	2913915.723359080963	0.77985941955945437	3.06461223780390091	2.53562246555802240
276348461.232116699219	1814533.481839700602	1346551.571589339292	2913960.011730394326	0.77984317311401163	3.06462240171699918	2.53561592815052261
276348461.253366708755	1814493.336321270792	1346510.641805547522	2914004.299004428089	0.77982699213582762	3.06463275962198844	2.53560943898032942
276348461.274616718292	1814453.189956120215	1346469.711638027569	2914048.585153180175	0.77981081122171503	3.06464311761998776	2.53560295000526592
276348461.295866668224	1814413.042911030119	1346428.781253126683	2914092.870015897788	0.77979463037087227	3.06465347570075997	2.53559646121495375
276348461.317116677761	1814372.894927178975	1346387.850335146533	2914137.153898407239	0.77977844958369502	3.06466383386941832	2.53558997261458074
276348461.338366687298	1814332.746163461357	1346346.918970280560	2914181.436677468941	0.77976279821834948	3.06467411920724908	2.53558394667445475
276348461.359616696835	1814292.596544984728	1346305.987279681256	2914225.718305844348	0.77974739088009137	3.06468437100642976	2.53557813405056409
276348461.380866706371	1814252.446132489713	1346265.055164816324	2914269.998817477375	0.77973198359827345	3.06469462288399219	2.53557232161076618
276348461.402116715908	1814212.294869112317	1346224.122674339917	2914314.278223065659	0.77971657637209324	3.06470487482970277	2.53556650934468442
276348461.423366665840	1814172.142934274627	1346183.189886194421	2914358.556363493204	0.77970116928884270	3.06471512679710179	2.53556069729613576
276348461.444616675377	1814131.990078422707	1346142.256594275590	2914402.833504250739	0.77968491244513638	3.06472601162808100	2.53555461220008116
276348461.465866684914	1814091.836396643892	1346101.322934230324	2914447.109507617075	0.77966856317019984	3.06473696541866358	2.53554849756972356
276348461.487116694450	1814051.681890976615	1346060.388849060517	2914491.384425585158	0.77965221395893769	3.06474791928679435	2.53554238313581592
276348461.508366703987	1814011.526588691631	1346019.454393835971	2914535.658188113011	0.77963586481214175	3.06475887324269980	2.53553626890873929
276348461.529616713524	1813971.370445773471	1345978.519527493045	2914579.930840066168	0.77961976037612812	3.06476959447386044	2.53553002029441554
276348461.550866723061	1813931.213508826680	1345937.584299712209	2914624.202348459978	0.77960430216253274	3.06477970092017316	2.53552341641082579
276348461.572116672993	1813891.055876745377	1345896.648771113483	2914668.472628981341	0.77958884401072348	3.06478980744457763	2.53551681269715523
276348461.593366682529	1813850.897292266833	1345855.712734906469	2914712.741902705748	0.77957338592188963	3.06479991406241714	2.53551020916897540
276348461.614616692066	1813810.737869741628	1345814.776296205586	2914757.010077737272	0.77955792789503642	3.06481002076090014	2.53550360581330914
276348461.635866701603	1813770.577702010516	1345773.839505406795	2914801.277073107660	0.77954212502158304	3.06482041290133234	2.53549717228124027
276348461.657116711140	1813730.416669219499	1345732.902298846981	2914845.542975955177	0.77952598760163472	3.06483108195080423	2.53549090350903850
276348461.678366720676	1813690.254843671108	1345691.964672375005	2914889.807768001687	0.77950985024563257	3.06484175108947943	2.53548463493647747
276348461.699616670609	1813650.092286729021	1345651.026810642099	2914934.071298232302	0.77949371304376669	3.06485242025321192	2.53547836659436721
276348461.720866680145	1813609.928815398831	1345610.088420561049	2914978.333830203861	0.77947757581445121	3.06486308955493891	2.53547209840551302
276348461.742116689682	1813569.764548722655	1345569.149664769648	2915022.595212675165	0.77946182607395142	3.06487318079572590	2.53546609889652252
276348461.763366699219	1813529.599416978657	1345528.210493233986	2915066.855502622202	0.77944613788589878	3.06488318033847040	2.53546014217765237
276348461.784616708755	1813489.433545187581	1345487.270924044307	2915111.114663491491	0.77943044975427833	3.06489317996318400	2.53545418564206360
276348461.805866718292	1813449.266804445302	1345446.330989002250	2915155.372687196359	0.77941476167829249	3.06490317965963399	2.53544822927937297
276348461.827116668224	1813409.099349565571	1345405.390744733624	2915199.629487784114	0.77939907365853411	3.06491317943548980	2.53544227309736625
276348461.848366677761	1813368.931013965281	1345364.450023585930	2915243.885258540977	0.77938219887186166	3.06492371319156742	2.53543599220534377
276348461.869616687298	1813328.761818717234	1345323.508882932831	2915288.139923479408	0.77936528931373106	3.06493426271215297	2.53542970198365447
276348461.890866696835	1813288.591849687742	1345282.567393644247	2915332.393446044065	0.77934837981885163	3.06494481231607274	2.53542341195822685
276348461.912116706371	1813248.421033855295	1345241.625457940390	2915376.645870144945	0.77933147038801387	3.06495536201355101	2.53541712213944193
276348461.933366715908	1813208.249442941509	1345200.683169302065	2915420.897145927884	0.77931499073023902	3.06496558841837796	2.53541100075801618
276348461.954616665840	1813168.077568983426	1345159.741972708143	2915465.146584438626	0.77929906664530169	3.06497539687417309	2.53540509706431338
276348461.975866675377	1813127.904304753058	1345118.798866799567	2915509.395637662616	0.77928314252495579	3.06498520545365105	2.53539919350638954
276348461.997116684914	1813087.730245148763	1345077.855395223945	2915553.643541386817	0.77926721845958591	3.06499501411539566	2.53539329013118175
276348462.018366694450	1813047.555387323955	1345036.911507568788	2915597.890347603243	0.77925129444839669	3.06500482284917464	2.53538738692830457
276348462.039616703987	1813007.379665954504	1344995.967250324087	2915642.136003362946	0.77923492606149836	3.06501479006978972	2.53538125764428335
276348462.060866713524	1812967.203159223543	1344955.022612888599	2915686.380542151164	0.77921835102549641	3.06502483104464396	2.53537502330537556
276348462.082116723061	1812927.025838057976	1344914.077576210257	2915730.623944961466	0.77920177604921070	3.06503487210783376	2.53536878915787511
276348462.103366672993	1812886.847797834082	1344873.132236944977	2915774.866124656517	0.77918520113243828	3.06504491325679851	2.53536255519918630
276348462.124616682529	1812846.668852447998	1344832.186416183133	2915819.107292570174	0.77916863498167155	3.06505493538517237	2.53535630180447802
276348462.145866692066	1812806.489125818713	1344791.240207168739	2915863.347324278206	0.77915229735415226	3.06506445632612756	2.53534953371234462
276348462.167116701603	1812766.308491633506	1344750.293587507214	2915907.586250393651	0.77913595978672889	3.06507397735526421	2.53534276579275808
276348462.188366711140	1812726.127103210194	1344709.346592871239	2915951.824034136720	0.77911962228019194	3.06508349848280526	2.53533599805610610
276348462.209616720676	1812685.944861247204	1344668.399214137346	2915996.060699951835	0.77910328483374558	3.06509301969852066	2.53532923049200098
276348462.230866670609	1812645.761969382875	1344627.451517256675	2916040.296125784982	0.77908690224102140	3.06510277089774519	2.53532256740881090
276348462.252116680145	1812605.578144050436	1344586.503384125186	2916084.530513247475	0.77907039565283709	3.06511315147105412	2.53531618977507645
276348462.273366689682	1812565.393461604835	1344545.554777367739	2916128.763833591249	0.77905388912802032	3.06512353213726962	2.53530981234046138
276348462.294616699219	1812525.207989901537	1344504.605840339093	2916172.995992325246	0.77903738266577438	3.06513391288616388	2.53530343509457978
276348462.315866708755	1812485.021698360564	1344463.656470239628	2916217.227046425920	0.77902087626688843	3.06514429372795538	2.53529705804781669
276348462.337116718292	1812444.834604694741	1344422.706733991858	2916261.456958380062	0.77900431696445960	3.06515502371430815	2.53529117329457954
276348462.358366668224	1812404.646792963380	1344381.756738488795	2916305.685602576938	0.77898772529821736	3.06516596746194914	2.53528558999221199
276348462.379616677761	1812364.458068354288	1344340.806180066196	2916349.913305038586	0.77897113369064996	3.06517691128207126	2.53528000689118960
276348462.400866687298	1812324.268500984181	1344299.855267676059	2916394.139844932593	0.77895454214214910	3.06518785517978287	2.53527442399670688
276348462.422116696835	1812284.078142561251	1344258.903980270494	2916438.365248619579	0.77893795065251359	3.06519879915252202	2.53526884130616414
276348462.443366706371	1812243.886969947722	1344217.952254692558	2916482.589566912036	0.77892190100028103	3.06520979588251441	2.53526276006261853
276348462.464616715908	1812203.694988240022	1344177.000163803576	2916526.812717877328	0.77890595248171524	3.06522080252152751	2.53525658597340309
276348462.485866665840	1812163.502296711085	1344136.047817165963	2916571.034632206894	0.77889000411740517	3.06523180918376248	2.53525041211993596
276348462.507116675377	1812123.308676075423	1344095.094924465753	2916615.255566327833	0.77887405572808666	3.06524281598850212	2.53524423842867286
276348462.528366684914	1812083.114213439403	1344054.141679292079	2916659.475357116200	0.77885835867519626	3.06525365782045789	2.53523810105672887
276348462.549616694450	1812042.918982367031	1344013.188019020250	2916703.694019052666	0.77884357700237983	3.06526389850248027	2.53523209547254735
276348462.570866703987	1812002.722899020184	1343972.233979006531	2916747.911569002550	0.77882879538626870	3.06527413925254821	2.53522609005489219
276348462.592116713524	1811962.526033085305	1343931.279546512756	2916792.127976806369	0.77881401382765203	3.06528438008088244	2.53522008481415062
276348462.613366723061	1811922.328341869405	1343890.324684755877	2916836.343293272424	0.77879923232573578	3.06529462097725602	2.53521407973993318
276348462.634616672993	1811882.129945425084	1343849.369599669706	2916880.557322517503	0.77878390102399830	3.06530498374855354	2.53520795758118078
276348462.655866682529	1811841.930605190340	1343808.413988323882	2916924.770371553954	0.77876789240975119	3.06531549664323721	2.53520169115292804
276348462.677116692066	1811801.730483653955	1343767.457988817478	2916968.982284387574	0.77875188385820504	3.06532600962640478	2.53519542492017358
276348462.698366701603	1811761.529507240979	1343726.501600980991	2917013.193073349539	0.77873587536856670	3.06533652268782930	2.53518915887252527
276348462.719616711140	1811721.327764965128	1343685.544806683436	2917057.402745343745	0.77871986694162310	3.06534703583772972	2.53518289302037347
276348462.740866720676	1811681.125170401298	1343644.587632668903	2917101.611305350903	0.77870428422611715	3.06535670375542901	2.53517665958425686
276348462.762116670609	1811640.921891408740	1343603.630188103998	2917145.818592845462	0.77868880700233234	3.06536616249062321	2.53517043433582900
276348462.783366680145	1811600.717677090783	1343562.672199813416	2917190.024894190952	0.77867332974620007	3.06537562135548347	2.53516420921628072
276348462.804616689682	1811560.512645985931	1343521.713890400017	2917234.230044623837	0.77865785254480491	3.06538508030032331	2.53515798426397110
276348462.825866699219	1811520.306772344513	1343480.755125301424	2917278.434109887574	0.77864237539814329	3.06539453932514050	2.53515175947890015
276348462.847116708755	1811480.100160334958	1343439.796007490484	2917322.637020667549	0.77862515161659029	3.06540486688012415	2.53514528132377182
276348462.868366718292	1811439.892664628103	1343398.836443342967	2917366.838839150500	0.77860775639435920	3.06541527980117179	2.53513877847721369
276348462.889616668224	1811399.684505324578	1343357.876687020762	2917411.039346194826	0.77859036123700598	3.06542569281433108	2.53513227583281786
276348462.910866677761	1811359.475432307227	1343316.916366400663	2917455.238892267924	0.77857296614511906	3.06543610592726257	2.53512577339837719
276348462.932116687298	1811319.265508283395	1343275.955670398194	2917499.437332296278	0.77855566827524880	3.06544634454114684	2.53511966161576918
276348462.953366696835	1811279.054784893990	1343234.994595981902	2917543.634604999330	0.77853853293381325	3.06545629128517083	2.53511420296999912
276348462.974616706371	1811238.843223341973	1343194.033119272674	2917587.830779011827	0.77852139764436190	3.06546623809941821	2.53510874451184831
276348462.995866715908	1811198.630875569070	1343153.071261046687	2917632.025816817768	0.77850426240748538	3.06547618499154950	2.53510328624911052
276348463.017116665840	1811158.417826890014	1343112.109107320430	2917676.219607516658	0.77848712731937031	3.06548613190658381	2.53509782821324103
276348463.038366675377	1811118.203836190514	1343071.146434544818	2917720.412410654128	0.77847029870216389	3.06549623870488697	2.53509197140584863
276348463.059616684914	1811077.989030460594	1343030.183422646020	2917764.604064289480	0.77845365785867271	3.06550644341644096	2.53508587047063738
276348463.080866694450	1811037.773379092338	1342989.219968841644	2917808.794625403360	0.77843701707488666	3.06551664821698555	2.53507976973283622
276348463.102116703987	1810997.556992408121	1342948.256148623768	2917852.984039386734	0.77842037635001304	3.06552685309629602	2.53507366918205213
276348463.123366713524	1810957.339757503709	1342907.291940699797	2917897.172322148457	0.77840373568483656	3.06553705806458909	2.53506756882867723
276348463.144616723061	1810917.121713727480	1342866.327328581596	2917941.359488167334	0.77838785562185597	3.06554706434354562	2.53506214465259561
276348463.165866672993	1810876.902928178431	1342825.362454131711	2917985.545423716772	0.77837199509982513	3.06555706559270735	2.53505673797431141
276348463.187116682529	1810836.683222415159	1342784.397056712303	2918029.730341771152	0.77835613462931974	3.06556706691591074	2.53505133148081452
276348463.208366692066	1810796.462751238374	1342743.431293366477	2918073.914111509919	0.77834027420994234	3.06557706830804300	2.53504592516690730
276348463.229616701603	1810756.241451647831	1342702.465114587219	2918118.096782559063	0.77832437420579614	3.06558716580798540	2.53504027627947481
276348463.250866711140	1810716.019767744932	1342661.499957474647	2918162.277721293736	0.77830831933798450	3.06559763877226743	2.53503367873865137
276348463.272116720676	1810675.796831867890	1342620.533002388198	2918206.458132268395	0.77829226453533229	3.06560811182548143	2.53502708138821475
276348463.293366670609	1810635.573157798266	1342579.565774100134	2918250.637306829914	0.77827620988816326	3.06561858491224859	2.53502048426860771
276348463.314616680145	1810595.348591805669	1342538.598040438024	2918294.815463670529	0.77826015521601821	3.06562905814586939	2.53501388730153820
276348463.335866689682	1810555.123214633437	1342497.629917804152	2918338.992515651509	0.77824430992994964	3.06563937054788127	2.53500732758294101
276348463.357116699219	1810514.897012336412	1342456.661407863023	2918383.168412418105	0.77822862926936764	3.06564955653459181	2.53500079719092808
276348463.378366708755	1810474.670005035819	1342415.692506674910	2918427.343210266903	0.77821294867086221	3.06565974260456420	2.53499426697766639
276348463.399616718292	1810434.442197814584	1342374.723224296700	2918471.516854086425	0.77819726813443024	3.06566992875779398	2.53498773694315549
276348463.420866668224	1810394.213631558232	1342333.753653183579	2918515.689273604192	0.77818158766026535	3.06568011499683291	2.53498120708999375
276348463.442116677761	1810353.984188807663	1342292.783558412455	2918559.860694635659	0.77816567026352557	3.06569075453231266	2.53497493306695976
276348463.463366687298	1810313.753929696977	1342251.813120269915	2918604.030960225035	0.77814968647327332	3.06570152123477069	2.53496873091991892
276348463.484616696835	1810273.522876330419	1342210.842258223798	2918648.200109074824	0.77813370274662619	3.06571228802454154	2.53496252897219332
276348463.505866706371	1810233.290946196998	1342169.871011917247	2918692.368163986597	0.77811771908279548	3.06572305489140451	2.53495632721338637
276348463.527116715908	1810193.058232076000	1342128.899368986953	2918736.535070812330	0.77810175824005734	3.06573375643381452	2.53495016329849765
276348463.548366665840	1810152.824820107082	1342087.927479686914	2918780.700711064972	0.77808592235901575	3.06574409924736191	2.53494420606485837
276348463.569616675377	1810112.590480199317	1342046.955048821867	2918824.865377052687	0.77807008644717168	3.06575444219566950	2.53493824898221831
276348463.590866684914	1810072.355320839444	1342005.982288352679	2918869.028880244587	0.77805425059342292	3.06576478522153373	2.53493229208483406
276348463.612116694450	1810032.119358722819	1341965.009058676427	2918913.191299452446	0.77803841479776725	3.06577512832495236	2.53492633537270562
276348463.633366703987	1809991.882565579144	1341924.035467825830	2918957.352581269108	0.77802232052792064	3.06578559980619803	2.53492042640565751
276348463.654616713524	1809951.645006980048	1341883.061511117499	2919001.512714770157	0.77800581634371824	3.06579627482091377	2.53491459305208622
276348463.675866723061	1809911.406572078820	1341842.087110231631	2919045.671767860185	0.77798931221922807	3.06580694991694669	2.53490875989956432
276348463.697116672993	1809871.167466331739	1341801.112476263661	2919089.829548209440	0.77797280815366143	3.06581762508407740	2.53490292693769170
276348463.718366682529	1809830.927459352184	1341760.137353023747	2919133.986297541764	0.77795630414819250	3.06582830033762432	2.53489709418206521
276348463.739616692066	1809790.686580447946	1341719.161776174325	2919178.141979754437	0.77794071224090189	3.06583865130768141	2.53489159234172901
276348463.760866701603	1809750.444920634385	1341678.185851791641	2919222.296494418755	0.77792543832343020	3.06584888927354671	2.53488620596989245
276348463.782116711140	1809710.202443925897	1341637.209543645149	2919266.449884985108	0.77791016445765937	3.06585912730549337	2.53488081977482338
276348463.803366720676	1809669.959158282960	1341596.232831401750	2919310.602158809546	0.77789489064338824	3.06586936540096566	2.53487543375392432
276348463.824616670609	1809629.715190713527	1341555.255857376847	2919354.753172005061	0.77787961696695129	3.06587960351100941	2.53487004794604331
276348463.845866680145	1809589.470225729514	1341514.278396412265	2919398.903177216183	0.77786288818508620	3.06589010101011050	2.53486374494087530
276348463.867116689682	1809549.224526642356	1341473.300510643981	2919443.052068057470	0.77784589090834011	3.06590064648233174	2.53485727283743723
276348463.888366699219	1809508.977949956432	1341432.322239230387	2919487.199845725205	0.77782889379282416	3.06591119199585327	2.53485080098137550
276348463.909616708755	1809468.730585658224	1341391.343582147965	2919531.346481248736	0.77781189674272477	3.06592173760389963	2.53484432933034620
276348463.930866718292	1809428.482394689694	1341350.364554491360	2919575.491992674302	0.77779508264848296	3.06593198404900447	2.53483774383015881
276348463.952116668224	1809388.233507616678	1341309.385224885773	2919619.636256992817	0.77777867608836893	3.06594156397897866	2.53483090453018978
276348463.973366677761	1809347.983714689966	1341268.405373641057	2919663.779540876858	0.77776226949736182	3.06595114405415448	2.53482406536784977
276348463.994616687298	1809307.733113822062	1341227.425161632244	2919707.921663377900	0.77774586296775716	3.06596072422416333	2.53481722638494533
276348464.015866696835	1809267.481656176737	1341186.444579547970	2919752.062660597265	0.77772945649955316	3.06597030448899988	2.53481038758147514
276348464.037116706371	1809227.229413479101	1341145.463557624258	2919796.202554370277	0.77771297969157205	3.06598006357135100	2.53480355631320986
276348464.058366715908	1809186.976371112047	1341104.482178411214	2919840.341317879502	0.77769644784283987	3.06598996262891799	2.53479673097982960
276348464.079616665840	1809146.722637508530	1341063.500490687555	2919884.478834280279	0.77767991605792419	3.06599986178435957	2.53478990583526098
276348464.100866675377	1809106.467930385843	1341022.518317862414	2919928.615337941330	0.77766338433642757	3.06600976103256606	2.53478308087430415
276348464.122116684914	1809066.212444399716	1340981.535765734268	2919972.750717280898	0.77764685267893574	3.06601966038119267	2.53477625610475910
276348464.143366694450	1809025.956134009408	1340940.552827872569	2920016.884960641619	0.77763108025488847	3.06602952820274766	2.53477004344639667
276348464.164616703987	1808985.698980970541	1340899.569497342920	2920061.018092016689	0.77761537711713480	3.06603939322155661	2.53476388676664932
276348464.185866713524	1808945.441049557645	1340858.585765159223	2920105.150094538461	0.77759967403616059	3.06604925832040998	2.53475773026300288
276348464.207116723061	1808905.182301206747	1340817.601649275282	2920149.280972966924	0.77758397101196097	3.06605912349930776	2.53475157393545958
276348464.228366672993	1808864.922831531381	1340776.617262959480	2920193.410585050005	0.77756822057853014	3.06606907000706430	2.53474541645833140
276348464.249616682529	1808824.662463443354	1340735.632357079303	2920237.539228580426	0.77755219274735232	3.06607949086742959	2.53473925119060883
276348464.270866692066	1808784.401278098812	1340694.647043713368	2920281.666724252515	0.77753616497699873	3.06608991181217450	2.53473308611434112
276348464.292116701603	1808744.139267352177	1340653.661364130210	2920325.793101767544	0.77752013726688052	3.06610033283363848	2.53472692122172605
276348464.313366711140	1808703.876460983884	1340612.675319283269	2920369.918329783250	0.77750410961777483	3.06611075394202803	2.53472075652316509
276348464.334616720676	1808663.612813745625	1340571.688863734948	2920414.042447224725	0.77748846962330065	3.06612127363495413	2.53471481226684370
276348464.355866670609	1808623.348458818393	1340530.702137521002	2920458.165316147264	0.77747321589201235	3.06613189155648813	2.53470908766399017
276348464.377116680145	1808583.083223707508	1340489.714898702456	2920502.287192523945	0.77745796221787655	3.06614250955173340	2.53470336324646173
276348464.398366689682	1808542.817143330816	1340448.727258645231	2920546.407945032232	0.77744270860069298	3.06615312761813552	2.53469763901166001
276348464.419616699219	1808502.550254973583	1340407.739257893059	2920590.527536158916	0.77742745504045851	3.06616374575569139	2.53469191495958368
276348464.440866708755	1808462.282568675699	1340366.750844287686	2920634.646016483661	0.77741140945034948	3.06617464841457243	2.53468644308644731
276348464.462116718292	1808422.014031245839	1340325.762055527419	2920678.763390764128	0.77739505769046335	3.06618566110831159	2.53468106882981248
276348464.483366668224	1808381.744802541332	1340284.772958320333	2920722.879517936613	0.77737870607970461	3.06619667381925609	2.53467569481392285
276348464.504616677761	1808341.474683595123	1340243.783400689717	2920766.994601982646	0.77736235443350132	3.06620768665655685	2.53467032096380196
276348464.525866687298	1808301.204184210161	1340202.794815004338	2920811.107998357154	0.77734609899624463	3.06621862912368481	2.53466491093467639
276348464.547116696835	1808260.932419756893	1340161.804458509199	2920855.220859616064	0.77733078725282256	3.06622888035731922	2.53465914405140635
276348464.568366706371	1808220.659837034298	1340120.813714068383	2920899.332590838894	0.77731547556464253	3.06623913166303019	2.53465337734577467
276348464.589616715908	1808180.386436040280	1340079.822581689339	2920943.443192024250	0.77730016393170276	3.06624938304081285	2.53464761081777823
276348464.610866665840	1808140.112340704305	1340038.831192194251	2920987.552520697936	0.77728485235360667	3.06625963448556327	2.53464184446221807
276348464.632116675377	1808099.837345614564	1339997.839278901694	2921031.660874877591	0.77726913327509894	3.06626987434451914	2.53463606082806470
276348464.653366684914	1808059.561480816687	1339956.846959752962	2921075.768123239744	0.77725254275728295	3.06628008934064455	2.53463024004216475
276348464.674616694450	1808019.284864318790	1339915.854291298427	2921119.874186000321	0.77723595229626596	3.06629030441827233	2.53462441945041750
276348464.695866703987	1807979.007356788265	1339874.861198575469	2921163.979168347549	0.77721936189145779	3.06630051956974459	2.53461859904502029
276348464.717116713524	1807938.729135902599	1339833.867721962277	2921208.083015448414	0.77720277154363737	3.06631073480526339	2.53461277883637592
276348464.738366723061	1807898.450020113261	1339792.873870974407	2921252.185737493448	0.77718635442248729	3.06632052500974916	2.53460695720790197
276348464.759616672993	1807858.170233861543	1339751.879727121443	2921296.287200322840	0.77717002065704843	3.06633011097665165	2.53460113502660178
276348464.780866682529	1807817.889537798939	1339710.885111657670	2921340.387638074346	0.77715368685233743	3.06633969707171383	2.53459531298726581
276348464.802116692066	1807777.607992327306	1339669.890065475833	2921384.486989247613	0.77713735310043486	3.06634928324708422	2.53458949112860088
276348464.823366701603	1807737.325645829085	1339628.894657813013	2921428.585204213858	0.77712101940075273	3.06635886949510361	2.53458366944279989
276348464.844616711140	1807697.042516494868	1339587.898858058499	2921472.682277035434	0.77710401603847146	3.06636892477871026	2.53457727010432388
276348464.865866720676	1807656.758521829965	1339546.902643024223	2921516.778257331345	0.77708682930364104	3.06637910859569063	2.53457071268786471
276348464.887116670609	1807616.473887305474	1339505.906200329773	2921560.872939485125	0.77706964263264844	3.06638929250967518	2.53456415547224445
276348464.908366680145	1807576.188262209296	1339464.909207241610	2921604.966665650718	0.77705245602529649	3.06639947651810774	2.53455759845486162
276348464.929616689682	1807535.901870238828	1339423.911844191141	2921649.059237559326	0.77703547528456118	3.06640951805852913	2.53455114024023631
276348464.950866699219	1807495.614685677458	1339382.914102220209	2921693.150667322800	0.77701910668000362	3.06641913569238422	2.53454497547107049
276348464.972116708755	1807455.326605663169	1339341.915945485700	2921737.241003376897	0.77700273813120369	3.06642875340977916	2.53453881088108979
276348464.993366718292	1807415.037762661232	1339300.917431712616	2921781.330202999990	0.77698636963815959	3.06643837121071128	2.53453264647029375
276348465.014616668224	1807374.748238134198	1339259.918633961352	2921825.418137463275	0.77697000129275606	3.06644798904204352	2.53452648227409982
276348465.035866677761	1807334.457774925278	1339218.919306648895	2921869.505078425165	0.77695357617734784	3.06645772815142736	2.53452062116666932
276348465.057116687298	1807294.166484954068	1339177.919608925004	2921913.590895290487	0.77693709446694781	3.06646758828630528	2.53451506271741112
276348465.078366696835	1807253.874387706164	1339136.919514494482	2921957.675588060170	0.77692061280896496	3.06647744850038251	2.53450950445746592
276348465.099616706371	1807213.581489407457	1339095.919058622792	2922001.759144625161	0.77690413120261503	3.06648730878345299	2.53450394637642651
276348465.120866715908	1807173.287781232037	1339054.918197441148	2922045.841565212235	0.77688764964867563	3.06649716914571657	2.53449838848469966
276348465.142116665840	1807132.993324970128	1339013.917076479644	2922089.922749388497	0.77687095150634899	3.06650694520642420	2.53449316220806020
276348465.163366675377	1807092.697984010214	1338972.915389711969	2922134.002954542637	0.77685421683158173	3.06651670709760182	2.53448799209049547
276348465.184616684914	1807052.401813709410	1338931.913386744913	2922178.081996900961	0.77683748220469306	3.06652646905239390	2.53448282215265674
276348465.205866694450	1807012.104847663082	1338890.910955867963	2922222.159916577395	0.77682074762645925	3.06653623108099982	2.53447765240495215
276348465.227116703987	1806971.807056139456	1338849.908158910926	2922266.236718098167	0.77680402628330336	3.06654608463009337	2.53447246190437614
276348465.248366713524	1806931.508468865184	1338808.904934050981	2922310.312396938447	0.77678744375964914	3.06655690063896369	2.53446705133297190
276348465.269616723061	1806891.209044564283	1338767.901374342386	2922354.386956209317	0.77677086129174233	3.06656771671482264	2.53446164095775384
276348465.290866672993	1806850.908950730227	1338726.897502361797	2922398.460238441359	0.77675427897364058	3.06657853281056303	2.53445623082292215
276348465.312116682529	1806810.607906167163	1338685.893129203701	2922442.532539050560	0.77673769661819181	3.06658934903313884	2.53445082085308604
276348465.333366692066	1806770.306054834044	1338644.888399800286	2922486.603684220463	0.77672133868008464	3.06660016980033090	2.53444544888391210
276348465.354616701603	1806730.003387724049	1338603.883228387451	2922530.673738053534	0.77670526634472514	3.06661099632927536	2.53444012521947259
276348465.375866711140	1806689.699896128383	1338562.877734231297	2922574.742629088927	0.77668919406404990	3.06662182292415242	2.53443480174785218
276348465.397116720676	1806649.395639644703	1338521.871775574982	2922618.810435918160	0.77667312183863668	3.06663264959261062	2.53442947847685840
276348465.418366670609	1806609.090615753084	1338480.865625375416	2922662.876942455769	0.77665704966751026	3.06664347632189394	2.53442415539347810
276348465.439616680145	1806568.784722565440	1338439.858891109470	2922706.942489209119	0.77664090554650400	3.06665408874899459	2.53441860408451181
276348465.460866689682	1806528.477987144375	1338398.851804804290	2922751.006892629899	0.77662472366018953	3.06666458864139013	2.53441293297932102
276348465.482116699219	1806488.170455976855	1338357.844353437889	2922795.070146550890	0.77660854183072958	3.06667508861346638	2.53440726207087330
276348465.503366708755	1806447.862099279184	1338316.836473231437	2922839.132309135515	0.77659236005734211	3.06668558865501995	2.53440159134875875
276348465.524616718292	1806407.552986686816	1338275.828214316396	2922883.193323405460	0.77657618506774462	3.06669606507068204	2.53439589595499148
276348465.545866668224	1806367.243043672526	1338234.819714375772	2922927.253087010700	0.77656023661089035	3.06670574373439875	2.53438936386917257
276348465.567116677761	1806326.932269935030	1338193.810675234534	2922971.311859257519	0.77654428812362930	3.06671542254141194	2.53438283192437641
276348465.588366687298	1806286.620679638581	1338152.801230232697	2923015.369502880145	0.77652833969490587	3.06672510143059629	2.53437630015027970
276348465.609616696835	1806246.308270463021	1338111.791419840418	2923059.426020995248	0.77651239132549632	3.06673478041214587	2.53436976855729235
276348465.630866706371	1806205.995017741341	1338070.781253129244	2923103.481389835943	0.77649633381718708	3.06674452066073844	2.53436323139718711
276348465.652116715908	1806165.680970522808	1338029.770662890980	2923147.535641937051	0.77647997172825445	3.06675443169817097	2.53435667841601386
276348465.673366665840	1806125.366246920312	1337988.759805980837	2923191.588652642444	0.77646360969993067	3.06676434282036725	2.53435012561392536
276348465.694616675377	1806085.050597937778	1337947.748433127766	2923235.640645855106	0.77644724773279350	3.06677425403497361	2.53434357299873136
276348465.715866684914	1806044.734094615327	1337906.736699086614	2923279.691525667906	0.77643088582664754	3.06678416533943610	2.53433702056782684
276348465.737116694450	1806004.416806601454	1337865.724565896904	2923323.741270689759	0.77641518200868109	3.06679328912416915	2.53433071564073975
276348465.758366703987	1805964.098709939281	1337824.712031815900	2923367.789885674603	0.77639988185620057	3.06680192989984768	2.53432456257713090
276348465.779616713524	1805923.779786455445	1337783.699127431260	2923411.837376563344	0.77638458175196501	3.06681057074835861	2.53431840966058397
276348465.800866723061	1805883.460069757653	1337742.685803848319	2923455.883756652009	0.77636928169675024	3.06681921167989602	2.53431225690151019
276348465.822116672993	1805843.140100692632	1337701.673612710088	2923499.928269305266	0.77635398177586490	3.06682785263915569	2.53430610432745373
276348465.843366682529	1805802.818748513004	1337660.659517949214	2923543.972395263612	0.77633739811962821	3.06683751228244894	2.53429982837222312
276348465.864616692066	1805762.496552770026	1337619.645066905301	2923588.015371945221	0.77632032654549610	3.06684755919569119	2.53429350565360778
276348465.885866701603	1805722.173588218866	1337578.630201333901	2923632.057219777722	0.77630325503215669	3.06685760620382819	2.53428718313452084
276348465.907116711140	1805681.849796836963	1337537.614965477958	2923676.097943514120	0.77628618357883195	3.06686765329665922	2.53428086080454795
276348465.928366720676	1805641.525185212260	1337496.599297181005	2923720.137562619057	0.77626902202442505	3.06687765893716469	2.53427457391487332
276348465.949616670609	1805601.199888453819	1337455.583418708295	2923764.175895689055	0.77625146821907443	3.06688748388057686	2.53426844055083222
276348465.970866680145	1805560.873692753492	1337414.566997196293	2923808.213236442767	0.77623391447197942	3.06689730892062240	2.53426230739015157
276348465.992116689682	1805520.546643201262	1337373.550192147028	2923852.249459269457	0.77621636078216438	3.06690713404455417	2.53425617441981377
276348466.013366699219	1805480.218746413244	1337332.533004209865	2923896.284556814004	0.77619880715040335	3.06691695926256225	2.53425004165023227
276348466.034616708755	1805439.890087058069	1337291.515437004622	2923940.318513398990	0.77618133668926514	3.06692701425090108	2.53424428603116647
276348466.055866718292	1805399.560658876551	1337250.497455301695	2923984.351341133006	0.77616397232263257	3.06693736236667513	2.53423901156120923
276348466.077116668224	1805359.230473270174	1337209.479229989927	2924028.382919161115	0.77614660810631175	3.06694771049830894	2.53423373732391077
276348466.098366677761	1805318.899388253223	1337168.460458752932	2924072.413518166635	0.77612924384496429	3.06695805875515948	2.53422846325320572
276348466.119616687298	1805278.567453424446	1337127.441358837998	2924116.442953191698	0.77611187963683603	3.06696840709018881	2.53422318938993829
276348466.140866696835	1805238.234693011735	1337086.421830175444	2924160.471296880860	0.77609540974227054	3.06697867365483789	2.53421824276547447
276348466.162116706371	1805197.901175337844	1337045.401918609627	2924204.498486313503	0.77607917140620808	3.06698891910076332	2.53421338100104476
276348466.183366715908	1805157.566806391580	1337004.381632143166	2924248.524569702335	0.77606293311726482	3.06699916460325150	2.53420851941876224
276348466.204616665840	1805117.231754983542	1336963.361060470343	2924292.549368695356	0.77604669487601941	3.06700941016994433	2.53420365802643666
276348466.225866675377	1805076.895789040485	1336922.339984987630	2924336.573193195742	0.77603046452755597	3.06701966172566065	2.53419877522517822
276348466.247116684914	1805036.559000255307	1336881.318531314377	2924380.595874364022	0.77601456657600298	3.06703016455370836	2.53419297788217746
