276348456.706721186638 0.000106250000
276348456.706721186638	1823064.255325489677	1355258.985014674719	2904503.034558793064	0.78328557463589998	3.06241324665630010	2.53689671883592638
276348456.727971196175	1823024.283832614543	1355218.139215269824	2904547.560796190519	0.78326944865177728	3.06242382849505868	2.53689136046004293
276348456.749221205711	1822984.311482357094	1355177.293040293967	2904592.085902364459	0.78325391507480369	3.06243410530458071	2.53688674517404866
276348456.770471215248	1822944.338341584895	1355136.446489400463	2904636.609872332308	0.78323838154349090	3.06244438216937764	2.53688213006812591
276348456.791721165180	1822904.364450299880	1355095.599628453376	2904681.132625350263	0.78322284805763243	3.06245465908688042	2.53687751513968740
276348456.812971174717	1822864.389665518422	1355054.752276199404	2904725.654372528661	0.78320731461763327	3.06246493606221915	2.53687290039390545
276348456.834221184254	1822824.414050361607	1355013.904498870950	2904770.175009130966	0.78319142263042529	3.06247540181662581	2.53686789774944410
276348456.855471193790	1822784.438099958235	1354973.057712767506	2904814.693927901331	0.78317475136268522	3.06248627779685068	2.53686205187957059
276348456.876721203327	1822744.460844406160	1354932.209185962798	2904859.212308956310	0.78315808015706923	3.06249715386205690	2.53685620621907360
276348456.897971212864	1822704.482776922407	1354891.360202137846	2904903.729606027715	0.78314140901275442	3.06250803000197624	2.53685036075761028
276348456.919221162796	1822664.504017593339	1354850.510967160575	2904948.245623230003	0.78312473802434823	3.06251890616924838	2.53684451554173318
276348456.940471172333	1822624.524292954477	1354809.661247879034	2904992.760639575776	0.78310871923263914	3.06252930007278090	2.53683870064698036
276348456.961721181870	1822584.543790643103	1354768.811125799315	2905037.274527069181	0.78309288404097854	3.06253955830104641	2.53683289442456950
276348456.982971191406	1822544.562448975630	1354727.960555694066	2905081.787341273855	0.78307704890612584	3.06254981660455039	2.53682708838621762
276348457.004221200943	1822504.580287167337	1354687.109650618630	2905126.298986741342	0.78306121382807836	3.06256007498329019	2.53682128253192518
276348457.025471210480	1822464.597297554137	1354646.258329107426	2905170.809533516411	0.78304536113991219	3.06257033548576851	2.53681547913738603
276348457.046721160412	1822424.613634535577	1354605.406724506523	2905215.318827014416	0.78302891514124306	3.06258066486356517	2.53680975236077444
276348457.067971169949	1822384.629023984075	1354564.554602085147	2905259.827127008233	0.78301246919981882	3.06259099432073922	2.53680402577888842
276348457.089221179485	1822344.643571465509	1354523.702085842844	2905304.334315015003	0.78299602331543117	3.06260132385472250	2.53679829938914292
276348457.110471189022	1822304.657342555700	1354482.849171132781	2905348.840380109381	0.78297957748807878	3.06261165346550879	2.53679257319153573
276348457.131721198559	1822264.670244671172	1354441.995849329978	2905393.345339384861	0.78296323423256364	3.06262171079081202	2.53678689262892876
276348457.152971208096	1822224.682380649727	1354401.142156342277	2905437.849144403823	0.78294705364548456	3.06263133615322403	2.53678128433236783
276348457.174221158028	1822184.693762450945	1354360.288164291065	2905482.351738415193	0.78293087320082133	3.06264096153612364	2.53677567624537748
276348457.195471167564	1822144.704270828748	1354319.433695020620	2905526.853295240551	0.78291469271710223	3.06265058704841309	2.53677006830595442
276348457.216721177101	1822104.713913228363	1354278.578805017751	2905571.353753599804	0.78289851228454888	3.06266021262922150	2.53676446053863280
276348457.237971186638	1822064.722723502666	1354237.723507963819	2905615.853099972010	0.78288201547596570	3.06267020792060674	2.53675869597619119
276348457.259221196175	1822024.730760366889	1354196.867861608742	2905660.351303969976	0.78286532367335715	3.06268043113156896	2.53675283483577152
276348457.280471205711	1821984.737975370139	1354156.011772688245	2905704.848391450942	0.78284863192899712	3.06269065442786026	2.53674697389373582
276348457.301721215248	1821944.744366834173	1354115.155320825521	2905749.344366719015	0.78283194024206448	3.06270087779921374	2.53674111313973816
276348457.322971165180	1821904.750039418228	1354074.298541792436	2905793.839095103554	0.78281524861316987	3.06271110125332191	2.53673525258153587
276348457.344221174717	1821864.754789105151	1354033.441273502307	2905838.332835699432	0.78279934180811983	3.06272100122035340	2.53672971737961284
276348457.365471184254	1821824.758696801495	1353992.583611441776	2905882.825464306865	0.78278345905631186	3.06273089136262611	2.53672419230094759
276348457.386721193790	1821784.761835746933	1353951.725569620961	2905927.316926776432	0.78276757635661465	3.06274078157588248	2.53671866740063523
276348457.407971203327	1821744.764123732224	1353910.867111062398	2905971.807314543985	0.78275169370902686	3.06275067186011851	2.53671314267867354
276348457.429221212864	1821704.765619843965	1353870.008272386389	2906016.296560165472	0.78273569464741000	3.06276068274676305	2.53670752888225604
276348457.450471162796	1821664.766351232538	1353829.149146361044	2906060.784575541969	0.78271918477250857	3.06277122245393141	2.53670152373969549
276348457.471721172333	1821624.766187757486	1353788.289524841355	2906105.271579137538	0.78270267486568512	3.06278176229854093	2.53669551875666288
276348457.492971181870	1821584.765219550813	1353747.429487325484	2906149.757460047957	0.78268616501982136	3.06279230222485666	2.53668951397027209
276348457.514221191406	1821544.763433753513	1353706.569060732378	2906194.242210920900	0.78266965523491594	3.06280284223287369	2.53668350938051956
276348457.535471200943	1821504.760808538180	1353665.708249003161	2906238.725861690007	0.78265303304730516	3.06281318382613854	2.53667759285838335
276348457.556721210480	1821464.757363137789	1353624.847039593617	2906283.208370536100	0.78263632237546776	3.06282336922386644	2.53667174571053700
276348457.577971160412	1821424.753229101421	1353583.985526518431	2906327.689657453448	0.78261961176068962	3.06283355469651397	2.53666589875026682
276348457.599221169949	1821384.748171468265	1353543.123522656504	2906372.169937342871	0.78260290120398768	3.06284374025690198	2.53666005199050604
276348457.620471179485	1821344.742273532320	1353502.261107096681	2906416.649106658064	0.78258619070433921	3.06285392589220162	2.53665420541832010
276348457.641721189022	1821304.735580693232	1353461.398325115442	2906461.127126472071	0.78257000348285999	3.06286424985310779	2.53664836368847935
276348457.662971198559	1821264.728050138801	1353420.535140052903	2906505.604047593195	0.78255395230297653	3.06287460981450232	2.53664252334920182
276348457.684221208096	1821224.719710528851	1353379.671548383078	2906550.079832736403	0.78253790118136779	3.06288496985782599	2.53663668320329050
276348457.705471158028	1821184.710656564683	1353338.807644092944	2906594.554408057127	0.78252185020773180	3.06289532992065316	2.53663084327916355
276348457.726721167564	1821144.700692258077	1353297.943262652960	2906639.027952359524	0.78250592819388931	3.06290574439578256	2.53662504671225886
276348457.747971177101	1821104.689847354544	1353257.078505442245	2906683.500389430672	0.78249074209984393	3.06291646859868516	2.53661949680403875
276348457.769221186638	1821064.678251710953	1353216.213296039728	2906727.971718297806	0.78247555606224495	3.06292719286985138	2.53661394707958721
276348457.790471196175	1821024.665824295022	1353175.347720209742	2906772.441903833300	0.78246037008108793	3.06293791720927899	2.53660839753890599
276348457.811721205711	1820984.652607560391	1353134.481772935484	2906816.910959101748	0.78244518415636977	3.06294864161696312	2.53660284818199155
276348457.832971215248	1820944.638496072730	1353093.615409710212	2906861.378920661751	0.78242960914486082	3.06295943131644810	2.53659719144204177
276348457.854221165180	1820904.623722670134	1353052.748795093969	2906905.845603540074	0.78241290948159081	3.06297040960114897	2.53659122400494530
276348457.875471174717	1820864.608017091407	1353011.881644495996	2906950.311312151141	0.78239620988199565	3.06298138797041952	2.53658525677678925
276348457.896721184254	1820824.591533748200	1352971.014091247460	2906994.775891908910	0.78237951034586795	3.06299236642169204	2.53657928975498503
276348457.917971193790	1820784.574168496067	1352930.146157950163	2907039.239358493127	0.78236281087320414	3.06300334495496207	2.53657332293953131
276348457.939221203327	1820744.555999763543	1352889.277813033434	2907083.701708336826	0.78234636866904772	3.06301465474203560	2.53656804874670128
276348457.960471212864	1820704.537066114834	1352848.409101365600	2907128.162909863051	0.78233002681560260	3.06302609373211210	2.53656304476106476
276348457.981721162796	1820664.517349923961	1352807.540073163575	2907172.622900609393	0.78231368510984600	3.06303753272332635	2.53655804101334148
276348458.002971172333	1820624.496749948943	1352766.670540616848	2907217.081885513850	0.78229734336849832	3.06304897184492608	2.53655303744830452
276348458.024221181870	1820584.475322489627	1352725.800632319180	2907261.539740383625	0.78228100168268400	3.06306041102587034	2.53654803408709650
276348458.045471191406	1820544.453061520820	1352684.930312809767	2907305.996477321722	0.78226455828303010	3.06307078921663445	2.53654224182387322
276348458.066721200943	1820504.430054087425	1352644.059594592778	2907350.452092536725	0.78224811176217113	3.06308113433968554	2.53653642510125721
276348458.087971210480	1820464.406147563830	1352603.188469829736	2907394.906600745395	0.78223166529958998	3.06309147954614946	2.53653060857624890
276348458.109221160412	1820424.381575480569	1352562.317104642279	2907439.359836214222	0.78221521889447043	3.06310182482576554	2.53652479223849392
276348458.130471169949	1820384.356474912260	1352521.446591604501	2907483.811489424668	0.78219873672662565	3.06311216593223490	2.53651907001173260
276348458.151721179485	1820344.330154268304	1352480.574305807939	2907528.262626528740	0.78218217964248815	3.06312249821060467	2.53651354454266631
276348458.172971189022	1820304.303027530201	1352439.701599819586	2907572.712635009084	0.78216562261352562	3.06313283056294861	2.53650801926686142
276348458.194221198559	1820264.275044568116	1352398.828522802331	2907617.161518205423	0.78214906563973630	3.06314316298926226	2.53650249418431573
276348458.215471208096	1820224.246236009290	1352357.955077111023	2907661.609264010563	0.78213250872131868	3.06315349549210714	2.53649696929761870
276348458.236721158028	1820184.216760855634	1352317.081284946995	2907706.055808532983	0.78211571884218323	3.06316368126831584	2.53649105166958577
276348458.257971167564	1820144.186342949513	1352276.207031350117	2907750.501332734711	0.78209874065011542	3.06317374866547754	2.53648481681102878
276348458.279221177101	1820104.155090634245	1352235.332402795553	2907794.945701721124	0.78208176251846062	3.06318381615054847	2.53647858214641619
276348458.300471186638	1820064.123041285668	1352194.457321406109	2907839.389010488521	0.78206478444721483	3.06319388372352375	2.53647234767574847
276348458.321721196175	1820024.090169082629	1352153.581896648277	2907883.831138634589	0.78204780643637495	3.06320395138440027	2.53646611339902428
276348458.342971205711	1819984.056479474530	1352112.706043986138	2907928.272187325172	0.78203168295268499	3.06321380943206956	2.53646006418404069
276348458.364221215248	1819944.021967878332	1352071.829811749514	2907972.712092682719	0.78201564764660425	3.06322364593891239	2.53645403421994287
276348458.385471165180	1819903.986761370907	1352030.953278275672	2908017.150770168751	0.78199961239620164	3.06323348251782690	2.53644800442752505
276348458.406721174717	1819863.950590007240	1351990.076263498049	2908061.588433500845	0.78198357720269129	3.06324331918419013	2.53644197482231792
276348458.427971184254	1819823.913632284850	1351949.198863699101	2908106.024973923340	0.78196750343833621	3.06325325003391002	2.53643589734140562
276348458.449221193790	1819783.875853864243	1351908.321025844663	2908150.460403769743	0.78195116850923441	3.06326381741466669	2.53642949509998417
276348458.470471203327	1819743.837249218719	1351867.442816611612	2908194.894709520508	0.78193483364438832	3.06327438487763271	2.53642309304870217
276348458.491721212864	1819703.797812308883	1351826.564200550318	2908239.327903282829	0.78191849884460618	3.06328495243305632	2.53641669119791402
276348458.512971162796	1819663.757735522697	1351785.685290289111	2908283.759839013685	0.78190216420117897	3.06329552001735239	2.53641028957918957
276348458.534221172333	1819623.716671170667	1351744.805938901147	2908328.190753237810	0.78188598820136379	3.06330623655864942	2.53640412364875845
276348458.555471181870	1819583.674791722326	1351703.926144413883	2908372.620576123241	0.78186997000120018	3.06331710111847855	2.53639819206068884
276348458.576721191406	1819543.632139358902	1351663.045940762386	2908417.049270157237	0.78185395186293549	3.06332796575896760	2.53639226067138823
276348458.597971200943	1819503.588635050924	1351622.165356778773	2908461.476852202788	0.78183793369563226	3.06333883052741740	2.53638632943379916
276348458.619221210480	1819463.544308725512	1351581.284393263748	2908505.903290916234	0.78182191568075288	3.06334969532408685	2.53638039843685537
276348458.640471160412	1819423.499263057718	1351540.403123879805	2908550.328519807663	0.78180600637559472	3.06336064064518032	2.53637460729161068
276348458.661721169949	1819383.453305649338	1351499.521373203257	2908594.752711741254	0.78179013668722774	3.06337161550124515	2.53636886729761279
276348458.682971179485	1819343.406555818859	1351458.639202096500	2908639.175792871043	0.78177426705958464	3.06338259043676375	2.53636312750484771
276348458.704221189022	1819303.358979744138	1351417.756659644889	2908683.597749905195	0.78175839749185094	3.06339356544148034	2.53635738790295795
276348458.725471198559	1819263.310572674731	1351376.873714708956	2908728.018600893673	0.78174258734025592	3.06340451539377057	2.53635169819225093
276348458.746721208096	1819223.261346599320	1351335.990376590053	2908772.438315903302	0.78172739219810117	3.06341520503459197	2.53634652348446776
276348458.767971158028	1819183.211411433527	1351295.106759892777	2908816.856789745390	0.78171219710787687	3.06342589473030191	2.53634134895191998
276348458.789221167564	1819143.160528539680	1351254.222625678172	2908861.274270082824	0.78169700207038817	3.06343658449114953	2.53633617460496730
276348458.810471177101	1819103.108878920553	1351213.338080025511	2908905.690627510659	0.78168180708583401	3.06344727431969366	2.53633100044619786
276348458.831721186638	1819063.056388895260	1351172.453185657505	2908950.105847545434	0.78166630403561843	3.06345798337984876	2.53632572098609188
276348458.852971196175	1819023.003063974204	1351131.567875915207	2908994.519943710417	0.78164952823650857	3.06346877172371368	2.53632000600187091
276348458.874221205711	1818982.948947309051	1351090.682147320360	2909038.932948311791	0.78163275249698438	3.06347956014313816	2.53631429121880503
276348458.895471215248	1818942.893998768413	1351049.796052480349	2909083.344809578732	0.78161597681724571	3.06349034864067926	2.53630857663948062
276348458.916721165180	1818902.838350957027	1351008.909665847197	2909127.755429679528	0.78159920129166238	3.06350113715920180	2.53630286229938262
276348458.937971174717	1818862.781783704413	1350968.022779305466	2909172.165056048427	0.78158297220153772	3.06351167674090874	2.53629706329644078
276348458.959221184254	1818822.724384569097	1350927.135463726707	2909216.573565903120	0.78156702596233396	3.06352208750701482	2.53629122058476497
276348458.980471193790	1818782.666161055909	1350886.247783908388	2909260.980944305658	0.78155107978130633	3.06353249835200581	2.53628537806344267
276348459.001721203327	1818742.607151137898	1350845.359719153726	2909305.387199797668	0.78153513365784644	3.06354290926818917	2.53627953572470322
276348459.022971212864	1818702.547280592844	1350804.471230079653	2909349.792343530804	0.78151918759275674	3.06355332026581406	2.53627369357890808
276348459.044221162796	1818662.486740801949	1350763.582511628978	2909394.196220462676	0.78150257839275961	3.06356370881597595	2.53626713899076206
276348459.065471172333	1818622.425226244377	1350722.693262431771	2909438.599110060837	0.78148589991631390	3.06357409510661949	2.53626051009072073
276348459.086721181870	1818582.362983497558	1350681.803583904169	2909483.000871991739	0.78146922150609877	3.06358448149532814	2.53625388139219554
276348459.107971191406	1818542.299833015772	1350640.913516550558	2909527.401532860473	0.78145254316170432	3.06359486797697445	2.53624725289000885
276348459.129221200943	1818502.235933390679	1350600.023104835069	2909571.801033302676	0.78143606922789388	3.06360511310071226	2.53624060195173140
276348459.150471210480	1818462.171174419113	1350559.132273127325	2909616.199427926913	0.78142017589025548	3.06361495648192106	2.53623388692105722
276348459.171721160412	1818422.105720481370	1350518.241140286205	2909660.596594678238	0.78140428270380902	3.06362479989613634	2.53622717210473869
276348459.192971169949	1818382.039317475399	1350477.349548494676	2909704.992735167500	0.78138838949010392	3.06363464345214265	2.53622045742576452
276348459.214221179485	1818341.972110426985	1350436.457504782127	2909749.387790261768	0.78137249633896699	3.06364448710322979	2.53621374293041280
276348459.235471189022	1818301.904100211803	1350395.565090166638	2909793.781697264872	0.78135630692489277	3.06365440070265782	2.53620718784467636
276348459.256721198559	1818261.835296213161	1350354.672313712770	2909838.174460710026	0.78133980775499445	3.06366438744031910	2.53620079943606225
276348459.277971208096	1818221.765619414160	1350313.779078642605	2909882.566151093226	0.78132330864564459	3.06367437426338673	2.53619441121213818
276348459.299221158028	1818181.695281879976	1350272.885596693493	2909926.956568737049	0.78130680959683874	3.06368436117185983	2.53618802317290637
276348459.320471167564	1818141.623969552340	1350231.991646843962	2909971.345972227864	0.78129031060897747	3.06369434817085651	2.53618163532354624
276348459.341721177101	1818101.551912534051	1350191.097242739284	2910015.734273457900	0.78127432761075699	3.06370455498698657	2.53617521606575780
276348459.362971186638	1818061.479002210079	1350150.202454111772	2910060.121456758585	0.78125843791283955	3.06371480159247778	2.53616879127735650
276348459.384221196175	1818021.405219660373	1350109.307272449369	2910104.507526885718	0.78124254827758444	3.06372504828841086	2.53616236667895834
276348459.405471205711	1817981.331122684292	1350068.413097905461	2910148.891867071390	0.78122665870418162	3.06373529506453490	2.53615594226019914
276348459.426721215248	1817941.255757305538	1350027.517160946736	2910193.275658846367	0.78121074196560381	3.06374556298525347	2.53614951913717945
276348459.447971165180	1817901.179695645114	1349986.620918586850	2910237.658216806594	0.78119443289521540	3.06375613442509209	2.53614311217771249
276348459.469221174717	1817861.102674621623	1349945.724190047942	2910282.039779852144	0.78117812379767804	3.06376670600811174	2.53613670537391567
276348459.490471184254	1817821.024859789992	1349904.827036913950	2910326.420226154849	0.78116181476515134	3.06377727768351393	2.53613029877033780
276348459.511721193790	1817780.946222262224	1349863.929501634790	2910370.799542420078	0.78114550579702557	3.06378784944361193	2.53612389235920821
276348459.532971203327	1817740.866769541055	1349823.031586215133	2910415.177740529180	0.78112966043368903	3.06379814789190252	2.53611763400398971
276348459.554221212864	1817700.786510589765	1349782.133250823710	2910459.554810013622	0.78111441080889943	3.06380809508384333	2.53611156583865194
276348459.575471162796	1817660.705540755996	1349741.234654956963	2910503.930636918172	0.78109916124044121	3.06381804234967081	2.53610549784329731
276348459.596721172333	1817620.623616897035	1349700.335544022731	2910548.305464376695	0.78108391172851288	3.06382798969194425	2.53609943002051841
276348459.617971181870	1817580.540927518625	1349659.436026095413	2910592.679174867459	0.78106866227351324	3.06383793711578312	2.53609336237549732
276348459.639221191406	1817540.457389722345	1349618.536117073847	2910637.051767428871	0.78105277186448241	3.06384856577451892	2.53608743530353919
276348459.660471200943	1817500.373035422992	1349577.635823623044	2910681.423235894646	0.78103656860729131	3.06385952701930631	2.53608157696470737
276348459.681721210480	1817460.287849174580	1349536.735164054902	2910725.793561026920	0.78102036541172604	3.06387048834188258	2.53607571882577343
276348459.702971160412	1817420.201981352409	1349495.834179279627	2910770.162652346306	0.78100416236914327	3.06388144968670195	2.53606986092561826
276348459.724221169949	1817380.115184184397	1349454.932707960019	2910814.530749933328	0.78098798778646028	3.06389240899417148	2.53606401792173353
276348459.745471179485	1817340.027579027228	1349414.030834696023	2910858.897717485204	0.78097287857872066	3.06390328730554762	2.53605872620544037
276348459.766721189022	1817299.939107678365	1349373.128603885416	2910903.263559753075	0.78095776942509465	3.06391416567578778	2.53605343466893585
276348459.787971198559	1817259.849896498723	1349332.225912279217	2910947.628299759701	0.78094266032638160	3.06392504411513400	2.53604814332258899
276348459.809221208096	1817219.759789526695	1349291.322904047091	2910991.991881953087	0.78092755128177460	3.06393592261333847	2.53604285215603076
276348459.830471158028	1817179.669024366420	1349250.419594819890	2911036.354230105877	0.78091223498872786	3.06394677023941009	2.53603744963535283
276348459.851721167564	1817139.577335327165	1349209.515732432483	2911080.715598050039	0.78089552329232381	3.06395740971919350	2.53603129650576253
276348459.872971177101	1817099.484810706694	1349168.611514872639	2911125.075828602538	0.78087881165866513	3.06396804928156508	2.53602514357427955
276348459.894221186638	1817059.391496564960	1349127.706863398198	2911169.434955707751	0.78086210008794987	3.06397868892908187	2.53601899084349469
276348459.915471196175	1817019.297296439065	1349086.801882089814	2911213.792925000191	0.78084538858017360	3.06398932866173990	2.53601283831340751
276348459.936721205711	1816979.202387808124	1349045.896443901351	2911258.149799155537	0.78082899496646085	3.06399929891390999	2.53600675415367194
276348459.957971215248	1816939.106567475712	1349004.990666915663	2911302.505527609028	0.78081281817864445	3.06400881258483881	2.53600071666820970
276348459.979221165180	1816899.010088944109	1348964.084588958882	2911346.860022020526	0.78079664153615314	3.06401832628634718	2.53599467939557854
276348460.000471174717	1816858.912662548246	1348923.177993697114	2911391.213522930164	0.78078046485695296	3.06402784011840046	2.53598864226118570
276348460.021721184254	1816818.814481304726	1348882.271059284685	2911435.565844177268	0.78076428823205735	3.06403735403101063	2.53598260530232622
276348460.042971193790	1816778.715434686979	1348841.363668373553	2911479.917104247026	0.78074763920766443	3.06404730666473935	2.53597617333929204
276348460.064221203327	1816738.615556082223	1348800.455911405385	2911524.267220984213	0.78073090439714798	3.06405733909245770	2.53596966975925486
276348460.085471212864	1816698.514849372907	1348759.547738497844	2911568.616239028517	0.78071416964884710	3.06406737161131515	2.53596316636994112
276348460.106721162796	1816658.413485474186	1348718.639307911508	2911612.963978393003	0.78069743496275557	3.06407740422130948	2.53595666317135349
276348460.127971172333	1816618.311179331504	1348677.730354959145	2911657.310743488837	0.78068084881391320	3.06408736941204696	2.53595022542093051
276348460.149221181870	1816578.208051005611	1348636.821022743825	2911701.656365253031	0.78066484842099770	3.06409706839247375	2.53594404529214623
276348460.170471191406	1816538.104084755061	1348595.911287821364	2911746.000888324343	0.78064884808422041	3.06410676744975552	2.53593786533498866
276348460.191721200943	1816497.999336177949	1348555.001160003478	2911790.344269250520	0.78063284780437936	3.06411646659413162	2.53593168555982951
276348460.212971210480	1816457.893721367931	1348514.090611904860	2911834.686551710125	0.78061684758067118	3.06412616581535513	2.53592550595629618
276348460.234221160412	1816417.787478959188	1348473.179828031221	2911879.027561202645	0.78060058360965678	3.06413609364610595	2.53591914443504773
276348460.255471169949	1816377.680261649890	1348432.268513625488	2911923.367583360989	0.78058397505304944	3.06414632006115051	2.53591254525604981
276348460.276721179485	1816337.572202067589	1348391.356805921532	2911967.706493532285	0.78056736656071646	3.06415654656824010	2.53590594626975996
276348460.297971189022	1816297.463350337464	1348350.444718557410	2912012.044261555653	0.78055075813265473	3.06416677316737029	2.53589934747617773
276348460.319221198559	1816257.353720606770	1348309.532228926430	2912056.380900727119	0.78053414976886115	3.06417699985853753	2.53589274887530358
276348460.340471208096	1816217.243248596555	1348268.619346006308	2912100.716427913401	0.78051807980410493	3.06418716317463824	2.53588592779696453
276348460.361721158028	1816177.132061751094	1348227.706189810298	2912145.050694693346	0.78050215667854417	3.06419730927693879	2.53587904619107318
276348460.382971167564	1816137.019956600619	1348186.792538264068	2912189.383973686025	0.78048623361887648	3.06420745547457418	2.53587216477159405
276348460.404221177101	1816096.907020720886	1348145.878462219844	2912233.716142104007	0.78047031062489980	3.06421760176498026	2.53586528353593321
276348460.425471186638	1816056.793268265203	1348104.964001870947	2912278.047186425421	0.78045438612014806	3.06422775114869861	2.53585840632815973
276348460.446721196175	1816016.678696639603	1348064.049148611026	2912322.377094768453	0.78043813649203875	3.06423851956236959	2.53585232225299029
276348460.467971205711	1815976.563309730496	1348023.133915357990	2912366.705884955823	0.78042188692654513	3.06424928805771835	2.53584623837517986
276348460.489221215248	1815936.447144804290	1347982.218279864872	2912411.033546291292	0.78040563742366453	3.06426005663473999	2.53584015469472757
276348460.510471165180	1815896.330245518126	1347941.302359845955	2912455.359965274110	0.78038938807501346	3.06427082523896477	2.53583407125178217
276348460.531721174717	1815856.212414214853	1347900.385944801616	2912499.685378643218	0.78037323609023801	3.06428150119289944	2.53582799448225593
276348460.552971184254	1815816.093804434873	1347859.469149838900	2912544.009667690378	0.78035724481651103	3.06429202418605362	2.53582192866309741
276348460.574221193790	1815775.974352806574	1347818.551939314231	2912588.332840221468	0.78034125360304074	3.06430254725418072	2.53581586302897444
276348460.595471203327	1815735.854080242570	1347777.634353908943	2912632.654875361361	0.78032526245062206	3.06431307040751655	2.53580979759026137
276348460.616721212864	1815695.733008281561	1347736.716347916983	2912676.975807053037	0.78030927135845429	3.06432359363581863	2.53580373233658252
276348460.637971162796	1815655.611173650483	1347695.798102639150	2912721.295469802339	0.78029332835629273	3.06433423133623029	2.53579747053869298
276348460.659221172333	1815615.488461835077	1347654.879289923934	2912765.614178706426	0.78027741646118942	3.06434494305808380	2.53579108178024226
276348460.680471181870	1815575.365375963040	1347613.961525814841	2912809.931123950053	0.78026150463096489	3.06435565486478412	2.53578469321442990
276348460.701721191406	1815535.241028353572	1347573.041935963091	2912854.247572780587	0.78024559286561512	3.06436636675632768	2.53577830484125455
276348460.722971200943	1815495.115860259393	1347532.122011743253	2912898.562852871139	0.78022968116513969	3.06437707873270870	2.53577191666071533
276348460.744221210480	1815454.989863994299	1347491.201671687420	2912942.877034272067	0.78021478907596009	3.06438713348353309	2.53576632630872556
276348460.765471160412	1815414.863168306882	1347450.281040109694	2912987.189974504057	0.78019993827528999	3.06439716171719789	2.53576076835636499
276348460.786721169949	1815374.735550379613	1347409.359900337411	2913031.501909125131	0.78018508744303983	3.06440719007058915	2.53575521053840669
276348460.807971179485	1815334.607142849592	1347368.438389596529	2913075.812713479623	0.78017023666278495	3.06441721849083004	2.53574965288945853
276348460.829221189022	1815294.477863389999	1347327.516463762615	2913120.122400134802	0.78015523452815616	3.06442728042310897	2.53574401062678101
276348460.850471198559	1815254.347835481865	1347286.594157630345	2913164.430963650811	0.78013824946769539	3.06443778047367621	2.53573725814152251
276348460.871721208096	1815214.216936937068	1347245.671440716833	2913208.738415407948	0.78012126447510743	3.06444828062096430	2.53573050585811899
276348460.892971158028	1815174.085365966661	1347204.748445572099	2913253.044619829860	0.78010427955018979	3.06445878086240953	2.53572375377397430
276348460.914221167564	1815133.952875059564	1347163.824989843648	2913297.349779937882	0.78008729469353888	3.06446928120568396	2.53571700189686977
276348460.935471177101	1815093.819534598850	1347122.901099940063	2913341.653866760898	0.78007083365037522	3.06447970083980215	2.53571018490572975
276348460.956721186638	1815053.685386015801	1347081.976808304200	2913385.956823544577	0.78005482465041931	3.06449005084461712	2.53570331175010422
276348460.977971196175	1815013.550434122793	1347041.052146019414	2913430.258632241283	0.78003881571713762	3.06450040093744391	2.53569643877742212
276348460.999221205711	1814973.414661528310	1347000.127069949172	2913474.559354128316	0.78002280685112746	3.06451075112595461	2.53568956599546391
276348461.020471215248	1814933.278055560775	1346959.201623672154	2913518.858926740009	0.78000679805218587	3.06452110140758682	2.53568269340163477
276348461.041721165180	1814893.140775858192	1346918.275894877734	2913563.157246077433	0.77999031444637978	3.06453137832298106	2.53567583314359979
276348461.062971174717	1814853.002535322448	1346877.349675888196	2913607.454564556014	0.77997369424831708	3.06454163428262971	2.53566897651728373
276348461.084221184254	1814812.863506443566	1346836.423027475132	2913651.750785530545	0.77995707411703608	3.06455189033866571	2.53566212008445868
276348461.105471193790	1814772.723684043624	1346795.495995227247	2913696.045858414844	0.77994045405253365	3.06456214649108327	2.53565526384512285
276348461.126721203327	1814732.583019288955	1346754.568569818744	2913740.339819314424	0.77992388223161235	3.06457237588756692	2.53564844934757350
276348461.147971212864	1814692.441523740534	1346713.640782832401	2913784.632642821409	0.77990760281767857	3.06458244243350419	2.53564188715943883
276348461.169221162796	1814652.299342884915	1346672.712681771955	2913828.924238455482	0.77989132346602474	3.06459250906650027	2.53563532515493018
276348461.190471172333	1814612.156212743605	1346631.784122113138	2913873.214807828888	0.77987504417704434	3.06460257579166839	2.53562876333923626
276348461.211721181870	1814572.012291656109	1346590.855124445632	2913917.504267813172	0.77985876495053708	3.06461264260644617	2.53562220170976182
276348461.232971191406	1814531.867528202012	1346549.925733634504	2913961.792615811341	0.77984252245316865	3.06462281821880289	2.53561566720620135
276348461.254221200943	1814491.721989250509	1346508.995949314674	2914006.079846839886	0.77982634147774554	3.06463317612988506	2.53560917804623998
276348461.275471210480	1814451.575615603710	1346468.065790522844	2914050.365922654048	0.77981016056599284	3.06464353412886004	2.53560268907622044
276348461.296721160412	1814411.428532231599	1346427.135375811253	2914094.650761827826	0.77979397971771069	3.06465389221316631	2.53559620029354527
276348461.317971169949	1814371.280499552609	1346386.204439725960	2914138.934601558372	0.77977779893329302	3.06466425038791623	2.53558971170340497
276348461.339221179485	1814331.131701625185	1346345.273074618308	2914183.217319791205	0.77976217866678255	3.06467453144267443	2.53558371293520635
276348461.360471189022	1814290.982048469130	1346304.341343305074	2914227.498918683268	0.77974677133097758	3.06468478324735916	2.53557790032110386
276348461.381721198559	1814250.831603061175	1346263.409232503735	2914271.779375428334	0.77973136405121313	3.06469503512531016	2.53557208788590582
276348461.402971208096	1814210.680342270294	1346222.476679059211	2914316.058740835637	0.77971595682748651	3.06470528707652390	2.53556627562961179
276348461.424221158028	1814170.528367863968	1346181.543919598917	2914360.336824964732	0.77970054974648795	3.06471553904686900	2.53556046358825826
276348461.445471167564	1814130.375472432235	1346140.610593565274	2914404.613936237525	0.77968425501702532	3.06472645209371919	2.53555436631868281
276348461.466721177101	1814090.221730733057	1346099.676924312254	2914448.889890883118	0.77966790574446598	3.06473740588506871	2.53554825169383857
276348461.487971186638	1814050.067216095515	1346058.742807395989	2914493.164767259732	0.77965155653597895	3.06474835975908100	2.53554213727063482
276348461.509221196175	1814009.911879602820	1346017.808351929998	2914537.438468957320	0.77963520739156067	3.06475931371575250	2.53553602304907111
276348461.530471205711	1813969.755714863772	1345976.873480758630	2914581.711071963888	0.77961913877885491	3.06477000086655726	2.53552975473993225
276348461.551721215248	1813929.598733440740	1345935.938225462567	2914625.982550874818	0.77960368056756879	3.06478010731376127	2.53552315086089308
276348461.572971165180	1813889.441051230766	1345895.002674456919	2914670.252782676835	0.77958822241846670	3.06479021384417250	2.53551654715696406
276348461.594221174717	1813849.282406832324	1345854.066629042616	2914714.522007679567	0.77957276433194300	3.06480032046290285	2.53550994363333393
276348461.615471184254	1813809.123013911070	1345813.130203449400	2914758.790109545458	0.77955730630779652	3.06481042716739127	2.53550334028740920
276348461.636721193790	1813768.962771094637	1345772.193382765166	2914803.057087542955	0.77954147611208091	3.06482084191220228	2.53549692019674389
276348461.657971203327	1813728.801736821653	1345731.256146472646	2914847.322960679419	0.77952533869508622	3.06483151097016959	2.53549065143755081
276348461.679221212864	1813688.639870873420	1345690.318522053072	2914891.587685956620	0.77950920134124102	3.06484218010711196	2.53548438286761879
276348461.700471162796	1813648.477263802662	1345649.380637917202	2914935.851167465560	0.77949306414212982	3.06485284927678192	2.53547811453592242
276348461.721721172333	1813608.313770649489	1345608.442243007943	2914980.113650491927	0.77947692691556814	3.06486351858444772	2.53547184635748302
276348461.742971181870	1813568.149459498469	1345567.503459703410	2915024.375003478955	0.77946119522902801	3.06487358288750311	2.53546585936302993
276348461.764221191406	1813527.984320077579	1345526.564260729123	2915068.635257774498	0.77944550704342719	3.06488358243589509	2.53545990265391730
276348461.785471200943	1813487.818393260939	1345485.624675733503	2915112.894369923975	0.77942981891406005	3.06489358206369955	2.53545394612549035
276348461.806721210480	1813447.651624504011	1345444.684738157783	2915157.152338739485	0.77941413084032707	3.06490358176323996	2.53544798976995978
276348461.827971160412	1813407.484149563825	1345403.744471035665	2915201.409091794863	0.77939842853341945	3.06491358796770763	2.53544202968081800
276348461.849221169949	1813367.315765130101	1345362.803731792141	2915245.664819772355	0.77938151891399876	3.06492413740084002	2.53543573926317967
276348461.870471179485	1813327.146552415565	1345321.862576895393	2915289.919449060224	0.77936460935822849	3.06493468692242566	2.53542944904699619
276348461.891721189022	1813286.976533255074	1345280.921065205242	2915334.172922903206	0.77934769986610775	3.06494523653245876	2.53542315903226356
276348461.912971198559	1813246.805683215847	1345239.979129260406	2915378.425286175217	0.77933079043762943	3.06495578623093667	2.53541686921898490
276348461.934221208096	1813206.634057613788	1345199.036799914204	2915422.676532475743	0.77931435039618435	3.06496598283070831	2.53541076335766835
276348461.955471158028	1813166.462145372061	1345158.095573514467	2915466.925947443582	0.77929842631344215	3.06497579128960540	2.53540485967110296
276348461.976721167564	1813126.288890404394	1345117.152505619219	2915511.174908265937	0.77928250219529005	3.06498559987218666	2.53539895612031829
276348461.997971177101	1813086.114757015370	1345076.209008462727	2915555.422800556757	0.77926657813171873	3.06499540853191954	2.53539305274705651
276348462.019221186638	1813045.939850073773	1345035.265141697833	2915599.669513413683	0.77925065412312078	3.06500521727391462	2.53538714955651034
276348462.040471196175	1813005.764121789485	1344994.320858498802	2915643.915152755566	0.77923425955493020	3.06501519382488086	2.53538100694450375
276348462.061721205711	1812965.587583965855	1344953.376169457100	2915688.159656120464	0.77921768452171847	3.06502523480829803	2.53537477261838085
276348462.082971215248	1812925.410252525937	1344912.431096734246	2915732.403011397459	0.77920110954802402	3.06503527587749325	2.53536853848106869
276348462.104221165180	1812885.232161651831	1344871.485795046436	2915776.645128848962	0.77918453463324910	3.06504531702479355	2.53536230452477929
276348462.125471174717	1812845.053180277813	1344830.539929273538	2915820.886261338368	0.77916797802198756	3.06505531823374611	2.53535602964694284
276348462.146721184254	1812804.873393730726	1344789.593711053487	2915865.126244325656	0.77915164039670293	3.06506483917589589	2.53534926155935869
276348462.167971193790	1812764.692777576856	1344748.647072923137	2915909.365122681484	0.77913530283191035	3.06507436021134128	2.53534249364951725
276348462.189221203327	1812724.511348274071	1344707.700039874064	2915953.602870999370	0.77911896532780567	3.06508388134263310	2.53533572592001155
276348462.210471212864	1812684.329078294337	1344666.752658608137	2915997.839481926523	0.77910262788379114	3.06509340256210017	2.53532895836305450
276348462.231721162796	1812644.146127807675	1344625.804956824519	2916042.074864981230	0.77908623848696568	3.06510318831107709	2.53532231094944649
276348462.252971172333	1812603.962269081036	1344584.856787293917	2916086.309228900820	0.77906973190151296	3.06511356889047226	2.53531593332610550
276348462.274221181870	1812563.777578143403	1344543.908189261798	2916130.542476307135	0.77905322537902943	3.06512394955766254	2.53530955589669249
276348462.295471191406	1812523.592057602247	1344502.959234144073	2916174.774592261296	0.77903671891951376	3.06513433031264171	2.53530317866120480
276348462.316721200943	1812483.405752190156	1344462.009838901926	2916219.005604770500	0.77902021252315956	3.06514471115796416	2.53529680162224080
276348462.337971210480	1812443.218590648379	1344421.060113770422	2916263.235460649710	0.77900364978956826	3.06515546377635539	2.53529094877867278
276348462.359221160412	1812403.030753479106	1344380.110061547020	2916307.464088659734	0.77898705812569302	3.06516640752701486	2.53528536548450667
276348462.380471169949	1812362.841999555938	1344339.159496288747	2916351.691730291583	0.77897046652049262	3.06517735135015368	2.53527978239168483
276348462.401721179485	1812322.652413424803	1344298.208565351320	2916395.918228591792	0.77895387497416113	3.06518829524832581	2.53527419950280608
276348462.422971189022	1812282.462007458322	1344257.257264160784	2916440.143595441710	0.77893728348709068	3.06519923922663828	2.53526861682306048
276348462.444221198559	1812242.270800640574	1344216.305538341636	2916484.367852904368	0.77892125968693682	3.06521023847082841	2.53526251178788220
276348462.465471208096	1812202.078786832280	1344175.353415361373	2916528.590986269992	0.77890531117116391	3.06522124511567817	2.53525633770921255
276348462.486721158028	1812161.886078838492	1344134.401034973096	2916572.812847123481	0.77888936280944909	3.06523225178119407	2.53525016386369417
276348462.507971167564	1812121.692411148688	1344093.448168948293	2916617.033713061363	0.77887341442252600	3.06524325858665936	2.53524399017778324
276348462.529221177101	1812081.497965245275	1344052.494901007740	2916661.253450146411	0.77885776428266285	3.06525406961120073	2.53523785956080516
276348462.550471186638	1812041.302654728061	1344011.541220274754	2916705.472081413958	0.77884298261214235	3.06526431029616520	2.53523185398352879
276348462.571721196175	1812001.106557509629	1343970.587155119982	2916749.689589771442	0.77882820099832717	3.06527455104917523	2.53522584857277922
276348462.592971205711	1811960.909637843957	1343929.632711132523	2916793.905954797752	0.77881341944200688	3.06528479188045067	2.53521984333894235
276348462.614221215248	1811920.711917312583	1343888.677842541598	2916838.121210433077	0.77879863794238613	3.06529503277976589	2.53521383827163005
276348462.635471165180	1811880.513477691915	1343847.722734246403	2916882.335216136184	0.77878325729417508	3.06530540648279581	2.53520770559361042
276348462.656721174717	1811840.314113030676	1343806.767109476496	2916926.548204344232	0.77876724868263070	3.06531591938338810	2.53520143917560814
276348462.677971184254	1811800.113945723046	1343765.811078150757	2916970.760081751738	0.77875124013339292	3.06532643236735192	2.53519517294790830
276348462.699221193790	1811759.912961623399	1343724.854662887054	2917014.970835062210	0.77873523164645775	3.06533694543468416	2.53518890691050958
276348462.720471203327	1811719.711166912457	1343683.897861400386	2917059.180470219813	0.77871922322201881	3.06534745858793700	2.53518264106601032
276348462.741721212864	1811679.508541737450	1343642.940676250495	2917103.388963456266	0.77870366186107143	3.06535708410498042	2.53517640925397991
276348462.762971162796	1811639.305239614332	1343601.983222566079	2917147.596196063794	0.77868818463968514	3.06536654284594690	2.53517018401487437
276348462.784221172333	1811599.101009130012	1343561.025224335492	2917191.802467697766	0.77867270738555705	3.06537600171146751	2.53516395889945301
276348462.805471181870	1811558.895946398843	1343520.066860489082	2917236.007596001495	0.77865723018616428	3.06538546065696860	2.53515773395127164
276348462.826721191406	1811518.690061196685	1343479.108117854223	2917280.211580971722	0.77864175304190253	3.06539491968755584	2.53515150917552168
276348462.847971200943	1811478.483367145993	1343438.148970974842	2917324.414449199568	0.77862445212948472	3.06540528559652348	2.53514501983170915
276348462.869221210480	1811438.275871728314	1343397.189421875170	2917368.616212569643	0.77860705690987020	3.06541569852137830	2.53513851699338533
276348462.890471160412	1811398.067648421740	1343356.229626787826	2917412.816708180588	0.77858966175513356	3.06542611153834343	2.53513201435722291
276348462.911721169949	1811357.858546088682	1343315.269299336243	2917457.016193424817	0.77857226666586277	3.06543652465508165	2.53512551193101610
276348462.932971179485	1811317.648605598137	1343274.308569584973	2917501.214579976164	0.77855497923854555	3.06544674451219556	2.53511944211258644
276348462.954221189022	1811277.437829771778	1343233.347487981664	2917545.411815843079	0.77853784389921543	3.06545669125924913	2.53511398347457018
276348462.975471198559	1811237.226254347013	1343192.385986134177	2917589.607948261313	0.77852070861187128	3.06546663807652520	2.53510852502417272
276348462.996721208096	1811197.013856430305	1343151.424105522688	2917633.802937348839	0.77850357337729781	3.06547658497424091	2.53510306677178621
276348463.017971158028	1811156.800765871536	1343110.461932890816	2917677.996710445266	0.77848643829109099	3.06548653188974951	2.53509760874107215
276348463.039221167564	1811116.586767981062	1343069.499273143709	2917722.189446585253	0.77846962954958920	3.06549664904665198	2.53509172607294442
276348463.060471177101	1811076.371926252265	1343028.536216247128	2917766.381064796820	0.77845298870868040	3.06550685376413368	2.53508562514806046
276348463.081721186638	1811036.156272579217	1342987.572768883780	2917810.571558912285	0.77843634792727956	3.06551705856805068	2.53507952441798823
276348463.102971196175	1810995.939805150498	1342946.608923905296	2917854.760936286300	0.77841970720478981	3.06552726345073445	2.53507342387493395
276348463.124221205711	1810955.722556372872	1342905.644690844463	2917898.949177455157	0.77840307841816037	3.06553746531864713	2.53506733408512419
276348463.145471215248	1810915.504453976639	1342864.680073823081	2917943.136300695594	0.77838721784724907	3.06554746650419885	2.53506192723706825
276348463.166721165180	1810875.285669711186	1342823.715194921009	2917987.322163305245	0.77837135732747154	3.06555746775868654	2.53505652056860376
276348463.187971174717	1810835.065911512822	1342782.749790317845	2918031.507044522092	0.77835549685902272	3.06556746908466105	2.53505111408232731
276348463.209221184254	1810794.845426460262	1342741.784001832362	2918075.690772669856	0.77833963644170057	3.06557747047956575	2.53504570777564320
276348463.230471193790	1810754.624074434629	1342700.817815870047	2918119.873406880070	0.77832372861618859	3.06558758693891642	2.53504001097990228
276348463.251721203327	1810714.402374061057	1342659.852625010069	2918164.054292139597	0.77830767375099663	3.06559805990677470	2.53503341344673538
276348463.272971212864	1810674.179385748226	1342618.885662739165	2918208.234666275792	0.77829161895096499	3.06560853296356495	2.53502681610395353
276348463.294221162796	1810633.955723516876	1342577.918418277521	2918252.413787136786	0.77827556430641520	3.06561900605390836	2.53502021899200303
276348463.315471172333	1810593.731103791157	1342536.950673127547	2918296.591901198495	0.77825950963689028	3.06562947929110452	2.53501362203258962
276348463.336721181870	1810553.505696005188	1342495.982539361110	2918340.768886409700	0.77824367938777828	3.06563978013900584	2.53500706498358541
276348463.357971191406	1810513.279456712771	1342455.014003927354	2918384.944765575696	0.77822799872970005	3.06564996612916785	2.53500053459886487
276348463.379221200943	1810473.052413915517	1342414.045098193688	2918429.119496652391	0.77821231813350211	3.06566015220003640	2.53499400439029676
276348463.400471210480	1810432.824578168103	1342373.075772845419	2918473.293116929475	0.77819663759996782	3.06567033836182512	2.53498747436827587
276348463.421721160412	1810392.596004722640	1342332.106214760337	2918517.465469449293	0.77818095712810997	3.06568052460175977	2.53498094451980727
276348463.442971169949	1810352.366506940220	1342291.136104195146	2918561.636841762345	0.77816502753208905	3.06569118747509384	2.53497468366675038
276348463.464221179485	1810312.136208239943	1342250.165631953627	2918605.807077868842	0.77814904374437877	3.06570195418085722	2.53496848152751486
276348463.485471189022	1810271.905076722382	1342209.194753760239	2918649.976201988757	0.77813306002027449	3.06571272097393344	2.53496227958759457
276348463.506721198559	1810231.673141688108	1342168.223505285569	2918694.144178021234	0.77811707635898442	3.06572348784410176	2.53495607783659382
276348463.527971208096	1810191.440413691569	1342127.251837219577	2918738.311043254100	0.77810112145277088	3.06573417233372458	2.53494992374528216
276348463.549221158028	1810151.206968311686	1342086.279911538353	2918782.476659964770	0.77808528557426238	3.06574451515294477	2.53494396652169129
276348463.570471167564	1810110.972621215507	1342045.307493700646	2918826.641258955002	0.77806944966455749	3.06575485810181680	2.53493800944390157
276348463.591721177101	1810070.737395252800	1342004.334685862297	2918870.804738831241	0.77805361381314464	3.06576520113080031	2.53493205255396736
276348463.612971186638	1810030.501406413736	1341963.361457969761	2918914.967109092046	0.77803777801982488	3.06577554423733778	2.53492609584928719
276348463.634221196175	1809990.264585249359	1341922.387864596443	2918959.128336021211	0.77802165687079006	3.06578602906205200	2.53492019183495332
276348463.655471205711	1809950.026971617248	1341881.413892097073	2919003.288420803379	0.77800515268898085	3.06579670407993543	2.53491435848936275
276348463.676721215248	1809909.788503814256	1341840.439495275030	2919047.447419004049	0.77798864856668715	3.06580737917658164	2.53490852534222100
276348463.697971165180	1809869.549363357481	1341799.464820622699	2919091.605169869494	0.77797214450370955	3.06581805434943311	2.53490269239092791
276348463.719221174717	1809829.309302643640	1341758.489685898414	2919135.761876423843	0.77795564050063426	3.06582872960614639	2.53489685964328038
276348463.740471184254	1809789.068431991851	1341717.514103765367	2919179.917510876432	0.77794009805444686	3.06583906298689035	2.53489137574259615
276348463.761721193790	1809748.826749039348	1341676.538170278305	2919224.071970651392	0.77792482413925113	3.06584930095796571	2.53488598938046650
276348463.782971203327	1809708.584200846497	1341635.561821348267	2919268.225337902550	0.77790955027536235	3.06585953899001629	2.53488060318990671
276348463.804221212864	1809668.340896943817	1341594.585093416274	2919312.377556840423	0.77789427646356302	3.06586977709325215	2.53487521718131470
276348463.825471162796	1809628.096843746724	1341553.608101223130	2919356.528533423785	0.77787900278900857	3.06588001520339937	2.53486983137794164
276348463.846721172333	1809587.851904743351	1341512.630601473153	2919400.678498228546	0.77786220470377421	3.06589052505459003	2.53486348468688893
276348463.867971181870	1809547.606153218076	1341471.652708525769	2919444.827352231834	0.77784520742965135	3.06590107053050920	2.53485701259159057
276348463.889221191406	1809507.359552092617	1341430.674423703691	2919488.975069071632	0.77782821031695404	3.06591161605028262	2.53485054074626914
276348463.910471200943	1809467.112164157443	1341389.695754654473	2919533.121663000435	0.77781121326908531	3.06592216165692033	2.53484406909817972
276348463.931721210480	1809426.863969070138	1341348.716688696994	2919577.267132833600	0.77779442291340040	3.06593236927425838	2.53483746881024796
276348463.952971160412	1809386.615041128593	1341307.737383489730	2919621.411334910896	0.77777801635575461	3.06594194920804730	2.53483062951749449
276348463.974221169949	1809346.365201136097	1341266.757496121107	2919665.554577428382	0.77776160976702080	3.06595152928448345	2.53482379035977035
276348463.995471179485	1809306.114547828445	1341225.777276934125	2919709.696663092356	0.77774520323988483	3.06596110945830524	2.53481695138408147
276348464.016721189022	1809265.863076305483	1341184.796669716248	2919753.837618718855	0.77772879677414997	3.06597068972695475	2.53481011258782640
276348464.037971198559	1809225.610802004114	1341143.815656158607	2919797.977463545278	0.77771231492174397	3.06598046162212867	2.53480328185137083
276348464.059221208096	1809185.357708185213	1341102.834250273416	2919842.116172392853	0.77769578307576737	3.06599036068608077	2.53479645652807761
276348464.080471158028	1809145.103932416067	1341061.852582644904	2919886.253620610572	0.77767925129340965	3.06600025984535529	2.53478963139099722
276348464.101721167564	1809104.849228153005	1341020.870370679768	2919930.390107857529	0.77766271957447053	3.06601015909739516	2.53478280643752862
276348464.122971177101	1809064.593699979130	1340979.887775847688	2919974.525445830077	0.77764618791953710	3.06602005844985426	2.53477598167547091
276348464.144221186638	1809024.337316830177	1340938.904855698580	2920018.659633116797	0.77763044880879617	3.06602992488497206	2.53476979587213291
276348464.165471196175	1808984.080194649054	1340897.921479804209	2920062.792724085040	0.77761474567352229	3.06603978990955151	2.53476363920206671
276348464.186721205711	1808943.822204620810	1340856.937742718961	2920106.924683829304	0.77759904259463442	3.06604965500907234	2.53475748270290202
276348464.207971215248	1808903.563433125615	1340815.953617737163	2920151.055507368874	0.77758333957291459	3.06605952019374017	2.53475132638503897
276348464.229221165180	1808863.303925153799	1340774.969201629050	2920195.185095909983	0.77756757607618932	3.06606948904296228	2.53474516854108689
276348464.250471174717	1808823.043531325879	1340733.984278041171	2920239.313672670629	0.77755154824764583	3.06607990990917001	2.53473900328355839
276348464.271721184254	1808782.782324942760	1340692.998961313628	2920283.441138628870	0.77753552047933905	3.06609033085210037	2.53473283820968387
276348464.292971193790	1808742.520265335683	1340652.013263669331	2920327.567473367322	0.77751949277185384	3.06610075187940767	2.53472667332726420
276348464.314221203327	1808702.257399056107	1340611.027209617663	2920371.692652662750	0.77750346512499080	3.06611117298853397	2.53472050863369613
276348464.335471212864	1808661.993728671689	1340570.040744970087	2920415.816715217195	0.77748785624866290	3.06612170059526212	2.53471458206956424
276348464.356721162796	1808621.729366039624	1340529.053991350811	2920459.939548486844	0.77747260251986150	3.06613231852220869	2.53470885747665786
276348464.377971172333	1808581.464083862025	1340488.066716407193	2920504.061383498833	0.77745734884781958	3.06614293651776393	2.53470313306387807
276348464.399221181870	1808541.197974164272	1340447.079069528030	2920548.182075178251	0.77744209523292573	3.06615355458702732	2.53469740883642380
276348464.420471191406	1808500.931059081806	1340406.091070564231	2920592.301617356017	0.77742684167498144	3.06616417272744402	2.53469168479169449
276348464.441721200943	1808460.663302597823	1340365.102620481281	2920636.420080308802	0.77741075192227571	3.06617509124667542	2.53468622697410151
276348464.462971210480	1808420.394780581817	1340324.113804668188	2920680.537394944113	0.77739440016486760	3.06618610394580182	2.53468085272818699
276348464.484221160412	1808380.125536722597	1340283.124740825035	2920724.653447766788	0.77737804855639014	3.06619711665958183	2.53467547872041887
276348464.505471169949	1808339.855347591918	1340242.135146718705	2920768.768514438532	0.77736169691227319	3.06620812949716504	2.53467010487581845
276348464.526721179485	1808299.584825058701	1340201.146551936632	2920812.881855925545	0.77734548328888442	3.06621904133884637	2.53466467903723691
276348464.547971189022	1808259.313027706929	1340160.156199502759	2920856.994662295561	0.77733017154748785	3.06622929257282717	2.53465891215850947
276348464.569221198559	1808219.040383251850	1340119.165401125094	2920901.106370203663	0.77731485986172499	3.06623954388398756	2.53465314546262066
276348464.590471208096	1808178.766975073377	1340078.174281769898	2920945.216904390603	0.77729954823081027	3.06624979526211749	2.53464737893916725
276348464.611721158028	1808138.492846315727	1340037.182855908992	2920989.326209522318	0.77728423665513180	3.06626004671231689	2.53464161259334997
276348464.632971167564	1808098.217770474963	1339996.190917870728	2921033.434527092148	0.77726846614643064	3.06627028510238775	2.53463582676285792
276348464.654221177101	1808057.941926488187	1339955.198605522979	2921077.541684464552	0.77725187563089060	3.06628050010168751	2.53463000598466026
276348464.675471186638	1808017.665216684574	1339914.205900236499	2921121.647753843106	0.77723528517195417	3.06629071517993923	2.53462418539801471
276348464.696721196175	1807977.387752874754	1339873.212798035704	2921165.752676319797	0.77721869476961780	3.06630093033713669	2.53461836500292037
276348464.717971205711	1807937.109456638107	1339832.219330528053	2921209.856455462985	0.77720210442387749	3.06631114557327855	2.53461254479937770
276348464.739221215248	1807896.830306126969	1339791.225438870490	2921253.959148026071	0.77718569761456768	3.06632091047553468	2.53460672308539259
276348464.760471165180	1807856.550522439880	1339750.231294887606	2921298.060543857049	0.77716936385144031	3.06633049644811484	2.53460090091385304
276348464.781721174717	1807816.269731774926	1339709.236638290109	2921342.160982287023	0.77715303004864911	3.06634008254375345	2.53459507887907698
276348464.802971184254	1807775.988218978047	1339668.241591479629	2921386.260267647915	0.77713669629866722	3.06634966871969850	2.53458925702497062
276348464.824221193790	1807735.705822315300	1339627.246161457850	2921430.358433894813	0.77712036260129569	3.06635925497339601	2.53458343534893160
276348464.845471203327	1807695.422672929475	1339586.250338846585	2921474.455459180754	0.77710332493477141	3.06636933428007463	2.53457700641556016
276348464.866721212864	1807655.138640971156	1339545.254137336742	2921518.551371294074	0.77708613820269523	3.06637951810340414	2.53457044900967343
276348464.887971162796	1807614.853966849390	1339504.257660550531	2921562.646023964975	0.77706895153426192	3.06638970202118655	2.53456389180202502
276348464.909221172333	1807574.568321700208	1339463.260644605616	2921606.739702595863	0.77705176492927386	3.06639988603086566	2.53455733479001166
276348464.930471181870	1807534.281880862545	1339422.263263502391	2921650.832231726963	0.77703481707934685	3.06640990479554842	2.53455089234322672
276348464.951721191406	1807493.994640285615	1339381.265525241382	2921694.923630593345	0.77701844847683654	3.06641952243021132	2.53454472757866434
276348464.972971200943	1807453.706576975528	1339340.267345763044	2921739.013912945520	0.77700207993047377	3.06642914015351709	2.53453856299849045
276348464.994221210480	1807413.417677639285	1339299.268811907386	2921783.103057906497	0.77698571143967232	3.06643875795780740	2.53453239859489843
276348465.015471160412	1807373.128113513580	1339258.269980065059	2921827.190962885972	0.77696934309651011	3.06644837579249829	2.53452623440591029
276348465.036721169949	1807332.837645718129	1339217.270674383966	2921871.277848734055	0.77695291342387618	3.06645812463748157	2.53452039764802706
276348465.057971179485	1807292.546279867645	1339176.270945346216	2921915.363628988154	0.77693643171576410	3.06646798477788884	2.53451483920877330
276348465.079221189022	1807252.254151019733	1339135.270859281300	2921959.448272812646	0.77691995005967796	3.06647784499239506	2.53450928095363048
276348465.100471198559	1807211.961215399671	1339094.270354136359	2922003.531788010150	0.77690346845561553	3.06648770528099579	2.53450372288259551
276348465.121721208096	1807171.667449909728	1339053.269492358901	2922047.614171761088	0.77688698690357194	3.06649756564368881	2.53449816499567060
276348465.142971158028	1807131.373050208436	1339012.268335002242	2922091.695303419605	0.77687027858108415	3.06650733774441253	2.53449295430714727
276348465.164221167564	1807091.077665783698	1338971.266664033523	2922135.775434449781	0.77685354390825756	3.06651709963835284	2.53448778419701837
276348465.185471177101	1807050.781430168543	1338930.264618015615	2922179.854459434282	0.77683680928330956	3.06652686159590848	2.53448261426661681
276348465.206721186638	1807010.484419680666	1338889.262222424615	2922223.932322809473	0.77682007470682146	3.06653662362472712	2.53447744452374613
276348465.227971196175	1806970.186592130922	1338848.259380500065	2922268.009088906925	0.77680335947609214	3.06654651955554280	2.53447224433416540
276348465.249221205711	1806929.887986102607	1338807.256137087476	2922312.084726152476	0.77678677695450071	3.06655733556476129	2.53446683376825677
276348465.270471215248	1806889.588534752838	1338766.252555379178	2922356.159212713130	0.77677019448904572	3.06656815164606922	2.53446142340373948
276348465.291721165180	1806849.288405213971	1338725.248662224272	2922400.232483284082	0.77675361217320171	3.06657896774470862	2.53445601327700576
276348465.312971174717	1806808.987311017001	1338684.244307133369	2922444.304703828879	0.77673702981981441	3.06658978396763260	2.53445060331266570
276348465.334221184254	1806768.685440394096	1338643.239518758841	2922488.375838751439	0.77672069238828056	3.06660060514897914	2.53444523480856976
276348465.355471193790	1806728.382740389323	1338602.234351408202	2922532.445837695152	0.77670462005493413	3.06661143167812655	2.53443991114938560
276348465.376721203327	1806688.079270363552	1338561.228827938903	2922576.514675030485	0.77668854777685370	3.06662225828085822	2.53443458769082852
276348465.397971212864	1806647.774925689446	1338520.222905311966	2922620.582406546455	0.77667247555345353	3.06663308494951892	2.53442926442508965
276348465.419221162796	1806607.469904620200	1338479.216653177049	2922664.648923488334	0.77665640338453246	3.06664391168155692	2.53442394134956883
276348465.440471172333	1806567.163950255606	1338438.209968203446	2922708.714388763066	0.77664025484928745	3.06665451096057140	2.53441837603567510
276348465.461721181870	1806526.857178806094	1338397.202836934943	2922752.778756759595	0.77662407296543812	3.06666501085851628	2.53441270494078896
276348465.482971191406	1806486.549590325449	1338356.195384974359	2922796.841973843519	0.77660789113805384	3.06667551083104151	2.53440703403744072
276348465.504221200943	1806446.241210471140	1338315.187495685183	2922840.904081540182	0.77659170936713151	3.06668601087814352	2.53440136332562993
276348465.525471210480	1806405.932031264529	1338274.179189417511	2922884.965072494000	0.77657554375358728	3.06669645426387438	2.53439563328622874
276348465.546721160412	1806365.622127094073	1338233.170686576981	2922929.024776227772	0.77655959529910312	3.06670613293110028	2.53438910120748240
276348465.567971169949	1806325.311299614375	1338192.161635965342	2922973.083505697548	0.77654364681421129	3.06671581174162311	2.53438256926976013
276348465.589221179485	1806284.999682590133	1338151.152192757698	2923017.141100373119	0.77652769838785796	3.06672549063431576	2.53437603750273643
276348465.610471189022	1806244.687226349488	1338110.142346241046	2923061.197577122599	0.77651175002062267	3.06673516961682591	2.53436950591422061
276348465.631721198559	1806204.373951767106	1338069.132174753817	2923105.252897016238	0.77649567587386592	3.06674491919569592	2.53436296788943416
276348465.652971208096	1806164.059885795228	1338028.121565960813	2923149.307107524015	0.77647931378719282	3.06675483023419204	2.53435641491306818
276348465.674221158028	1806123.745105854934	1337987.110688972287	2923193.360063568689	0.77646295176132041	3.06676474136000188	2.53434986211839108
276348465.695471167564	1806083.429410594516	1337946.099306688877	2923237.412025885656	0.77644658979683134	3.06677465258077087	2.53434330951320952
276348465.716721177101	1806043.112912935205	1337905.087558747502	2923281.462846055161	0.77643022789294269	3.06678456388629694	2.53433675708711315
276348465.737971186638	1806002.795580914244	1337864.075400948990	2923325.512548297644	0.77641456676772291	3.06679363658292825	2.53433046821744368
276348465.759221196175	1805962.477439782582	1337823.062839352991	2923369.561133799143	0.77639926661700276	3.06680227735919164	2.53432431515735557
276348465.780471205711	1805922.158488272922	1337782.049932459369	2923413.608569798991	0.77638396651472297	3.06681091821083607	2.53431816224693085
276348465.801721215248	1805881.838740951382	1337741.036597759463	2923457.654883117415	0.77636866646146396	3.06681955914550652	2.53431200949397972
276348465.822971165180	1805841.518733582227	1337700.024376840098	2923501.699372229632	0.77635336654253351	3.06682820010790058	2.53430585692604726
276348465.844221174717	1805801.197347211652	1337659.010281837080	2923545.743437356316	0.77633671164676210	3.06683791627881641	2.53429957412105766
276348465.865471184254	1805760.875142447418	1337617.995799098397	2923589.786372447386	0.77631964007525278	3.06684796319821862	2.53429325141285888
276348465.886721193790	1805720.552134726895	1337576.980910317274	2923633.828196736984	0.77630256856414848	3.06685801020741744	2.53428692889898288
276348465.907971203327	1805680.228318885434	1337535.965661078459	2923677.868859644048	0.77628549711344652	3.06686805730640799	2.53428060657942744
276348465.929221212864	1805639.903666391037	1337494.950017194962	2923721.908416507300	0.77626831616063141	3.06687805401048674	2.53427432728060031
276348465.950471162796	1805599.578317156993	1337453.934068758273	2923765.946739557199	0.77625076235760071	3.06688787895747650	2.53426819392442271
276348465.971721172333	1805559.252093428746	1337412.917644737987	2923809.984025423415	0.77623320861282386	3.06689770400110140	2.53426206077160554
276348465.992971181870	1805518.925020714058	1337371.900830613449	2923854.020193360280	0.77621565492552191	3.06690752913115894	2.53425592781173359
276348466.014221191406	1805478.597126023844	1337330.883639648091	2923898.055237204302	0.77619810129569089	3.06691735434764823	2.53424979504480996
276348466.035471200943	1805438.268392074853	1337289.866045448929	2923942.089163119439	0.77618063844313356	3.06692743036170379	2.53424407393376594
276348466.056721210480	1805397.938911448000	1337248.848056582967	2923986.121954016853	0.77616327407862507	3.06693777848041726	2.53423879947194131
276348466.077971160412	1805357.608705792576	1337207.829808413750	2924030.153484509327	0.77614590986423559	3.06694812661244098	2.53423352524016998
276348466.099221169949	1805317.277582173236	1337166.811046412680	2924074.184009391349	0.77612854560520672	3.06695847487477957	2.53422825118020079
276348466.120471179485	1805276.945648894412	1337125.791903062258	2924118.213422061410	0.77611118139920210	3.06696882321274789	2.53422297732506596
276348466.141721189022	1805236.612886170624	1337084.772380853537	2924162.241698751692	0.77609475677548367	3.06697908563736554	2.53421804726381916
276348466.162971198559	1805196.279314751970	1337043.752457820810	2924206.268845406827	0.77607851844133124	3.06698933108577032	2.53421318550692432
276348466.184221208096	1805155.944915182423	1337002.732160240179	2924250.294862023555	0.77606228015429846	3.06699957659073741	2.53420832393217488
276348466.205471158028	1805115.609821901657	1336961.711569660110	2924294.319643416442	0.77604604191476856	3.06700982215736184	2.53420346254477957
276348466.226721167564	1805075.273805781035	1336920.690471842419	2924338.343419196550	0.77602982524790942	3.06702008405761539	2.53419854210259965
276348466.247971177101	1805034.936984103639	1336879.669022229267	2924382.366045477334	0.77601392729846941	3.06703058688614183	2.53419274476456868
