461293266.842871963978 0.000084062500
461293266.842871963978	1520901.046618383611	-3293581.787891143933	-473277.725844264321	1.74143141557735515	-2.24630559233010230	2.85883207410573270
461293266.859684467316	1520897.980886730598	-3293591.953295415733	-473220.752805027587	1.74140730229282270	-2.24630084437445987	2.85885422971231540
461293266.876496970654	1520894.914784999099	-3293602.117878589313	-473163.779639506829	1.74138318870440933	-2.24629609675149933	2.85887638564608837
461293266.893309473991	1520891.848236415768	-3293612.281685281079	-473106.806382628041	1.74135907515767130	-2.24629134951189346	2.85889854158824841
461293266.910121977329	1520888.781306084245	-3293622.444646836724	-473049.832999715116	1.74133496096077556	-2.24628660255790047	2.85892069817733807
461293266.926934480667	1520885.713978181127	-3293632.606804175302	-472992.859475310543	1.74131155465843501	-2.24628223977970354	2.85894262983762903
461293266.943746984005	1520882.646258294582	-3293642.768122304231	-472935.885847205354	1.74128821792436561	-2.24627791518234154	2.85896453957876728
461293266.960559487343	1520879.578125067288	-3293652.928632098250	-472878.912110164063	1.74126488125592016	-2.24627359094450485	2.85898644929499834
461293266.977371990681	1520876.509607187472	-3293663.088306513615	-472821.938252073305	1.74124154398330311	-2.24626926698045049	2.85900835961787525
461293266.994184434414	1520873.441913789138	-3293673.247713852208	-472764.965317877824	1.74121820643950742	-2.24626494334202542	2.85903027023406775
461293267.010996937752	1520870.372574666515	-3293683.405770464800	-472707.991225047386	1.74119486896293085	-2.24626062005596117	2.85905218082332313
461293267.027809441090	1520867.302827645093	-3293693.563017610461	-472651.017006411392	1.74117089796615487	-2.24625585359385482	2.85907452817193075
461293267.044621944427	1520864.232722451678	-3293703.719426941592	-472594.042654843885	1.74114684858061963	-2.24625103276724936	2.85909692965885220
461293267.061434447765	1520861.162216954399	-3293713.875007939059	-472537.068221430003	1.74112279888545984	-2.24624621227617194	2.85911933147831965
461293267.078246951103	1520858.091279595392	-3293724.029790534172	-472480.093662210507	1.74109874922686081	-2.24624139216515539	2.85914173330607824
461293267.095059454441	1520855.019994730828	-3293734.183710981626	-472423.118954623060	1.74107469891250188	-2.24623657234515051	2.85916413579058881
461293267.111871957779	1520851.948254193878	-3293744.336873041000	-472366.144163988123	1.74105065351659927	-2.24623175299458211	2.85918653090673569
461293267.128684461117	1520848.876146952156	-3293754.489185824059	-472309.169248979073	1.74102702965160727	-2.24622694536395073	2.85920830496450140
461293267.145496964455	1520845.803642588202	-3293764.640675973147	-472252.194199376856	1.74100340582402513	-2.24622213810152660	2.85923007903268545
461293267.162309467793	1520842.730691935634	-3293774.791382389143	-472195.219071961474	1.74097978135592224	-2.24621733110786970	2.85925185373897994
461293267.179121971130	1520839.657401117962	-3293784.941230483819	-472138.243778829754	1.74095615658589864	-2.24621252443450370	2.85927362877001290
461293267.195934474468	1520836.583712417865	-3293795.090247701854	-472081.268385319854	1.74093253151319804	-2.24620771808502262	2.85929540412675554
461293267.212746977806	1520833.509578204481	-3293805.238489421550	-472024.292879781104	1.74090890647874663	-2.24620291210017431	2.85931717949285868
461293267.229559481144	1520830.435060603078	-3293815.385903366376	-471967.317261982767	1.74088487801903669	-2.24619828285464473	2.85933925564124669
461293267.246371984482	1520827.360166136874	-3293825.532467340119	-471910.341512683313	1.74086084423947418	-2.24619365613761124	2.85936133585174002
461293267.263184487820	1520824.284856171114	-3293835.678247567732	-471853.365654679248	1.74083681016488723	-2.24618902975098855	2.85938341638038462
461293267.279996991158	1520821.209146496840	-3293845.823185342830	-471796.389667316107	1.74081277613969165	-2.24618440374372907	2.85940549690946177
461293267.296809434891	1520818.133039746433	-3293855.967287236825	-471739.413783186348	1.74078874147356544	-2.24617977802511781	2.85942757807632875
461293267.313621938229	1520815.056489320239	-3293866.110638428945	-471682.437578181620	1.74076479342666124	-2.24617514199586354	2.85944958198656884
461293267.330434441566	1520811.979620630154	-3293876.253093186300	-471625.461226239626	1.74074194187940412	-2.24617037227560434	2.85947060728247449
461293267.347246944904	1520808.902305783704	-3293886.394775365945	-471568.484803132364	1.74071908971576672	-2.24616560279986688	2.85949163319176636
461293267.364059448242	1520805.824605321512	-3293896.535636587534	-471511.508231887070	1.74069623726262113	-2.24616083362322971	2.85951265941268140
461293267.380871951580	1520802.746497532120	-3293906.675681087188	-471454.531548381259	1.74067338451997977	-2.24615606474569862	2.85953368594520851
461293267.397684454918	1520799.668002553750	-3293916.814870364964	-471397.554749061354	1.74065053181473361	-2.24615129622183041	2.85955471248756554
461293267.414496958256	1520796.589090365684	-3293926.953275484033	-471340.577818702033	1.74062767849390876	-2.24614652793894187	2.85957573964229050
461293267.431309461594	1520793.509800869040	-3293937.090855631046	-471283.600779407832	1.74060307630009525	-2.24614170181726447	2.85959843666132540
461293267.448121964931	1520790.430101139005	-3293947.227628810797	-471226.623632839182	1.74057835573044439	-2.24613687211567026	2.85962124674375628
461293267.464934468269	1520787.350008295616	-3293957.363555114251	-471169.646373779397	1.74055363519723683	-2.24613204281702972	2.85964405683964751
461293267.481746971607	1520784.269510131096	-3293967.498680550139	-471112.668977032881	1.74052891399222753	-2.24612721381769331	2.85966686760506539
461293267.498559474945	1520781.188619665103	-3293977.632985131815	-471055.691469688783	1.74050419246879429	-2.24612238517308649	2.85968967871293689
461293267.515371978283	1520778.107295424910	-3293987.766475407407	-470998.713861966738	1.74047968586417978	-2.24611769645871817	2.85971219779887420
461293267.532184481621	1520775.025613615522	-3293997.899120601825	-470941.736134858045	1.74045593607581428	-2.24611349890734679	2.85973368894814950
461293267.548996984959	1520771.943517538719	-3294008.030971867032	-470884.758271724219	1.74043218568548186	-2.24610930162720779	2.85975518069097934
461293267.565809488297	1520768.861026771367	-3294018.162004802842	-470827.780316522403	1.74040843503279219	-2.24610510466476576	2.85977667271899660
461293267.582621991634	1520765.778124657227	-3294028.292234044988	-470770.802220310085	1.74038468411776126	-2.24610090802002516	2.85979816503218665
461293267.599434435368	1520762.696052237647	-3294038.422161841299	-470713.825042777695	1.74036093327924846	-2.24609671174301262	2.85981965732314780
461293267.616246938705	1520759.612337347819	-3294048.550751386676	-470656.846714917920	1.74033708081357719	-2.24609240632098350	2.85984129801794706
461293267.633059442043	1520756.528251641430	-3294058.678500364069	-470599.868288343714	1.74031282667629905	-2.24608766657107406	2.85986352628751250
461293267.649871945381	1520753.443756401539	-3294068.805439426098	-470542.889713631419	1.74028857223563782	-2.24608292714963165	2.85988575488352348
461293267.666684448719	1520750.358884413959	-3294078.931546267122	-470485.911043526605	1.74026431783606017	-2.24607818812155235	2.85990798349010111
461293267.683496952057	1520747.273601613240	-3294089.056842178572	-470428.932245956501	1.74024006278408550	-2.24607344937857611	2.85993021274484160
461293267.700309455395	1520744.187899660086	-3294099.181338044815	-470371.953342774301	1.74021580742877346	-2.24606871096408822	2.85995244232598145
461293267.717121958733	1520741.101807038067	-3294109.304984480143	-470314.974308570090	1.74019175748175736	-2.24606415677885218	2.85997449870049048
461293267.733934462070	1520738.015333726071	-3294119.427822906524	-470257.995156873018	1.74016813289455485	-2.24605998314291666	2.85999619628993162
461293267.750746965408	1520734.928435227601	-3294129.549858462065	-470201.015896239376	1.74014450770927809	-2.24605580977637320	2.86001789447304278
461293267.767559468746	1520731.841173162917	-3294139.671046100557	-470144.036512893974	1.74012088226145978	-2.24605163673610386	2.86003959294147769
461293267.784371972084	1520728.753487655194	-3294149.791431264486	-470087.057042947214	1.74009725655264713	-2.24604746401494104	2.86006129169325973
461293267.801184475422	1520725.665395144140	-3294159.911015136633	-470030.077412979619	1.74007363092298273	-2.24604329164822936	2.86008299041414071
461293267.817996978760	1520722.576956290053	-3294170.029722350650	-469973.097661731998	1.74004986750842972	-2.24603895142923493	2.86010487350197007
461293267.834809482098	1520719.488061781274	-3294180.147659942973	-469916.117820789397	1.74002575159726502	-2.24603417986209841	2.86012722871336900
461293267.851621985435	1520716.398782771546	-3294190.264762085397	-469859.137858797796	1.74000163537936281	-2.24602940863062095	2.86014958425457611
461293267.868434488773	1520713.309088371694	-3294200.381080427207	-469802.157788099954	1.73997751920028931	-2.24602463778580574	2.86017193980399353
461293267.885246992111	1520710.219035136746	-3294210.496534866281	-469745.177582578908	1.73995340236819684	-2.24601986722924973	2.86019429600574693
461293267.902059435844	1520707.128547655186	-3294220.611151176039	-469688.197464855213	1.73992928523094337	-2.24601509700120250	2.86021665253530211
461293267.918871939182	1520704.037685479969	-3294230.724982128013	-469631.217024593323	1.73990524277331393	-2.24601055963683960	2.86023882689767417
461293267.935684442520	1520700.946387905162	-3294240.838016123977	-469574.236497729085	1.73988130096479221	-2.24600633795601867	2.86026075470899244
461293267.952496945858	1520697.854727560421	-3294250.950210427400	-469517.255813939089	1.73985735888889126	-2.24600211660198479	2.86028268281043641
461293267.969309449196	1520694.762654464459	-3294261.061577911489	-469460.275028107862	1.73983341654562729	-2.24599789557474461	2.86030461120199053
461293267.986121952534	1520691.670177981956	-3294271.172156053595	-469403.294133572199	1.73980947427733224	-2.24599367492108337	2.86032653956909710
461293268.002934455872	1520688.577326972503	-3294281.281859555747	-469346.313107306720	1.73978553140015624	-2.24598945454385879	2.86034846853984037
461293268.019746959209	1520685.484058797825	-3294291.390785458963	-469289.331979461829	1.73976153501036346	-2.24598502325191385	2.86037054580413397
461293268.036559462547	1520682.390393655049	-3294301.498888656963	-469232.350717024237	1.73973746038887334	-2.24598028305820918	2.86039284003118599
461293268.053371965885	1520679.296322335023	-3294311.606160621624	-469175.369369415625	1.73971338580828583	-2.24597554324920168	2.86041513426461824
461293268.070184469223	1520676.201851324877	-3294321.712641716935	-469118.387873899308	1.73968931057870768	-2.24597080372378510	2.86043742914582433
461293268.086996972561	1520673.106990846805	-3294331.818270067219	-469061.406281099131	1.73966523504510584	-2.24596606453252656	2.86045972435408657
461293268.103809475899	1520670.011733703548	-3294341.923108956311	-469004.424542054068	1.73964115920749651	-2.24596132567543227	2.86048201988938944
461293268.120621979237	1520666.916082379408	-3294352.027111074422	-468947.442717838159	1.73961761264875947	-2.24595693514985539	2.86050397380833532
461293268.137434482574	1520663.819996869657	-3294362.130306061357	-468890.460779700079	1.73959453446071888	-2.24595285320839411	2.86052562560620816
461293268.154246985912	1520660.723539191065	-3294372.232693290338	-468833.478708861105	1.73957145601975260	-2.24594877158518491	2.86054727767874128
461293268.171059489250	1520657.626690217992	-3294382.334216199350	-468776.496511756035	1.73954837732816503	-2.24594469026947596	2.86056893002298640
461293268.187871992588	1520654.530631279340	-3294392.435538449790	-468719.515052265720	1.73952529871603701	-2.24594060930606787	2.86059058232830843
461293268.204684436321	1520651.432956738630	-3294402.535428316798	-468662.532834253390	1.73950221952173001	-2.24593652861254167	2.86061223521788488
461293268.221496939659	1520648.334915294545	-3294412.634518234991	-468605.550283252320	1.73947863517987167	-2.24593212284614463	2.86063417857786417
461293268.238309442997	1520645.236443218775	-3294422.732795195654	-468548.567633535888	1.73945456110625463	-2.24592740179895234	2.86065640344243866
461293268.255121946335	1520642.137593981810	-3294432.830247117672	-468491.584874884225	1.73943048638373443	-2.24592268104171033	2.86067862895421721
461293268.271934449673	1520639.038353859680	-3294442.926879132632	-468434.601984962006	1.73940641135955421	-2.24591796061396032	2.86070085479054192
461293268.288746953011	1520635.938700529048	-3294453.022691528313	-468377.618979456893	1.73938233603296721	-2.24591324051929631	2.86072308095237293
461293268.305559456348	1520632.838646073127	-3294463.117689946201	-468320.635865016142	1.73935826074894750	-2.24590852080799230	2.86074530711996378
461293268.322371959686	1520629.738201966276	-3294473.211876076646	-468263.652628094191	1.73933529397907427	-2.24590399271995533	2.86076659771773745
461293268.339184463024	1520626.637346452335	-3294483.305236371234	-468206.669268462050	1.73931302266645171	-2.24589958493717035	2.86078730136027248
461293268.355996966362	1520623.536104731029	-3294493.397767387331	-468149.685794907797	1.73929075109079512	-2.24589517744851674	2.86080800528729684
461293268.372809469700	1520620.434461899102	-3294503.489484418649	-468092.702212417382	1.73926847957301911	-2.24589077029266360	2.86082870919870302
461293268.389621973038	1520617.332396494923	-3294513.580407162197	-468035.718509108876	1.73924620747590675	-2.24588636337076730	2.86084941368880719
461293268.406434476376	1520614.229971172754	-3294523.670476119965	-467978.734698296408	1.73922393511579765	-2.24588195674302016	2.86087011846336248
461293268.423246979713	1520611.127126203617	-3294533.759741027839	-467921.750761679257	1.73920052316636919	-2.24587733807812340	2.86089179288818585
461293268.440059483051	1520608.023882640293	-3294543.848200580571	-467864.766704244656	1.73917574928672725	-2.24587246598710655	2.86091462611888225
461293268.456871986389	1520604.920229431707	-3294553.935834684875	-467807.782546431350	1.73915097473099012	-2.24586759419580151	2.86093746002306881
461293268.473684489727	1520601.816213960759	-3294564.022610655986	-467750.798238588206	1.73912619985327233	-2.24586272276023591	2.86096029427337184
461293268.490496993065	1520598.711759750498	-3294574.108606609982	-467693.813835584908	1.73910142465587381	-2.24585785166965923	2.86098312886684880
461293268.507309436798	1520595.606928915950	-3294584.193739262410	-467636.829538908147	1.73907664949064622	-2.24585298099083186	2.86100596347903036
461293268.524121940136	1520592.501681494527	-3294594.278100282419	-467579.844916370814	1.73905217303064119	-2.24584804588615450	2.86102818872416176
461293268.540934443474	1520589.396031958051	-3294604.361661757343	-467522.860157808987	1.73902780184720651	-2.24584308828927659	2.86105019914300884
461293268.557746946812	1520586.290006200084	-3294614.444354759064	-467465.875274642720	1.73900343069398700	-2.24583813107983099	2.86107220958834674
461293268.574559450150	1520583.183571726782	-3294624.526259496342	-467408.890299640945	1.73897905887270365	-2.24583317415055062	2.86109422069348396
461293268.591371953487	1520580.076740799472	-3294634.607323080767	-467351.905196941749	1.73895468673251585	-2.24582821755508455	2.86111623214174626
461293268.608184456825	1520576.969504083740	-3294644.687588638160	-467294.919997419580	1.73893031427267797	-2.24582326129702459	2.86113824393409200
461293268.624996960163	1520573.861855493393	-3294654.767035563011	-467237.934661643056	1.73890624473023081	-2.24581844372989847	2.86116034467146640
461293268.641809463501	1520570.753852038411	-3294664.845645954367	-467180.949194596207	1.73888229316880394	-2.24581368062194731	2.86118248088599536
461293268.658621966839	1520567.645426988835	-3294674.923436411656	-467123.963627172518	1.73885834130431083	-2.24580891784041015	2.86120461742636367
461293268.675434470177	1520564.536578651983	-3294685.000424320810	-467066.977973146539	1.73883438913600585	-2.24580415538888056	2.86122675429353102
461293268.692246973515	1520561.427344415337	-3294695.076598388609	-467009.992157438071	1.73881043700710491	-2.24579939331823475	2.86124889116903036
461293268.709059476852	1520558.317755030235	-3294705.151902671438	-466953.006222111755	1.73878648423046345	-2.24579463153032455	2.86127102869071948
461293268.725871980190	1520555.207694053184	-3294715.226462707855	-466896.020229396760	1.73876295510822909	-2.24578978946752494	2.86129298241598962
461293268.742684483528	1520552.097298517823	-3294725.300152003765	-466839.034047448426	1.73873950649534392	-2.24578493236887189	2.86131490137270816
461293268.759496986866	1520548.986468239222	-3294735.373037047684	-466782.047792441968	1.73871605791438233	-2.24578007563875826	2.86133682034027048
461293268.776309490204	1520545.876452415949	-3294745.445674189832	-466725.062245839101	1.73869260869248232	-2.24577521917635270	2.86135873995035084
461293268.793121993542	1520542.764825585997	-3294755.516941241920	-466668.075762740511	1.73866915916571330	-2.24577036303387789	2.86138065988757928
461293268.809934437275	1520539.652802216588	-3294765.587324936874	-466611.089347016125	1.73864570966940191	-2.24576550726712210	2.86140257983754376
461293268.826746940613	1520536.540371474111	-3294775.656952377409	-466554.102617065597	1.73862148451397669	-2.24576074169781537	2.86142506591333889
461293268.843559443951	1520533.427574850386	-3294785.725723175332	-466497.115776286577	1.73859706006919312	-2.24575599956776939	2.86144769750603833
461293268.860371947289	1520530.314341953490	-3294795.793711394072	-466440.128821815946	1.73857263531635331	-2.24575125777820084	2.86147032942990887
461293268.877184450626	1520527.200738415355	-3294805.860841161106	-466383.141732522054	1.73854821025471540	-2.24574651633270284	2.86149296168590617
461293268.893996953964	1520524.086728723487	-3294815.927191272844	-466326.154539508454	1.73852378523419704	-2.24574177528185270	2.86151559394854482
461293268.910809457302	1520520.972312391270	-3294825.992706136778	-466269.167241131305	1.73849935955425372	-2.24573703452810225	2.86153822686971493
461293268.927621960640	1520517.857506979024	-3294836.057383655105	-466212.179797710851	1.73847664755211717	-2.24573249866629521	2.86156079209668546
461293268.944434463978	1520514.742307825247	-3294846.121257585473	-466155.192257467192	1.73845403547338861	-2.24572797508930533	2.86158335365010963
461293268.961246967316	1520511.626693170285	-3294856.184314376209	-466098.204620170232	1.73843142343860024	-2.24572345187399058	2.86160591517871143
461293268.978059470654	1520508.510667412775	-3294866.246567354538	-466041.216841862712	1.73840881079863085	-2.24571892892898228	2.86162847733237236
461293268.994871973991	1520505.394266418414	-3294876.307989019435	-465984.228947492258	1.73838619787768156	-2.24571440630176911	2.86165103978661772
461293269.011684477329	1520502.277484052116	-3294886.368565376382	-465927.240927086386	1.73836358467500807	-2.24570988399594684	2.86167360254240410
461293269.028496980667	1520499.160256989067	-3294896.428358855192	-465870.252808197634	1.73833960896237305	-2.24570520255333728	2.86169582264502731
461293269.045309484005	1520496.042672627838	-3294906.487307132222	-465813.264569920895	1.73831552405861456	-2.24570050869431714	2.86171801609721843
461293269.062121987343	1520492.924643061357	-3294916.545479755383	-465756.276219614840	1.73829143885569537	-2.24569581516076955	2.86174020987127209
461293269.078934490681	1520489.806244635256	-3294926.602794306353	-465699.287756819336	1.73826735335059901	-2.24569112196705012	2.86176240397105586
461293269.095746934414	1520486.687473480590	-3294936.659255152568	-465642.299367796804	1.73824326788993844	-2.24568642915587624	2.86178459807536356
461293269.112559437752	1520483.568256231956	-3294946.714934166055	-465585.310656485264	1.73821922193854039	-2.24568170780599230	2.86180676931442379
461293269.129371941090	1520480.448660383467	-3294956.769816625863	-465528.321856662631	1.73819592379688159	-2.24567644992761251	2.86182850293129132
461293269.146184444427	1520477.328681439627	-3294966.823853368405	-465471.332908470242	1.73817262566163633	-2.24567119241865720	2.86185023658522653
461293269.162996947765	1520474.208267723676	-3294976.877074655145	-465414.343880572473	1.73814932686423229	-2.24566593516693169	2.86187197090261769
461293269.179809451103	1520471.087477770168	-3294986.929479065817	-465357.354709523614	1.73812602773859348	-2.24566067823034166	2.86189370557073897
461293269.196621954441	1520467.966292793863	-3294996.981061072554	-465300.365426215401	1.73810272828397427	-2.24565542161248022	2.86191544059054781
461293269.213434457779	1520464.844691943610	-3295007.031844316050	-465243.376038956514	1.73807940834051999	-2.24565017589767368	2.86193718798261143
461293269.230246961117	1520461.722704522079	-3295017.081805436872	-465186.386524232163	1.73805528234074980	-2.24564534452082754	2.86195942078840382
461293269.247059464455	1520458.600311793154	-3295027.130932295229	-465129.396883472044	1.73803115603149427	-2.24564051347418214	2.86198165392674886
461293269.263871967793	1520455.477527688490	-3295037.179242098238	-465072.407152307977	1.73800702941201202	-2.24563568276133019	2.86200388739860045
461293269.280684471130	1520452.354324501939	-3295047.226729380433	-465015.417302235845	1.73798290282797785	-2.24563085243411376	2.86202612088414199
461293269.297496974468	1520449.230763129191	-3295057.273397067096	-464958.427312335290	1.73795877558733292	-2.24562602239245512	2.86204835502392640
461293269.314309477806	1520446.106767771766	-3295067.319257522002	-464901.437208513671	1.73793469923114441	-2.24562119556245143	2.86207054005894079
461293269.331121981144	1520442.982401484391	-3295077.364295669831	-464844.446999080887	1.73791095431488096	-2.24561638776313144	2.86209240506238194
461293269.347934484482	1520439.857604657765	-3295087.408509595785	-464787.456684284261	1.73788720943589370	-2.24561158033477826	2.86211427007693375
461293269.364746987820	1520436.733631426701	-3295097.452479851898	-464730.467082875955	1.73786346391295399	-2.24560677317796342	2.86213613573269221
461293269.381559491158	1520433.608031690354	-3295107.495080098510	-464673.476523119491	1.73783971808631743	-2.24560196634420794	2.86215800171507384
461293269.398371934891	1520430.482069275109	-3295117.536805220414	-464616.486062562675	1.73781597229549845	-2.24559715988860065	2.86217986771044819
461293269.415184438229	1520427.355683050817	-3295127.577737021260	-464559.495257384493	1.73779222586226934	-2.24559235369739296	2.86220173434506142
461293269.431996941566	1520424.228912751423	-3295137.617862197571	-464502.504373914679	1.73776737915541868	-2.24558759903022320	2.86222475626955575
461293269.448809444904	1520421.101733641932	-3295147.657158911694	-464445.513349202869	1.73774249893460797	-2.24558284626113069	2.86224781339133472
461293269.465621948242	1520417.974173852941	-3295157.695614225231	-464388.522218649741	1.73771761875470809	-2.24557809389979468	2.86227087052081286
461293269.482434451580	1520414.846181208268	-3295167.733321566600	-464331.530964415171	1.73769273790305512	-2.24557334184476520	2.86229392832091944
461293269.499246954918	1520411.717847757973	-3295177.770128914155	-464274.539590332541	1.73766785673524948	-2.24556859015036858	2.86231698646113264
461293269.516059458256	1520408.589027227135	-3295187.806192122400	-464217.548137005244	1.73764329257984773	-2.24556381382479708	2.86233993104060103
461293269.532871961594	1520405.459890921833	-3295197.841385763139	-464160.556517962716	1.73761966480115948	-2.24555896418726775	2.86236253954664743
461293269.549684464931	1520402.330315143568	-3295207.875762106385	-464103.564795219223	1.73759603637545279	-2.24555411482299805	2.86238514870757310
461293269.566496968269	1520399.200332051842	-3295217.909357727040	-464046.572989427892	1.73757240763829834	-2.24554926579845748	2.86240775820212479
461293269.583309471607	1520396.069983160123	-3295227.942078861874	-463989.581036699528	1.73754877859197543	-2.24554441710289021	2.86243036802738660
461293269.600121974945	1520392.939205487957	-3295237.974038971588	-463932.588989041513	1.73752514957433957	-2.24553956879197836	2.86245297785918495
461293269.616934478283	1520389.808064950164	-3295248.005114832427	-463875.596789460571	1.73750140087564686	-2.24553471432450547	2.86247551850193416
461293269.633746981621	1520386.676511161029	-3295258.035418316256	-463818.604510156089	1.73747726224179955	-2.24552983912477355	2.86249783085849163
461293269.650559484959	1520383.544517399976	-3295268.064911720809	-463761.612113606127	1.73745312329571533	-2.24552496425299397	2.86252014355009843
461293269.667371988297	1520380.412169475108	-3295278.093561284710	-463704.619599332334	1.73742898438021642	-2.24552008977598394	2.86254245625969261
461293269.684184491634	1520377.279442505678	-3295288.121340874117	-463647.626958792214	1.73740484480518109	-2.24551521558165446	2.86256476962714368
461293269.700996935368	1520374.146256219829	-3295298.148343879730	-463590.634408172045	1.73738070491795371	-2.24551034171530040	2.86258708332959877
461293269.717809438705	1520371.012695651734	-3295308.174572553020	-463533.641541664780	1.73735666709590264	-2.24550542490139593	2.86260955554816787
461293269.734621942043	1520367.878745293245	-3295318.199944403023	-463476.648557679961	1.73733280889052133	-2.24550043180079495	2.86263230848130723
461293269.751434445381	1520364.744404006982	-3295328.224462976214	-463419.655454077874	1.73730895036460953	-2.24549543903091653	2.86265506175669016
461293269.768246948719	1520361.609648366459	-3295338.248212444130	-463362.662237016135	1.73728509151516763	-2.24549044660611852	2.86267781537816290
461293269.785059452057	1520358.474514606874	-3295348.271129123401	-463305.668902229401	1.73726123268556631	-2.24548545457335935	2.86270056901662073
461293269.801871955395	1520355.338956522755	-3295358.293235535733	-463248.675472051196	1.73723737319363325	-2.24548046281721625	2.86272332332443291
461293269.818684458733	1520352.203023152426	-3295368.314488222357	-463191.681912514905	1.73721343714034604	-2.24547552614366186	2.86274592566611119
461293269.835496962070	1520349.066671287408	-3295378.334973934572	-463134.688235714741	1.73718933686957233	-2.24547070748244604	2.86276820088619877
461293269.852309465408	1520345.929929226171	-3295388.354621213861	-463077.694434542092	1.73716523663450984	-2.24546588920690304	2.86279047611862669
461293269.869121968746	1520342.792769219726	-3295398.373431468382	-463020.700541550934	1.73714113574463558	-2.24546107121371641	2.86281275200411933
461293269.885934472084	1520339.655251646647	-3295408.391414853279	-462963.706522277091	1.73711703454447819	-2.24545625355814638	2.86283502822325797
461293269.902746975422	1520336.517282966292	-3295418.408619691152	-462906.712387649808	1.73709293303631185	-2.24545143622943755	2.86285730477313427
461293269.919559478760	1520333.378963187803	-3295428.424982079305	-462849.718136959826	1.73706886324207721	-2.24544671567316545	2.86287947736374759
461293269.936371982098	1520330.240221002139	-3295438.440538878087	-462792.723758803506	1.73704483275901955	-2.24544211694393381	2.86290151946606297
461293269.953184485435	1520327.101086135488	-3295448.455248598941	-462735.729268157447	1.73702080198259479	-2.24543751854421281	2.86292356188485098
461293269.969996988773	1520323.962732990272	-3295458.469746206887	-462678.735523684300	1.73699677091281757	-2.24543292047400866	2.86294560462009695
461293269.986809492111	1520320.822816991713	-3295468.482833619229	-462621.740806608635	1.73697273989323531	-2.24542832278544813	2.86296764735567866
461293270.003621935844	1520317.682464085519	-3295478.495081315283	-462564.746175668261	1.73694870823755498	-2.24542372537070811	2.86298969072282539
461293270.020434439182	1520314.541751570767	-3295488.506506112404	-462507.751235504868	1.73692467762339420	-2.24541904416339255	2.86301176761839038
461293270.037246942520	1520311.400606099516	-3295498.517160812393	-462450.756189960404	1.73690064839588221	-2.24541425703098119	2.86303388677926662
461293270.054059445858	1520308.259076319868	-3295508.526957538445	-462393.761010071554	1.73687661920503356	-2.24540947028760929	2.86305600595318044
461293270.070871949196	1520305.117148323217	-3295518.535959949251	-462336.765716012917	1.73685258936460674	-2.24540468382009228	2.86307812577352649
461293270.087684452534	1520301.974836734124	-3295528.544119497761	-462279.770314449677	1.73682855921811830	-2.24539989768324189	2.86310024592310652
461293270.104496955872	1520298.832095027901	-3295538.551488012075	-462222.774795872043	1.73680452876558356	-2.24539511187706520	2.86312236640190321
461293270.121309459209	1520295.688978703460	-3295548.558006722480	-462165.779168127978	1.73678045639979817	-2.24539032972164510	2.86314435473390505
461293270.138121962547	1520292.545443640323	-3295558.563725181390	-462108.783434772224	1.73675635150270269	-2.24538555031824716	2.86316624326731217
461293270.154934465885	1520289.401558083249	-3295568.568587069400	-462051.787537842290	1.73673224629927003	-2.24538077125018809	2.86318813213109191
461293270.171746969223	1520286.257220804226	-3295578.572673319373	-461994.791566423140	1.73670814079176816	-2.24537599250671338	2.86321002132234348
461293270.188559472561	1520283.112511001062	-3295588.575936794747	-461937.795467059012	1.73668403532479565	-2.24537121414250951	2.86323191052712867
461293270.205371975899	1520279.967391857412	-3295598.578374677338	-461880.799267317576	1.73665992920770029	-2.24536643605539377	2.86325380037519928
461293270.222184479237	1520276.821894575842	-3295608.579968564212	-461823.802943204762	1.73663584110028912	-2.24536171211610514	2.86327591204338106
461293270.238996982574	1520273.675954790786	-3295618.580795331392	-461766.806495178782	1.73661176809490669	-2.24535703375804507	2.86329821029335108
461293270.255809485912	1520270.529663061025	-3295628.580742429011	-461709.809922550688	1.73658769513254851	-2.24535235579077508	2.86332050854785303
461293270.272621989250	1520267.382934730966	-3295638.579920930322	-461652.813283744093	1.73656362152573940	-2.24534767810419833	2.86334280744535041
461293270.289434492588	1520264.235818272224	-3295648.578276825137	-461595.816495137347	1.73653954761861340	-2.24534300075158333	2.86336510666610966
461293270.306246936321	1520261.088306156918	-3295658.575753182638	-461538.819794096984	1.73651547375607063	-2.24533832378258946	2.86338740588941842
461293270.323059439659	1520257.940397117520	-3295668.572473845445	-461481.822785957542	1.73649193196251428	-2.24533338456914500	2.86340905680419144
461293270.339871942997	1520254.792107920162	-3295678.568316856399	-461424.825642763812	1.73646867977510411	-2.24532830278461537	2.86343035487544029
461293270.356684446335	1520251.643391301157	-3295688.563406400848	-461367.828413428448	1.73644542727203888	-2.24532322131525008	2.86345165328560869
461293270.373496949673	1520248.494301801780	-3295698.557628736831	-461310.831061153323	1.73642217478806415	-2.24531814020926657	2.86347295172626293
461293270.390309453011	1520245.344806254609	-3295708.551042340230	-461253.833562402404	1.73639892165822829	-2.24531305934871961	2.86349425080846620
461293270.407121956348	1520242.194911697414	-3295718.543642187957	-461196.835977048962	1.73637566821277267	-2.24530797880335964	2.86351555022955218
461293270.423934459686	1520239.044590195175	-3295728.535463553388	-461139.838282991142	1.73635162305414958	-2.24530289090885926	2.86353765983075270
461293270.440746963024	1520235.893893322907	-3295738.526409065351	-461082.840477874444	1.73632674720756874	-2.24529779537940577	2.86356061953044172
461293270.457559466362	1520232.742783485213	-3295748.516586429439	-461025.842538625293	1.73630187066652986	-2.24529270014969162	2.86358357992253287
461293270.474371969700	1520229.591323954053	-3295758.505859491415	-460968.844474543410	1.73627699378654898	-2.24528760527890903	2.86360654067791609
461293270.491184473038	1520226.439431542065	-3295768.494362418540	-460911.846305080398	1.73625211656989009	-2.24528251075630081	2.86362950179369724
461293270.507996976376	1520223.287161850836	-3295778.482047349215	-460854.848013137351	1.73622723936984236	-2.24527741665179859	2.86365246294362175
461293270.524809479713	1520220.134439687245	-3295788.468930588569	-460797.849644812930	1.73620340127027384	-2.24527203644287221	2.86367394342210702
461293270.541621983051	1520216.981356958626	-3295798.454974322580	-460740.851141895982	1.73617986423165216	-2.24526657353757297	2.86369499486836832
461293270.558434486389	1520213.829070370412	-3295808.440780097619	-460683.853330511716	1.73615632685491028	-2.24526111093672220	2.86371604667675062
461293270.575246989727	1520210.675171166658	-3295818.425199621823	-460626.854608061432	1.73613278947657856	-2.24525564870470662	2.86373709854520353
461293270.592059493065	1520207.520890444983	-3295828.408792108297	-460569.855752680742	1.73610925142213413	-2.24525018671994969	2.86375815107970677
461293270.608871936798	1520204.366217952920	-3295838.391532466747	-460512.856988420011	1.73608571302810399	-2.24524472504684214	2.86377920397821395
461293270.625684440136	1520201.211117755389	-3295848.373499322217	-460455.857911843865	1.73606160464157488	-2.24523986142590370	2.86380135524008539
461293270.642496943474	1520198.055652000709	-3295858.354609391652	-460398.858724440273	1.73603731034212228	-2.24523519235749447	2.86382386412406698
461293270.659309446812	1520194.899778551422	-3295868.334928089753	-460341.859404334857	1.73601301574081779	-2.24523052362566311	2.86384637333281766
461293270.676121950150	1520191.743501367047	-3295878.314431203529	-460284.859973633487	1.73598872083692934	-2.24522585523400497	2.86386888286727936
461293270.692934453487	1520188.586817948846	-3295888.293110093102	-460227.860444216523	1.73596442597848033	-2.24522118723205333	2.86389139240377233
461293270.709746956825	1520185.429755961057	-3295898.270952174440	-460170.860776882386	1.73594013046872764	-2.24521651952434853	2.86391390259056111
461293270.726559460163	1520182.272250079783	-3295908.248004005291	-460113.861024608486	1.73591641636062177	-2.24521162926464291	2.86393559626617389
461293270.743371963501	1520179.114386689151	-3295918.224217725918	-460056.861139404180	1.73589278425075455	-2.24520670779351050	2.86395717469705335
461293270.760184466839	1520175.956124297110	-3295928.199599878397	-459999.861131488171	1.73586915217153748	-2.24520178668900972	2.86397875314836092
461293270.776996970177	1520172.797447524266	-3295938.174190762918	-459942.861028413055	1.73584551944502730	-2.24519686584850087	2.86400033224195205
461293270.793809473515	1520169.638380723540	-3295948.147943136748	-459885.860800965223	1.73582188640983959	-2.24519194532511168	2.86402191166736042
461293270.810621976852	1520166.478930750163	-3295958.120885841548	-459828.860454360896	1.73579825306524049	-2.24518702512243751	2.86404349142552839
461293270.827434480190	1520163.319044542732	-3295968.093012550846	-459771.860005718307	1.73577422898768585	-2.24518214909927494	2.86406566714686583
461293270.844246983528	1520160.158803866245	-3295978.064302551560	-459714.859425805800	1.73575012686792696	-2.24517728204067391	2.86408796154082523
461293270.861059486866	1520156.998141972115	-3295988.034772433806	-459657.858745517617	1.73572602443588919	-2.24517241531270395	2.86411025627001203
461293270.877871990204	1520153.837062178180	-3295998.004456856288	-459600.857954862469	1.73570192169083937	-2.24516754891896086	2.86413255133536859
461293270.894684493542	1520150.675615121145	-3296007.973284075037	-459543.857031045016	1.73567781897806994	-2.24516268291178589	2.86415484641626339
461293270.911496937275	1520147.513756621163	-3296017.941279235296	-459486.856208800629	1.73565371560629900	-2.24515781719010343	2.86417714215486408
461293270.928309440613	1520144.351490192348	-3296027.908480772749	-459429.855063788884	1.73563069613294174	-2.24515270211596096	2.86419843113474037
461293270.945121943951	1520141.188852605643	-3296037.874867100269	-459372.853799621225	1.73560769644622925	-2.24514758285595084	2.86421970178069207
461293270.961934447289	1520138.025794339599	-3296047.840426071547	-459315.852448620717	1.73558469611616784	-2.24514246384065208	2.86424097306858316
461293270.978746950626	1520134.862325831549	-3296057.805173839908	-459258.850970155443	1.73556169547165262	-2.24513734512958862	2.86426224469327639
461293270.995559453964	1520131.698481400730	-3296067.769104585983	-459201.849348537507	1.73553869451269582	-2.24513222672276758	2.86428351665475933
461293271.012371957302	1520128.534233812941	-3296077.732212492265	-459144.847629867378	1.73551569356895752	-2.24512710867610288	2.86430478864691818
461293271.029184460640	1520125.369596755132	-3296087.694474641234	-459087.845800369454	1.73549154995889587	-2.24512224714242326	2.86432714966934210
461293271.045996963978	1520122.204531588824	-3296097.655957242008	-459030.843882838089	1.73546735612071279	-2.24511739714932324	2.86434955859906237
461293271.062809467316	1520119.039086258039	-3296107.616613781545	-458973.841811703984	1.73544316197071646	-2.24511254748624944	2.86437196786336434
461293271.079621970654	1520115.873269922333	-3296117.576403451618	-458916.839639963175	1.73541896785250715	-2.24510769821965805	2.86439437714382450
461293271.096434473991	1520112.707029681653	-3296127.535404821858	-458859.837354530755	1.73539477307445922	-2.24510284923818659	2.86441678708296932
461293271.113246977329	1520109.540353642311	-3296137.493634595536	-458802.834962056077	1.73537068183024035	-2.24509801417439636	2.86443908001896164
461293271.130059480667	1520106.373334880685	-3296147.450988858007	-458745.832449964131	1.73534778551529856	-2.24509333582303805	2.86446002275924538
461293271.146871984005	1520103.207112857606	-3296157.408097936306	-458688.830642950255	1.73532488924499484	-2.24508865781586753	2.86448096550359654
461293271.163684487343	1520100.039280332625	-3296167.363836526405	-458631.827899443335	1.73530199236227678	-2.24508398005714360	2.86450190885581124
461293271.180496990681	1520096.871038117679	-3296177.318756669294	-458574.825042015407	1.73527909519531565	-2.24507930259654254	2.86452285251445149
461293271.197309434414	1520093.702401218237	-3296187.272823223844	-458517.822274045786	1.73525619807154929	-2.24507462548731285	2.86454379617901989
461293271.214121937752	1520090.533342749346	-3296197.226119048428	-458460.819197085337	1.73523322755149101	-2.24506993994417314	2.86456481816216746
461293271.230934441090	1520087.363918313291	-3296207.178565265145	-458403.815995751997	1.73520909452989702	-2.24506511620382998	2.86458708134603324
461293271.247746944427	1520084.194107042393	-3296217.130185516551	-458346.812678356189	1.73518496119875376	-2.24506029279402375	2.86460934486246144
461293271.264559447765	1520081.023866891861	-3296227.081000179052	-458289.809271034319	1.73516082755733048	-2.24505546971835246	2.86463160871238998
461293271.281371951103	1520077.853244824102	-3296237.030994975474	-458232.805717237643	1.73513669395134817	-2.24505064702853874	2.86465387257564474
461293271.298184454441	1520074.682228102814	-3296246.980167195201	-458175.802051181090	1.73511255968867095	-2.24504582462474156	2.86467613709347679
461293271.314996957779	1520071.510787831154	-3296256.928521792404	-458118.798303278920	1.73508867242704379	-2.24504100964915043	2.86469817436776664
461293271.331809461117	1520068.338992141653	-3296266.876054097898	-458061.794397018501	1.73506600937225608	-2.24503623015215048	2.86471908517055684
461293271.348621964455	1520065.166767675895	-3296276.822791979648	-458004.790407479974	1.73504334635441371	-2.24503145099729062	2.86473999598189488
461293271.365434467793	1520061.994144740282	-3296286.768679844681	-457947.786302127934	1.73502068272309162	-2.24502667208596440	2.86476090740465494
461293271.382246971130	1520058.821140421089	-3296296.713740608189	-457890.782063844905	1.73499801880314730	-2.24502189346928116	2.86478181913785912
461293271.399059474468	1520055.647747508716	-3296306.657981608529	-457833.777716626879	1.73497535459384711	-2.24501711515083580	2.86480273118244932
461293271.415871977806	1520052.473923468497	-3296316.601423836779	-457776.773243604810	1.73495267202139480	-2.24501233568240410	2.86482366166619418
461293271.432684481144	1520049.299704140518	-3296326.544046408962	-457719.768699187611	1.73492795733171845	-2.24500739215663314	2.86484662765789899
461293271.449496984482	1520046.125094473362	-3296336.485848812852	-457662.764023501019	1.73490324231589854	-2.24500244898029955	2.86486959399917840
461293271.466309487820	1520042.950094381580	-3296346.426819878630	-457605.759209898650	1.73487852697320744	-2.24499750615700133	2.86489256069096854
461293271.483121991158	1520039.774690693244	-3296356.366975292098	-457548.754285698116	1.73485381165761066	-2.24499256374015843	2.86491552740313349
461293271.499934434891	1520036.598867732566	-3296366.306291082874	-457491.749491820636	1.73482909566123045	-2.24498762162294785	2.86493849479589047
461293271.516746938229	1520033.422649222193	-3296376.244840924162	-457434.744363526290	1.73480475709374882	-2.24498273923391745	2.86496101910496481
461293271.533559441566	1520030.246083199512	-3296386.182502243202	-457377.739084969566	1.73478133266154333	-2.24497800090378341	2.86498247039805509
461293271.550371944904	1520027.069059737725	-3296396.119396157097	-457320.733735248505	1.73475790760032278	-2.24497326282834342	2.86500392231541934
461293271.567184448242	1520023.891669850331	-3296406.055447663646	-457263.728247611201	1.73473448224276483	-2.24496852507248468	2.86502537455222717
461293271.583996951580	1520020.713876481634	-3296415.990694678854	-457206.722656024096	1.73471105659111124	-2.24496378762544779	2.86504682710561109
461293271.600809454918	1520017.535659810062	-3296425.925146128051	-457149.716964290768	1.73468763098028944	-2.24495905054132949	2.86506827966786615
461293271.617621958256	1520014.357086668722	-3296435.858715989627	-457092.711123959336	1.73466402532014241	-2.24495426785293706	2.86508996180377951
461293271.634434461594	1520011.178110769717	-3296445.791496208403	-457035.705174922652	1.73463994073301442	-2.24494936314142191	2.86511225501264777
461293271.651246964931	1520007.998701798962	-3296455.723461773247	-456978.699125509360	1.73461585583188427	-2.24494445875660320	2.86513454855824445
461293271.668059468269	1520004.818908629706	-3296465.654627755750	-456921.692984261201	1.73459177095879968	-2.24493955476571383	2.86515684212379007
461293271.684871971607	1520001.638741262024	-3296475.584948103409	-456864.686679437000	1.73456768542525763	-2.24493465105584233	2.86517913634849686
461293271.701684474945	1519998.458147387719	-3296485.514449387789	-456807.680291104596	1.73454359957775806	-2.24492974767268949	2.86520143090988721
461293271.718496978283	1519995.277161436155	-3296495.443136696704	-456750.673778631608	1.73452001993030169	-2.24492497138037317	2.86522325058757543
461293271.735309481621	1519992.096986655612	-3296505.371577634942	-456693.668013762159	1.73449720917273642	-2.24492038785165837	2.86524434892146385
461293271.752121984959	1519988.915207384853	-3296515.298621855211	-456636.661272966652	1.73447439781100887	-2.24491580456663486	2.86526544785751236
461293271.768934488297	1519985.733028831426	-3296525.224859430920	-456579.654432025563	1.73445158616909345	-2.24491122158799561	2.86528654709589681
461293271.785746991634	1519982.550460422412	-3296535.150258416310	-456522.647466711758	1.73442877424848674	-2.24490663890856679	2.86530764663470539
461293271.802559435368	1519979.367478163680	-3296545.074798847549	-456465.640578743885	1.73440596237763156	-2.24490205656948305	2.86532874616839717
461293271.819371938705	1519976.184092532378	-3296554.998583572917	-456408.633421218139	1.73438261995626553	-2.24489734665010499	2.86535032983056137
461293271.836184442043	1519973.000323757762	-3296564.921529591084	-456351.626101779402	1.73435830624723253	-2.24489240282371849	2.86537279974909920
461293271.852996945381	1519969.816138285212	-3296574.843675613869	-456294.618699061859	1.73433399256553278	-2.24488745939046463	2.86539526968891600
461293271.869809448719	1519966.631583220558	-3296584.764955717139	-456237.611175067257	1.73430967821470028	-2.24488251624349289	2.86541774029611229
