369005331.750101745129 0.000085000000
369005331.750101745129	-2665382.250573235098	2489624.927402335219	-307806.717765335168	1.40638098978270221	0.86528094762737373	2.90626918269186474
369005331.767101764679	-2665381.391657563858	2489633.782941193320	-307748.826112701383	1.40640542048174577	0.86528451273919493	2.90628558577900042
369005331.784101724625	-2665380.532038868871	2489642.637789837550	-307690.934592244506	1.40642985120430719	0.86528807757326998	2.90630198897476566
369005331.801101744175	-2665379.671733962372	2489651.492037112825	-307633.042781333206	1.40645428212191770	0.86529164215343635	2.90631839239446954
369005331.818101763725	-2665378.810722483322	2489660.345719279721	-307575.150883099006	1.40647871340680775	0.86529520649993596	2.90633479615433998
369005331.835101723671	-2665377.949040224776	2489669.198694046121	-307517.259125599579	1.40650314471657945	0.86529877056150240	2.90635120002463898
369005331.852101743221	-2665377.086646972224	2489678.051082655787	-307459.367085957667	1.40652716335282579	0.86530228977766099	2.90636730440050783
369005331.869101762772	-2665376.223566547502	2489686.902844477911	-307401.474957558326	1.40655010508760592	0.86530569241188293	2.90638262708000772
369005331.886101722717	-2665375.361059374176	2489695.753780358005	-307343.582544609962	1.40657304683590079	0.86530909480127960	2.90639794985311983
369005331.903101742268	-2665374.496608546935	2489704.604258308653	-307285.690280037234	1.40659598875880221	0.86531249696854917	2.90641327282757933
369005331.920101761818	-2665373.631455533672	2489713.454155913554	-307227.797914596973	1.40661893101879909	0.86531589892920746	2.90642859611295590
369005331.937101721764	-2665372.765596373007	2489722.303364385851	-307169.905682994577	1.40664187329228274	0.86531930064503293	2.90644391949191361
369005331.954101741314	-2665371.899083206430	2489731.151982448995	-307112.013159049384	1.40666521713782289	0.86532278452347422	2.90645953442726013
369005331.971101760864	-2665371.031830969732	2489739.999989857432	-307054.120565106161	1.40668941797444425	0.86532644402166092	2.90647577148048075
369005331.988101720810	-2665370.163934250828	2489748.847309414763	-306996.228108345356	1.40671361884144197	0.86533010323571091	2.90649200864943458
369005332.005101740360	-2665369.295340680983	2489757.694045006298	-306938.335377999931	1.40673781990594327	0.86533376220447888	2.90650824604459945
369005332.022101759911	-2665368.426013979129	2489766.540175135247	-306880.442536793882	1.40676202133926598	0.86533742094528043	2.90652448378195638
369005332.039101719856	-2665367.556033414789	2489775.385592562146	-306822.549848206341	1.40678622280292998	0.86534107940193639	2.90654072163500787
369005332.056101739407	-2665366.685339065734	2489784.230459449813	-306764.656863702403	1.40680987509841482	0.86534461075284852	2.90655689740753020
369005332.073101758957	-2665365.813956083730	2489793.074664728716	-306706.763785685529	1.40683295057004121	0.86534800858786698	2.90657300804751095
369005332.090101718903	-2665364.941886063199	2489801.918251294643	-306648.870837723254	1.40685602605672666	0.86535140616848094	2.90658911877741089
369005332.107101738453	-2665364.069111041259	2489810.761214916129	-306590.977619731799	1.40687910172119457	0.86535480351376703	2.90660522971140267
369005332.124101758003	-2665363.195673977491	2489819.603557246272	-306533.084331761522	1.40690217772826465	0.86535820063202662	2.90662134096641100
369005332.141101717949	-2665362.321527599357	2489828.445239677560	-306475.191168842022	1.40692525375105904	0.86536159749228525	2.90663745231222004
369005332.158101737499	-2665361.446676297579	2489837.286284788046	-306417.297703816730	1.40694875082163628	0.86536510236347453	2.90665360075622026
369005332.175101757050	-2665360.571154164150	2489846.126767206471	-306359.404185452615	1.40697259372495953	0.86536869586416176	2.90666977981756025
369005332.192101716995	-2665359.694936586078	2489854.966543020681	-306301.510784059006	1.40699643665405061	0.86537228909296393	2.90668595898669668
369005332.209101736546	-2665358.817994267214	2489863.805764955934	-306243.617076527677	1.40702027977422617	0.86537588208468708	2.90670213837461944
369005332.226101756096	-2665357.940386493225	2489872.644303987734	-306185.723326567793	1.40704412325777528	0.86537947483823552	2.90671831810147596
369005332.243101716042	-2665357.062114520930	2489881.482224210631	-306127.829677682952	1.40706796676705825	0.86538306731989101	2.90673449793609207
369005332.260101735592	-2665356.183105381206	2489890.319510486443	-306069.935760657710	1.40709208949385256	0.86538664334911175	2.90675057568448292
369005332.277101755142	-2665355.303437316790	2489899.156202502549	-306012.041761543718	1.40711639026509561	0.86539020881631223	2.90676658862516391
369005332.294101774693	-2665354.423040891532	2489907.992266383953	-305954.147675562825	1.40714069105658779	0.86539377402411588	2.90678260167248670
369005332.311101734638	-2665353.541978057474	2489916.827621939126	-305896.253748849384	1.40716499204451551	0.86539733896764870	2.90679861494633540
369005332.328101754189	-2665352.660229360219	2489925.662438751198	-305838.359505796689	1.40718929339671717	0.86540090368509948	2.90681462855563000
369005332.345101773739	-2665351.777772339527	2489934.496621046681	-305780.465186098823	1.40721359476983054	0.86540446813955629	2.90683064227244392
369005332.362101733685	-2665350.894640190061	2489943.330139245372	-305722.571010232263	1.40723797486312741	0.86540791961066366	2.90684690760884257
369005332.379101753235	-2665350.010778739583	2489952.163041695021	-305664.676535581995	1.40726237694096534	0.86541133980826890	2.90686324250964612
369005332.396101772785	-2665349.126254903153	2489960.995316429529	-305606.781995941012	1.40728677903508492	0.86541475972697024	2.90687957751188364
369005332.413101732731	-2665348.241045349278	2489969.826930127107	-305548.887584923708	1.40731118131750921	0.86541817938599896	2.90689591273129633
369005332.430101752281	-2665347.355140225496	2489978.657945678569	-305490.992888438981	1.40733558395957048	0.86542159880816927	2.90691224828271721
369005332.447101771832	-2665346.468546777964	2489987.488348477520	-305433.098115079920	1.40735998661648654	0.86542501795860494	2.90692858393370690
369005332.464101731777	-2665345.582490954548	2489996.317909041885	-305375.203065709909	1.40738368168249028	0.86542881773857772	2.90694419909614110
369005332.481101751328	-2665344.694525294472	2490005.147042947821	-305317.308135508036	1.40740736137983502	0.86543262576530144	2.90695979857580644
369005332.498101770878	-2665343.805817861576	2490013.975573610514	-305259.413131985173	1.40743104110796624	0.86543643355085109	2.90697539817080175
369005332.515101730824	-2665342.916464056354	2490022.803431489505	-305201.518244973850	1.40745472104079217	0.86544024108128204	2.90699099800084015
369005332.532101750374	-2665342.026396627072	2490031.630682443269	-305143.623082945414	1.40747840134041247	0.86544404840366551	2.90700659817012452
369005332.549101769924	-2665341.135648360010	2490040.457332460675	-305085.727818386862	1.40750208167426449	0.86544785546691794	2.90702219845927079
369005332.566101729870	-2665340.244214065373	2490049.283286875114	-305027.832697888021	1.40752673913345316	0.86545152782217494	2.90703885598894418
369005332.583101749420	-2665339.352058583405	2490058.108678841032	-304969.937307127810	1.40755139781845529	0.86545519982823305	2.90705551478727875
369005332.600101768970	-2665338.459234624170	2490066.933374588378	-304912.041843523853	1.40757605653417417	0.86545887154573720	2.90707217370196824
369005332.617101728916	-2665337.565709522925	2490075.757477490697	-304854.146490970161	1.40760071545373466	0.86546254299927328	2.90708883285010966
369005332.634101748466	-2665336.671497988515	2490084.580944361631	-304796.250863397727	1.40762537475165783	0.86546621420624159	2.90710549235063231
369005332.651101768017	-2665335.776607166044	2490093.403816911858	-304738.355148501578	1.40764992157149682	0.86546991399926321	2.90712205213902042
369005332.668101727962	-2665334.880998522975	2490102.225989248138	-304680.459574569541	1.40767403684111514	0.86547372433385639	2.90713822906863539
369005332.685101747513	-2665333.984705266543	2490111.047594881151	-304622.563714941614	1.40769815248701580	0.86547753443982367	2.90715440634866384
369005332.702101767063	-2665333.087719036732	2490119.868582197465	-304564.667764896294	1.40772226816844803	0.86548134427681001	2.90717058374889437
369005332.719101727009	-2665332.190048310440	2490128.688922471367	-304506.771921141306	1.40774638405750752	0.86548515385601188	2.90718676138669530
369005332.736101746559	-2665331.291665245779	2490137.508599718567	-304448.875843461137	1.40777050032213014	0.86548896321015623	2.90720293937397223
369005332.753101766109	-2665330.392621403560	2490146.327669622842	-304390.979673471767	1.40779470803560880	0.86549272868974014	2.90721917395179297
369005332.770101726055	-2665329.492867812049	2490155.146134580020	-304333.083619993180	1.40781919478121220	0.86549636093430626	2.90723558100385793
369005332.787101745605	-2665328.592419596855	2490163.963952678256	-304275.187284602434	1.40784368190061349	0.86549999293431301	2.90725198840319132
369005332.804101765156	-2665327.691303518135	2490172.781157980207	-304217.290877570340	1.40786816904646805	0.86550362465908204	2.90726839591453556
369005332.821101725101	-2665326.789478270337	2490181.597675123718	-304159.394606039976	1.40789265639277916	0.86550725612215040	2.90728480365595798
369005332.838101744652	-2665325.886960599571	2490190.413621117361	-304101.498036931152	1.40791714411147395	0.86551088734781789	2.90730121174279788
369005332.855101764202	-2665324.983751564752	2490199.228927243501	-304043.601403059030	1.40794169515006207	0.86551431489886377	2.90731761483685691
369005332.872101724148	-2665324.079846586566	2490208.043596080039	-303985.704909694497	1.40796632485521833	0.86551748997640021	2.90733401181104645
369005332.889101743698	-2665323.175270457286	2490216.857673264574	-303927.808117087581	1.40799095491125215	0.86552066480484513	2.90735040910729658
369005332.906101763248	-2665322.269972010981	2490225.671085475013	-303869.911249728582	1.40801558496812440	0.86552383936352384	2.90736680648958767
369005332.923101723194	-2665321.364020105451	2490234.483847554773	-303812.014509101806	1.40804021520291456	0.86552701365199747	2.90738320407863826
369005332.940101742744	-2665320.457337309606	2490243.296029696241	-303754.117476111103	1.40806484578578184	0.86553018770571932	2.90739960198607950
369005332.957101762295	-2665319.549981664401	2490252.107558944263	-303696.220373371034	1.40808930478510619	0.86553353554696333	2.90741592787655501
369005332.974101722240	-2665318.641915912274	2490260.918476838153	-303638.323392129911	1.40811358505704409	0.86553706463640900	2.90743217879835480
369005332.991101741791	-2665317.733180714771	2490269.728725216817	-303580.426158204558	1.40813786569407928	0.86554059348521484	2.90744843005852038
369005333.008101761341	-2665316.823758394457	2490278.538402958307	-303522.528814622550	1.40816214635246073	0.86554412206056153	2.90746468142490233
369005333.025101721287	-2665315.913621397223	2490287.347407490946	-303464.631599893211	1.40818642720266407	0.86554765038603276	2.90748093301173993
369005333.042101740837	-2665315.004061709158	2490296.155644740909	-303406.733700067212	1.40821070841724416	0.86555117847443452	2.90749718493600495
369005333.059101760387	-2665314.092536657117	2490304.963425260969	-303348.836146991060	1.40823455672932929	0.86555440847470899	2.90751325849963216
369005333.076101720333	-2665313.180356299039	2490313.770514456555	-303290.938720876758	1.40825818788617885	0.86555748870748117	2.90752924267390567
369005333.093101739883	-2665312.267452544067	2490322.577035522088	-303233.040976742806	1.40828181937350383	0.86556056871807652	2.90754522715170527
369005333.110101759434	-2665311.353873494081	2490331.382931915112	-303175.143186625966	1.40830545085735226	0.86556364847638323	2.90756121170553472
369005333.127101719379	-2665310.439589693211	2490340.188124882057	-303117.245518465119	1.40832908250710354	0.86556672798488710	2.90757719645230273
369005333.144101738930	-2665309.524605987594	2490348.992762981914	-303059.347567931574	1.40835271448730381	0.86556980727119792	2.90759318150256885
369005333.161101758480	-2665308.608954467811	2490357.796788231935	-303001.449545759009	1.40837657686928686	0.86557317909291909	2.90760926525934016
369005333.178101718426	-2665307.692590319552	2490366.600133784115	-302943.551623211068	1.40840052760043921	0.86557666269530387	2.90762538697069806
369005333.195101737976	-2665306.775554242078	2490375.402866190765	-302885.653461292794	1.40842447868831200	0.86558014606934985	2.90764150901241347
369005333.212101757526	-2665305.857812746428	2490384.204970255960	-302827.755183529458	1.40844842979447304	0.86558362917928655	2.90765763115506282
369005333.229101717472	-2665304.939385899343	2490393.006462076213	-302769.857051028579	1.40847238108846873	0.86558711204119820	2.90767375351379531
369005333.246101737022	-2665304.020277077798	2490401.807302551810	-302711.958629966830	1.40849633274053954	0.86559059466757149	2.90768987620467056
369005333.263101756573	-2665303.100439099129	2490410.607549621258	-302654.060161008616	1.40852063821362217	0.86559413041006328	2.90770678922673564
369005333.280101716518	-2665302.179945487529	2490419.407112743706	-302596.161781476694	1.40854504213641718	0.86559768068745757	2.90772392192156293
369005333.297101736069	-2665301.258746179286	2490428.206073252950	-302538.263138808368	1.40856944642746340	0.86560123072337436	2.90774105496187252
369005333.314101755619	-2665300.336859841831	2490437.004434923641	-302480.364396934165	1.40859385074404475	0.86560478047033895	2.90775818810678466
369005333.331101715565	-2665299.414292267989	2490445.802106405608	-302422.465812664304	1.40861825525957274	0.86560832994131176	2.90777532147943996
369005333.348101735115	-2665298.491000203416	2490454.599167522974	-302364.566943155311	1.40864266014332218	0.86561187917078664	2.90779245519754692
369005333.365101754665	-2665297.567040347494	2490463.395615763962	-302306.668002008577	1.40866701307326059	0.86561541402351216	2.90780873319351940
369005333.382101774216	-2665296.642393418588	2490472.191493315157	-302248.768951205187	1.40869136408136386	0.86561894801445627	2.90782497385409666
369005333.399101734161	-2665295.717037778348	2490480.986689007375	-302190.870030916820	1.40871571511028959	0.86562248173495315	2.90784121462086231
369005333.416101753712	-2665294.791012697853	2490489.781243283302	-302132.970847493852	1.40874006650543593	0.86562601521428861	2.90785745572668919
369005333.433101773262	-2665293.864256890491	2490498.575225656386	-302075.071590520325	1.40876441791862317	0.86562954843753226	2.90787369693505715
369005333.450101733208	-2665292.936844025273	2490507.368447313551	-302017.172471186786	1.40878867059089252	0.86563310267082461	2.90788986503272939
369005333.467101752758	-2665292.008712816052	2490516.161140859593	-301959.273031943652	1.40881236364399376	0.86563677708772779	2.90790561839098238
369005333.484101772308	-2665291.079922821838	2490524.953226180747	-301901.373553135723	1.40883605706060111	0.86564045127881473	2.90792137208649271
369005333.501101732254	-2665290.150419447105	2490533.744624100160	-301843.474191298592	1.40885975050452439	0.86564412521281997	2.90793712589320119
369005333.518101751804	-2665289.220238764770	2490542.535404325463	-301785.574543994910	1.40888344431193691	0.86564779892099619	2.90795288003714925
369005333.535101771355	-2665288.289360789582	2490551.325609493535	-301727.674809366115	1.40890713814595658	0.86565147237567552	2.90796863429136909
369005333.552101731300	-2665287.357762022410	2490560.115087262355	-301669.775227813690	1.40893094755515280	0.86565512589113647	2.90798450067089176
369005333.569101750851	-2665286.425488998182	2490568.904002540745	-301611.875338232727	1.40895531571614785	0.86565868381689459	2.90800090894247720
369005333.586101770401	-2665285.492536004167	2490577.692315712105	-301553.975378676318	1.40897968389916062	0.86566224147278803	2.90801731732013335
369005333.603101730347	-2665284.560171527788	2490586.479742606636	-301496.075189204013	1.40900405227941183	0.86566579886105999	2.90803372592462761
369005333.620101749897	-2665283.625829358120	2490595.266785442829	-301438.175065907009	1.40902842102592785	0.86566935601626149	2.90805013486859165
369005333.637101769447	-2665282.690777861048	2490604.053179530427	-301380.274888296088	1.40905278979373971	0.86567291290517823	2.90806654391768715
369005333.654101729393	-2665281.755055685993	2490612.838950432371	-301322.374820073484	1.40907687915652335	0.86567654090711388	2.90808277045923091
369005333.671101748943	-2665280.818640122190	2490621.624079706613	-301264.474497502786	1.40910047425299867	0.86568029496400656	2.90809867407331879
369005333.688101768494	-2665279.881538809743	2490630.408595967572	-301206.574063843640	1.40912406938304446	0.86568404875475480	2.90811457780347737
369005333.705101728439	-2665278.943740158807	2490639.192426237278	-301148.673808459309	1.40914766471163988	0.86568780230811126	2.90813048176060418
369005333.722101747990	-2665278.005242551677	2490647.975694844034	-301090.773221280426	1.40917126040652319	0.86569155563845956	2.90814638605921827
369005333.739101767540	-2665277.066047784407	2490656.758332046680	-301032.872567677463	1.40919485613288242	0.86569530871342504	2.90816229047115993
369005333.756101727486	-2665276.126173753757	2490665.540292018559	-300974.972081899527	1.40921888820216989	0.86569901038087771	2.90817847567874832
369005333.773101747036	-2665275.185620862059	2490674.321655785199	-300917.071284998674	1.40924352465084701	0.86570264095146898	2.90819504978562993
369005333.790101766586	-2665274.244361701887	2490683.102425996214	-300859.170411223196	1.40926816112504327	0.86570627124981292	2.90821162400313993
369005333.807101726532	-2665273.302424591500	2490691.882490482181	-300801.269661315018	1.40929279780185257	0.86570990127866088	2.90822819845319724
369005333.824101746082	-2665272.359759776853	2490700.661988163367	-300743.368649456417	1.40931743485218619	0.86571353107307358	2.90824477324960151
369005333.841101765633	-2665271.416425019968	2490709.440839129500	-300685.467528648791	1.40934207193075323	0.86571716058086545	2.90826134816020732
369005333.858101725578	-2665270.472412193194	2490718.219026888255	-300627.566553333483	1.40936645846035269	0.86572056463774205	2.90827793061421103
369005333.875101745129	-2665269.527690546587	2490726.996641209815	-300569.665306095441	1.40939069155255270	0.86572383035315625	2.90829451787936488
369005333.892101764679	-2665268.582288343459	2490735.773598086089	-300511.763977227267	1.40941492465327967	0.86572709579216056	2.90831110523405600
369005333.909101724625	-2665267.636166417971	2490744.549926025793	-300453.862747754087	1.40943915793336094	0.86573036097290190	2.90832769279577885
369005333.926101744175	-2665266.689364829101	2490753.325636289548	-300395.961267027596	1.40946339156362654	0.86573362591351877	2.90834428068203588
369005333.943101763725	-2665265.741904211696	2490762.100717513822	-300338.059719648736	1.40948762520306903	0.86573689057412750	2.90836086865869037
369005333.960101723671	-2665264.793713332620	2490770.875144700985	-300280.158266909188	1.40951200666214316	0.86574023270105860	2.90837740539974332
369005333.977101743221	-2665263.844848710578	2490779.648945614230	-300222.256564577925	1.40953646377670339	0.86574361422194501	2.90839391623702825
369005333.994101762772	-2665262.895282173529	2490788.422165878583	-300164.354761378723	1.40956092090404006	0.86574699547165179	2.90841042717056242
369005334.011101722717	-2665261.945046702866	2490797.194685056806	-300106.453114122385	1.40958537821998031	0.86575037645118436	2.90842693832180865
369005334.028101742268	-2665260.994082773570	2490805.966643536463	-300048.551179735572	1.40960983589212252	0.86575375720462977	2.90844344980142466
369005334.045101761818	-2665260.042448172346	2490814.737942506559	-299990.649146373034	1.40963429358043491	0.86575713766893370	2.90845996138175433
369005334.062101721764	-2665259.090120932087	2490823.508602911141	-299932.747251854860	1.40965829612293247	0.86576091599240013	2.90847630332926332
369005334.079101741314	-2665258.137104250491	2490832.278656338807	-299874.845073531556	1.40968221064524335	0.86576477137138996	2.90849261265543824
369005334.096101760864	-2665257.183393226005	2490841.048070824239	-299816.942832108005	1.40970612520638539	0.86576862648114461	2.90850892210240675
369005334.113101720810	-2665256.229006101377	2490849.816848872695	-299759.040703872859	1.40973003997632262	0.86577248133676410	2.90852523178751587
369005334.130101740360	-2665255.273898891639	2490858.585015583318	-299701.138308929338	1.40975395512228108	0.86577633596770331	2.90854154182451685
369005334.147101759911	-2665254.318105190061	2490867.352561561856	-299643.235820244416	1.40977787030703849	0.86578019032939868	2.90855785198227590
369005334.164101719856	-2665253.361641346011	2490876.119420552626	-299585.333499384229	1.40980176612342900	0.86578375825015552	2.90857394080946108
369005334.181101739407	-2665252.405727108940	2490884.885514151305	-299527.430471323896	1.40982566004586340	0.86578729300385671	2.90859000446669480
369005334.198101758957	-2665251.447861298453	2490893.651216693688	-299469.527740133810	1.40984955398857714	0.86579082749822056	2.90860606822675116
369005334.215101718903	-2665250.489318809938	2490902.416185539216	-299411.625163453689	1.40987344812344251	0.86579436173532598	2.90862213220794930
369005334.232101738453	-2665249.530058481265	2490911.180590595119	-299353.722314850544	1.40989734261480026	0.86579789575674604	2.90863819651871802
369005334.249101758003	-2665248.570126709063	2490919.944328455720	-299295.819384616392	1.40992123712845929	0.86580142950804750	2.90865426093497126
369005334.266101717949	-2665247.609494011849	2490928.707473230083	-299237.916565432213	1.40994557582749747	0.86580538367962634	2.90866995501631287
369005334.283101737499	-2665246.648181017023	2490937.469973142724	-299180.013472891471	1.40996993428568484	0.86580935597639630	2.90868563328747909
369005334.300101757050	-2665245.686170989648	2490946.231813413557	-299122.110324376321	1.40999429278511634	0.86581332801215860	2.90870131169101320
369005334.317101716995	-2665244.723460421432	2490954.993066974450	-299064.207281923678	1.41001865149818117	0.86581729980642408	2.90871699033893361
369005334.334101736546	-2665243.760069508106	2490963.753703827038	-299006.303955667128	1.41004301059864212	0.86582127137151321	2.90873266934505992
369005334.351101756096	-2665242.795975275803	2490972.513683236670	-298948.400576759013	1.41006737152433614	0.86582518061940628	2.90874843417829654
369005334.368101716042	-2665241.831216756720	2490981.273037146777	-298890.497303914104	1.41009174469091914	0.86582867088882820	2.90876477746045792
369005334.385101735592	-2665240.865730839781	2490990.031725327950	-298832.593768392806	1.41011611821936200	0.86583216092932536	2.90878112107682352
369005334.402101755142	-2665239.899562987033	2490998.789882740937	-298774.690121324966	1.41014049176670020	0.86583565069785484	2.90879746479669166
369005334.419101774693	-2665238.932709951885	2491007.547363308258	-298716.786421604629	1.41016486567861721	0.86583914022308084	2.90881380885433805
369005334.436101734638	-2665237.965164056513	2491016.304142556619	-298658.882886615174	1.41018923960940601	0.86584262947633439	2.90883015301546122
369005334.453101754189	-2665236.996933364775	2491025.060390410013	-298600.979017941863	1.41021322407430527	0.86584602644280650	2.90884628387220845
369005334.470101773739	-2665236.028004911728	2491033.815965826623	-298543.075103265466	1.41023637912304278	0.86584922720352653	2.90886196035446609
369005334.487101733685	-2665235.058388629928	2491042.570893778466	-298485.171308903315	1.41025953417465910	0.86585242772068005	2.90887763691774426
369005334.504101753235	-2665234.088073852938	2491051.325252542272	-298427.267220285779	1.41028268939310331	0.86585562800836613	2.90889331367404802
369005334.521101772785	-2665233.117061692756	2491060.078945251182	-298369.363080679730	1.41030584494300903	0.86585882807708958	2.90890899073627773
369005334.538101732731	-2665232.145388414152	2491068.832011330873	-298311.459045475000	1.41032900049849630	0.86586202788787447	2.90892466788308468
369005334.555101752281	-2665231.172977088019	2491077.584429087583	-298253.554764462053	1.41035266282736260	0.86586533142965827	2.90894066713914690
369005334.572101771832	-2665230.199903262313	2491086.336254382972	-298195.650370470248	1.41037729102276099	0.86586883283319704	2.90895728024965816
369005334.589101731777	-2665229.226136866957	2491095.087441035546	-298137.746115322225	1.41040191923757896	0.86587233396129903	2.90897389346412272
369005334.606101751328	-2665228.251656490844	2491103.837965163402	-298079.841573503218	1.41042654764609110	0.86587583483017150	2.90899050690110883
369005334.623101770878	-2665227.276517427061	2491112.587909064721	-298021.936981670035	1.41045117642394180	0.86587933544883322	2.90900712068097755
369005334.640101730824	-2665226.300674146973	2491121.337183860131	-297964.032496358617	1.41047580522253990	0.86588283578486691	2.90902373456655239
369005334.657101750374	-2665225.324143415317	2491130.085864611436	-297906.127737462812	1.41049994491032171	0.86588621574021973	2.90904007595968306
369005334.674101769924	-2665224.346915647388	2491138.833913825452	-297848.222912142344	1.41052369590199533	0.86588949995611419	2.90905620084062688
369005334.691101729870	-2665223.368988352362	2491147.581299452111	-297790.318206888041	1.41054744690260891	0.86589278390777602	2.90907232581099517
369005334.708101749420	-2665222.390376083087	2491156.328062787186	-297732.413204282930	1.41057119808028530	0.86589606760989046	2.90908845098592916
369005334.725101768970	-2665221.411061113235	2491165.074252079707	-297674.508150232432	1.41059494960042153	0.86589935109150140	2.90910457647699072
369005334.742101728916	-2665220.431072330102	2491173.819713903125	-297616.603211489273	1.41061870113151011	0.86590263429809855	2.90912070206012663
369005334.759101748466	-2665219.451649516355	2491182.564474442974	-297558.697600966552	1.41064300570645651	0.86590610267928114	2.90913713090434722
369005334.776101768017	-2665218.470276162494	2491191.308766973205	-297500.792301316338	1.41066775285530266	0.86590971910957970	2.90915380249031497
369005334.793101727962	-2665217.488193111494	2491200.052363399882	-297442.887154512631	1.41069250002990176	0.86591333526143999	2.90917047418751284
369005334.810101747513	-2665216.505432495847	2491208.795363716781	-297384.981716779061	1.41071724740740501	0.86591695114110157	2.90918714611759777
369005334.827101767063	-2665215.521987391170	2491217.537756220438	-297327.076195523434	1.41074199516087684	0.86592056677634555	2.90920381839686160
369005334.844101727009	-2665214.537833773065	2491226.279466652777	-297269.170804783236	1.41076674294074600	0.86592418212955002	2.90922049078820999
369005334.861101746559	-2665213.552998592611	2491235.020602577832	-297211.265131671098	1.41079099535399299	0.86592785343714129	2.90923705263279775
369005334.878101766109	-2665212.567457338795	2491243.761116631329	-297153.359392134473	1.41081512206740989	0.86593153881426688	2.90925358664233258
369005334.895101726055	-2665211.581246924587	2491252.500936877448	-297095.453771001543	1.41083924881402778	0.86593522390327182	2.90927012076745672
369005334.912101745605	-2665210.594324670732	2491261.240184642375	-297037.547879607708	1.41086337575983300	0.86593890874679447	2.90928665511991591
369005334.929101765156	-2665209.606736071873	2491269.978805184830	-296979.641904692922	1.41088750307830924	0.86594259334795742	2.90930318982129910
369005334.946101725101	-2665208.618443278130	2491278.716742784716	-296921.736078823858	1.41091163042790724	0.86594627767176535	2.90931972463554978
369005334.963101744652	-2665207.629447737243	2491287.454111990985	-296863.829940169351	1.41093594189197269	0.86594974909716949	2.90933616764392911
369005334.980101764202	-2665206.639772953000	2491296.190823836718	-296805.923740076192	1.41096028998018297	0.86595317834782548	2.90935259284358860
369005334.997101724148	-2665205.649396588560	2491304.926906680223	-296748.017678827862	1.41098463808303909	0.86595660733311441	2.90936901814101967
369005335.014101743698	-2665204.658338434994	2491313.662366082892	-296690.111318568583	1.41100898637488958	0.86596003605796323	2.90938544365614504
369005335.031101763248	-2665203.666590745561	2491322.397191935685	-296632.204908753687	1.41103333502736272	0.86596346454165651	2.90940186950531743
369005335.048101723194	-2665202.674143898766	2491331.131388694514	-296574.298603567993	1.41105768514277696	0.86596689854181541	2.90941829538267260
369005335.065101742744	-2665201.681004276033	2491339.864944892470	-296516.392031676078	1.41108216461376568	0.86597084899158927	2.90943471512573160
369005335.082101762295	-2665200.687173049431	2491348.597915949300	-296458.485386481450	1.41110664447309153	0.86597479921336384	2.90945113523082721
369005335.099101722240	-2665199.692651038989	2491357.330207281746	-296400.578866339638	1.41113112437834509	0.86597874914686956	2.90946755546887026
369005335.116101741791	-2665198.697434241883	2491366.061878303997	-296342.672066193481	1.41115560449935562	0.86598269882941714	2.90948397595260433
369005335.133101761341	-2665197.701532133855	2491374.792985014152	-296284.765171598585	1.41118008501139691	0.86598664826957839	2.90950039680191619
369005335.150101721287	-2665196.704944794998	2491383.523373973090	-296226.858426527528	1.41120453742958540	0.86599056222760684	2.90951679297408994
369005335.167101740837	-2665195.707652859855	2491392.253139540553	-296168.951411425020	1.41122861117692344	0.86599400197024512	2.90953285534307726
369005335.184101760387	-2665194.709676375147	2491400.982353555970	-296111.044291901169	1.41125268528012859	0.86599744148399005	2.90954891804038818
369005335.201101720333	-2665193.710995787755	2491409.710856435820	-296053.137331873120	1.41127675939976260	0.86600088073010129	2.90956498083837589
369005335.218101739883	-2665192.711641530506	2491418.438802971970	-295995.230058830231	1.41130083370552906	0.86600431972794290	2.90958104385084670
369005335.235101759434	-2665191.711595964618	2491427.166046594270	-295937.322746910912	1.41132490836849311	0.86600775848968858	2.90959710719339348
369005335.252101719379	-2665190.710845239460	2491435.892726003192	-295879.415517061017	1.41134902336734114	0.86601128192147492	2.90961319427179177
369005335.269101738930	-2665189.709410083015	2491444.618719312362	-295821.508048298012	1.41137341235714020	0.86601538179008553	2.90962944208546892
369005335.286101758480	-2665188.707276623230	2491453.344151434489	-295763.600504095608	1.41139780174206253	0.86601948143185037	2.90964569026808695
369005335.303101718426	-2665187.704470968340	2491462.068862636108	-295705.693090407527	1.41142219118096901	0.86602358078440211	2.90966193859296940
369005335.320101737976	-2665186.700949107762	2491470.793058469892	-295647.785367029428	1.41144658101362697	0.86602767991727703	2.90967818728499461
369005335.337101757526	-2665185.698020937853	2491479.516399893910	-295589.877193032880	1.41147097089956719	0.86603177876452320	2.90969443611836853
369005335.354101717472	-2665184.693114641123	2491488.239226912148	-295531.969547520450	1.41149543560049873	0.86603568681873466	2.90971080999872056
369005335.371101737022	-2665183.687517730054	2491496.961517201271	-295474.061609185592	1.41152007318102868	0.86603915351974425	2.90972747300187695
369005335.388101756573	-2665182.681251441129	2491505.683153148275	-295416.153599440120	1.41154471112937396	0.86604261996944143	2.90974413634653040
369005335.405101716518	-2665181.674282634165	2491514.404098351020	-295358.245721873129	1.41156934909683507	0.86604608613589029	2.90976079979483560
369005335.422101736069	-2665180.666634305380	2491523.124453821220	-295300.337582602398	1.41159398743073483	0.86604955205819534	2.90977746358283618
369005335.439101755619	-2665179.658263831865	2491531.844228422269	-295242.429337230744	1.41161862578236930	0.86605301770443088	2.90979412747268107
369005335.456101715565	-2665178.649234445300	2491540.563304804731	-295184.521237829351	1.41164300460640169	0.86605666075828902	2.90981036619778299
369005335.473101735115	-2665177.639497358352	2491549.281758853700	-295126.612870057696	1.41166712084108781	0.86606048347981668	2.90982617457202242
369005335.490101754665	-2665176.629049482290	2491557.999641733244	-295068.704401419614	1.41169123710939104	0.86606430594539252	2.90984198306709319
369005335.507101774216	-2665175.617944083177	2491566.716853067279	-295010.795864693122	1.41171535375606205	0.86606812817397283	2.90985779191327687
369005335.524101734161	-2665174.606132117566	2491575.433423405979	-294952.887458254758	1.41173947043700720	0.86607195014300220	2.90987360088116009
369005335.541101753712	-2665173.593641824555	2491584.149418036453	-294894.978767781809	1.41176358732358120	0.86607577186734352	2.90988941008454383
369005335.558101773262	-2665172.580448376946	2491592.864755047020	-294837.070024657820	1.41178795566291471	0.86607940970674679	2.90990560707237389
369005335.575101733208	-2665171.566570822615	2491601.579444600269	-294779.161387826665	1.41181255511648285	0.86608287822269114	2.90992216076552568
369005335.592101752758	-2665170.551980900113	2491610.293506276794	-294721.252469081723	1.41183715476168814	0.86608634648071370	2.90993871467902920
369005335.609101772308	-2665169.536712811794	2491619.006972185336	-294663.343495565408	1.41186175477259579	0.86608981449678424	2.90995526893102241
369005335.626101732254	-2665168.520754388999	2491627.719764674082	-294605.434642115375	1.41188635480307556	0.86609328222817061	2.90997182328786419
369005335.643101751804	-2665167.504096807446	2491636.431980162393	-294547.525511756714	1.41191095502380670	0.86609674970880490	2.90998837786324582
369005335.660101771355	-2665166.486744420603	2491645.143529341556	-294489.616296194552	1.41193496805495622	0.86610062577838209	2.91000411760568323
369005335.677101731300	-2665165.468723971397	2491653.854446283542	-294431.707205703540	1.41195876866859416	0.86610464942171261	2.91001956271318996
369005335.694101750851	-2665164.450003677513	2491662.564745286014	-294373.797858726233	1.41198256949427092	0.86610867283279336	2.91003500806282167
369005335.711101770401	-2665163.430576802231	2491671.274366999511	-294315.888433670800	1.41200637070112855	0.86611269602789420	2.91005045376583116
369005335.728101730347	-2665162.410463314503	2491679.983397632837	-294257.979128223495	1.41203017195221459	0.86611671896727360	2.91006589960146522
369005335.745101749897	-2665161.389683796093	2491688.691813565791	-294200.069547529216	1.41205397341666883	0.86612074166720210	2.91008134568097487
369005335.762101769447	-2665160.368159774691	2491697.399626883212	-294142.159895176068	1.41207846072822418	0.86612438426238658	2.91009768016058779
369005335.779101729393	-2665159.346000876743	2491706.106742108241	-294084.250380007259	1.41210318807477897	0.86612789354409980	2.91011432569335904
369005335.796101748943	-2665158.323122069240	2491714.813287704717	-294026.340545155574	1.41212791561556195	0.86613140256866206	2.91013097144913102
369005335.813101768494	-2665157.299552650191	2491723.519185598940	-293968.430683080922	1.41215264352620840	0.86613491134873621	2.91014761754756890
369005335.830101728439	-2665156.275303544942	2491732.224420773331	-293910.520913753076	1.41217737145947209	0.86613841983742579	2.91016426375463277
369005335.847101747990	-2665155.250344689004	2491740.929068187717	-293852.610894836311	1.41220209958557996	0.86614192807613355	2.91018091018288905
369005335.864101767540	-2665154.224700434599	2491749.633074114099	-293794.700775279372	1.41222496841964107	0.86614537444243234	2.91019591149081469
369005335.881101727486	-2665153.198368089739	2491758.336440355517	-293736.790813099360	1.41224778199832235	0.86614881874218974	2.91021086399120277
369005335.898101747036	-2665152.172605635598	2491767.039034732152	-293678.880153939186	1.41227059575272373	0.86615226282315161	2.91022581669444280
369005335.915101766586	-2665151.144888456445	2491775.741147895809	-293620.969829645881	1.41229340984438445	0.86615570670111952	2.91024076970743906
369005335.932101726532	-2665150.116492278408	2491784.442625462543	-293563.059620204498	1.41231622395087775	0.86615915034088553	2.91025572281724321
369005335.949101746082	-2665149.087379396427	2491793.143490321934	-293505.149142392620	1.41233905349203015	0.86616259455525768	2.91027068981989778
369005335.966101765633	-2665148.057584947906	2491801.843739713542	-293447.238584384439	1.41236323853835843	0.86616610836970975	2.91028687301219380
369005335.983101725578	-2665147.027108043898	2491810.543320060242	-293389.328158323653	1.41238742360605873	0.86616962190941016	2.91030305631057029
369005336.000101745129	-2665145.995931652375	2491819.242316968273	-293331.417460341298	1.41241160886358030	0.86617313520502104	2.91031923982700969
369005336.017101764679	-2665144.964080914855	2491827.940647527575	-293273.506682388892	1.41243579448477696	0.86617664825845686	2.91033542368058873
369005336.034101724625	-2665143.931532688905	2491836.638355482370	-293215.596024274651	1.41245998012596075	0.86618016104431805	2.91035160763843814
369005336.051101744175	-2665142.898265001830	2491845.335458201356	-293157.685094465502	1.41248413665025829	0.86618366412752812	2.91036768307641358
369005336.068101763725	-2665141.864330743439	2491854.031927152537	-293099.774086121877	1.41250816042030780	0.86618712399595377	2.91038326494006050
369005336.085101723671	-2665140.829684996977	2491862.727714954410	-293041.863209955860	1.41253218420565863	0.86619058360829992	2.91039884690643724
369005336.102101743221	-2665139.794376352336	2491871.422915064730	-292983.952046430670	1.41255620817700223	0.86619404297688751	2.91041442908773718
369005336.119101762772	-2665138.758358277846	2491880.117487839423	-292926.040823130752	1.41258023250301279	0.86619750212480884	2.91043001159350601
369005336.136101722717	-2665137.721650987398	2491888.811420644168	-292868.129737012147	1.41260425684361923	0.86620096102023392	2.91044559420108584
369005336.153101742268	-2665136.684260448441	2491897.504737581592	-292810.218368751986	1.41262832667457716	0.86620439639298141	2.91046137287455187
369005336.170101761818	-2665135.646158894524	2491906.197448702995	-292752.306915059104	1.41265253938853053	0.86620775829967356	2.91047776802521474
369005336.187101721764	-2665134.607396619860	2491914.889448483475	-292694.395597116207	1.41267675211712196	0.86621111992545574	2.91049416327354171
369005336.204101741314	-2665133.567925761454	2491923.580902648624	-292636.483996801660	1.41270096502764875	0.86621448130711032	2.91051055873123588
369005336.221101760864	-2665132.527765227482	2491932.271702338941	-292578.572319842118	1.41272517829415101	0.86621784244548616	2.91052695451884835
369005336.238101720810	-2665131.486884161364	2491940.961830551736	-292520.660775059485	1.41274939157256152	0.86622120331731367	2.91054335040055046
369005336.255101740360	-2665130.445348045323	2491949.651375477202	-292462.748954801995	1.41277366272645266	0.86622452280352147	2.91055982686914483
369005336.272101759911	-2665129.403123737779	2491958.340300708544	-292404.837062657403	1.41279806982104295	0.86622774538309755	2.91057649256336726
369005336.289101719856	-2665128.360186749604	2491967.028572676238	-292346.925272046996	1.41282247692061169	0.86623096769077235	2.91059315834390286
369005336.306101739407	-2665127.316566891037	2491975.716221344657	-292289.013236832689	1.41284688419853333	0.86623418973720256	2.91060982433053983
369005336.323101758957	-2665126.272271807771	2491984.403252284974	-292231.101118096849	1.41287129182751392	0.86623741153663003	2.91062649064218792
369005336.340101718903	-2665125.227255891543	2491993.089577189647	-292173.189146974008	1.41289569946210847	0.86624063306055521	2.91064315704099297
369005336.357101738453	-2665124.181560159195	2492001.775347793940	-292115.276866161148	1.41292019143635383	0.86624401437403564	2.91065976451126529
369005336.374101758003	-2665123.135164467618	2492010.460487718694	-292057.364520586154	1.41294477596037438	0.86624757075483538	2.91067630754780993
369005336.391101717949	-2665122.088103584945	2492019.144987813197	-291999.452303405851	1.41296936050880761	0.86625112685070726	2.91069285069426664
369005336.408101737499	-2665121.040326059330	2492027.828875135165	-291941.539817857323	1.41299394525290811	0.86625468269261319	2.91070939406514695
369005336.425101757050	-2665119.991852968466	2492036.512116542552	-291883.627254001563	1.41301853036797054	0.86625823828994830	2.91072593778026567
369005336.442101716995	-2665118.942711546551	2492045.194719217252	-291825.714820203080	1.41304311550740946	0.86626179360234745	2.91074248160525606
369005336.459101736546	-2665117.892875137273	2492053.876695004757	-291767.802111388184	1.41306714056840321	0.86626505559635081	2.91075880288411737
369005336.476101756096	-2665116.843600595836	2492062.557896193583	-291709.888917509932	1.41309088797839610	0.86626817194621630	2.91077501394595650
369005336.493101716042	-2665115.792372734286	2492071.238610020373	-291651.976265432022	1.41311463538822624	0.86627128803539510	2.91079122508669430
369005336.510101735592	-2665114.740451071877	2492079.918710989878	-291594.063316003245	1.41313838296596672	0.86627440387739185	2.91080743642204487
369005336.527101755142	-2665113.687834470998	2492088.598221325781	-291536.150299921690	1.41316213087835352	0.86627751949288934	2.91082364806596416
369005336.544101774693	-2665112.634543222841	2492097.277058854233	-291478.237208857783	1.41318587879255775	0.86628063483691486	2.91083985979138982
369005336.561101734638	-2665111.580551526509	2492105.955218486022	-291420.324260191584	1.41321032437503225	0.86628395372512357	2.91085636480872534
369005336.578101754189	-2665110.525863503572	2492114.632821651176	-291362.411027492257	1.41323507638674029	0.86628736179957455	2.91087299877178518
369005336.595101773739	-2665109.470489002764	2492123.309769181069	-291304.497716485697	1.41325982841419884	0.86629076959050522	2.91088963283616176
369005336.612101733685	-2665108.414433984086	2492131.986088752281	-291246.584537197370	1.41328458063252382	0.86629417711346623	2.91090626712053213
369005336.629101753235	-2665107.357671788894	2492140.661792207509	-291188.671084554691	1.41330933321482144	0.86629758439477700	2.91092290174093415
369005336.646101772785	-2665106.300223064143	2492149.336868181825	-291130.757543156506	1.41333408581283160	0.86630099139255989	2.91093953646261161
369005336.663101732731	-2665105.242073846981	2492158.011294402648	-291072.844133705541	1.41335843015170992	0.86630463508314570	2.91095515418466233
369005336.680101752281	-2665104.183243418578	2492166.685089536943	-291014.930462782795	1.41338273365823053	0.86630830245082580	2.91097066963467244
369005336.697101771832	-2665103.123707097489	2492175.358290695120	-290957.016714985890	1.41340703718896354	0.86631196956646483	2.91098618519957109
369005336.714101731777	-2665102.063514086884	2492184.030786980875	-290899.103083930619	1.41343134092057698	0.86631563642227838	2.91100170099635491
369005336.731101751328	-2665101.002594480757	2492192.702728809789	-290841.189180953486	1.41345564501833820	0.86631930307155802	2.91101721712705697
369005336.748101770878	-2665099.941002108157	2492201.374038975220	-290783.275202765246	1.41347994914296371	0.86632296945441534	2.91103273337613455
369005336.765101730824	-2665098.878709313925	2492210.044671214651	-290725.361366974772	1.41350430148967443	0.86632638545646001	2.91104915795325825
369005336.782101750374	-2665097.815728989895	2492218.714716508985	-290667.447220060683	1.41352865685127238	0.86632978738774913	2.91106563306858979
369005336.799101769924	-2665096.752065344714	2492227.384091245942	-290609.533035703411	1.41355301222839835	0.86633318904229739	2.91108210828278757
369005336.816101729870	-2665095.687692475971	2492236.052860444877	-290551.618967857386	1.41357736779137522	0.86633659044638955	2.91109858371077257
369005336.833101749420	-2665094.622633303516	2492244.721014780458	-290493.704619532509	1.41360172371454884	0.86633999160474617	2.91111505947274596
369005336.850101768970	-2665093.556889595464	2492253.388526463881	-290435.790203121316	1.41362607981430632	0.86634345473504804	2.91113149363485846
369005336.867101728916	-2665092.490460780915	2492262.055376463570	-290377.875915333570	1.41365043710934657	0.86634730027798845	2.91114767167698618
369005336.884101748466	-2665091.423330684658	2492270.721629878040	-290319.961345404154	1.41367479478599400	0.86635114559021142	2.91116385007366052
369005336.901101768017	-2665090.355508841574	2492279.387291504070	-290262.046707158559	1.41369915249885247	0.86635499063806654	2.91118002859301361
369005336.918101727962	-2665089.286999619566	2492288.052272033412	-290204.132192302495	1.41372351042361832	0.86635883542220260	2.91119620735491802
369005336.935101747513	-2665088.217786406167	2492296.716635301709	-290146.217402430018	1.41374786872929659	0.86636267997919358	2.91121238647046177
369005336.952101767063	-2665087.147888240870	2492305.380377677269	-290088.302539008262	1.41377228070929339	0.86636643807443270	2.91122863693810174
369005336.969101727009	-2665086.077315957751	2492314.043461672496	-290030.387814430927	1.41379693316510724	0.86636980980995226	2.91124520671353437
369005336.986101746559	-2665085.006034576334	2492322.705944644287	-289972.472795828013	1.41382158598218255	0.86637318130209018	2.91126177682250953
369005337.003101766109	-2665083.934053322766	2492331.367796842940	-289914.557712462731	1.41384623881165550	0.86637655252024826	2.91127834702854882
369005337.020101726055	-2665082.861401042435	2492340.029017713387	-289856.642755831883	1.41387089182927883	0.86637992347253279	2.91129491745162916
369005337.037101745605	-2665081.788059400860	2492348.689596633893	-289798.727530831238	1.41389554520947192	0.86638329417422888	2.91131148820997643
369005337.054101765156	-2665080.715254179202	2492357.349394117482	-289740.811814350775	1.41391968498918752	0.86638654647130164	2.91132757105831175
369005337.071101725101	-2665079.640536599327	2492366.008699008264	-289682.896642762469	1.41394289733392875	0.86638958515391296	2.91134277274556652
369005337.088101744652	-2665078.565108756535	2492374.667388821021	-289624.981199482339	1.41396610999998096	0.86639262363034708	2.91135797472434854
369005337.105101764202	-2665077.488973539323	2492383.325477964245	-289567.065664120484	1.41398932265868194	0.86639566187467887	2.91137317677737073
369005337.122101724148	-2665076.412185071968	2492391.982909987681	-289509.150260478666	1.41401253547835926	0.86639869987830687	2.91138837901852465
369005337.139101743698	-2665075.334670987912	2492400.639738828875	-289451.234588468680	1.41403574861865500	0.86640173767933493	2.91140358155030166
369005337.156101763248	-2665074.256484683137	2492409.295886015054	-289393.318857159582	1.41405929493500238	0.86640492638234590	2.91141917171342390
369005337.173101723194	-2665073.177600980736	2492417.951438589022	-289335.403235237638	1.41408336769457144	0.86640835357818913	2.91143537423055898
369005337.190101742744	-2665072.098016096279	2492426.606366374996	-289277.487341622880	1.41410744080995010	0.86641178054293522	2.91145157707676638
369005337.207101762295	-2665071.017766335979	2492435.260666854680	-289219.571384678129	1.41413151411277505	0.86641520725011190	2.91146778013901164
369005337.224101722240	-2665069.936800871976	2492443.914315036032	-289161.655530931079	1.41415558743066860	0.86641863369481531	2.91148398329899383
369005337.241101741791	-2665068.855169929564	2492452.567340900656	-289103.739439476631	1.41417966093464886	0.86642205988913079	2.91150018667323440
369005337.258101761341	-2665067.772815544158	2492461.219778995495	-289045.823226713983	1.41420382981820070	0.86642513750660288	2.91151670289836817
369005337.275101721287	-2665066.689794538077	2492469.871556709521	-288987.907169664162	1.41422810550533518	0.86642782327558721	2.91153357049229955
369005337.292101740837	-2665065.606052695308	2492478.522722376511	-288929.990825714194	1.41425238133963904	0.86643050879234018	2.91155043825858906
369005337.309101760387	-2665064.521655114833	2492487.173222871497	-288872.074428885302	1.41427665749688325	0.86643319404578134	2.91156730632279270
369005337.326101720333	-2665063.436552388128	2492495.823096148670	-288814.158140010491	1.41430093363149267	0.86643587902571906	2.91158417444163664
369005337.343101739883	-2665062.350747318938	2492504.472330577672	-288756.241601775400	1.41432520991390054	0.86643856374982164	2.91160104273367404
369005337.360101759434	-2665061.264263585210	2492513.120970005635	-288698.324976217235	1.41434968304147946	0.86644163655313600	2.91161774220768166
369005337.377101719379	-2665060.177065704949	2492521.768963743933	-288640.408469062066	1.41437426156978252	0.86644491735359896	2.91163435106803137
369005337.394101738930	-2665059.089218848385	2492530.416365434416	-288582.491688093345	1.41439884028174045	0.86644819788477001	2.91165096014069391
369005337.411101758480	-2665058.000656574965	2492539.063099284656	-288524.574829047429	1.41442341934924465	0.86645147817208079	2.91166756954153172
369005337.428101718426	-2665056.911401738413	2492547.709187698085	-288466.658113833109	1.41444799842514279	0.86645475818262152	2.91168417903440524
369005337.445101737976	-2665055.821465674788	2492556.354701229837	-288408.741116247256	1.41447257768332735	0.86645803793104437	2.91170078873780280
369005337.462101757526	-2665054.730817288626	2492564.999573967420	-288350.824028472067	1.41449698525747247	0.86646115184177475	2.91171713057504933
369005337.479101717472	-2665053.639497377910	2492573.643718061503	-288292.907108751242	1.41452136125070327	0.86646423507514037	2.91173342326479379
369005337.496101737022	-2665052.547461467795	2492582.287374630570	-288234.989868888748	1.41454573741090850	0.86646731806795552	2.91174971614820688
369005337.513101756573	-2665051.454760901630	2492590.930319376290	-288177.072597049351	1.41457011391455834	0.86647040081192517	2.91176600934680652
369005337.530101716518	-2665050.361359898467	2492599.572642401792	-288119.155446706573	1.41459449041534402	0.86647348328769080	2.91178230262626547
369005337.547101736069	-2665049.267260490451	2492608.214375048410	-288061.237975021650	1.41461886708573625	0.86647656550851881	2.91179859610285474
369005337.564101755619	-2665048.172492050100	2492616.855411087163	-288003.320484900789	1.41464314430492255	0.86647985329946020	2.91181490302101853
369005337.581101715565	-2665047.077003446873	2492625.495866315905	-287945.403090621752	1.41466740611693687	0.86648317262080210	2.91183121205780138
369005337.598101735115	-2665045.980836535804	2492634.135682831518	-287887.485438194301	1.41469166811138058	0.86648649168455205	2.91184752130529079
369005337.615101754665	-2665044.885239852127	2492642.774735501036	-287829.567307601566	1.41471593045859101	0.86648981051282037	2.91186383087812173
369005337.632101774216	-2665043.787683662958	2492651.413266479038	-287771.649513768149	1.41474019281652907	0.86649312906856257	2.91188014054523991
369005337.649101734161	-2665042.689465541858	2492660.051184501965	-287713.731836218387	1.41476442329753738	0.86649646181947515	2.91189641479997796
369005337.666101753712	-2665041.590519157704	2492668.688478594646	-287655.813897425309	1.41478750480761062	0.86650031261359084	2.91191141229148442
369005337.683101773262	-2665040.490889100358	2492677.325165721588	-287597.895862750418	1.41481058635345591	0.86650416315990364	2.91192640990419926
369005337.700101733208	-2665039.390572868288	2492685.961177008227	-287539.977979031159	1.41483366809713229	0.86650801348425344	2.91194140774356036
369005337.717101752758	-2665038.289573910180	2492694.596606743056	-287482.059797735012	1.41485675020203705	0.86651186360528543	2.91195640591675975
369005337.734101772308	-2665037.187887018081	2492703.231388413347	-287424.141555001144	1.41487983234202064	0.86651571348209944	2.91197140421026335
369005337.751101732254	-2665036.085500151385	2492711.865526560228	-287366.223439228430	1.41490309937377279	0.86651951482752188	2.91198659553269357
369005337.768101751804	-2665034.982409030199	2492720.499040936586	-287308.305053425778	1.41492775716333385	0.86652295224454412	2.91200323862739552
369005337.785101771355	-2665033.878627149388	2492729.131942888722	-287250.386592410679	1.41495241496986113	0.86652638938233484	2.91201988182361404
369005337.802101731300	-2665032.774184596725	2492737.764217743650	-287192.468235796667	1.41497707296978570	0.86652982624586616	2.91203652524268231
369005337.819101750851	-2665031.669004420284	2492746.395843795966	-287134.549633376300	1.41500173133290086	0.86653326287604049	2.91205316899722177
369005337.836101770401	-2665030.563185788225	2492755.026833875105	-287076.630974521802	1.41502638971493711	0.86653669921619314	2.91206981285585220
369005337.853101730347	-2665029.456642038655	2492763.657203030307	-287018.712413401983	1.41505037874407469	0.86654010709341189	2.91208579076439200
369005337.870101749897	-2665028.349411316682	2492772.286949518137	-286960.793589146982	1.41507293348173624	0.86654345433042657	2.91210034158288078
369005337.887101769447	-2665027.241498916876	2492780.916073871776	-286902.874689681514	1.41509548822866482	0.86654680133837414	2.91211489249318722
369005337.904101729393	-2665026.132876517251	2492789.544502688106	-286844.955910509976	1.41511804314455403	0.86655014813237619	2.91212944359936099
369005337.921101748943	-2665025.023577942047	2492798.172396630980	-286787.036847075331	1.41514059838777517	0.86655349473473586	2.91214399500371268
369005337.938101768494	-2665023.913591893855	2492806.799620707985	-286729.117727667908	1.41516315363957301	0.86655684111161557	2.91215854649898231
369005337.955101728439	-2665022.802902379073	2492815.426195946988	-286671.198741869826	1.41518640116098182	0.86656018454314965	2.91217374100083681
369005337.972101747990	-2665021.691538000479	2492824.052194022574	-286613.279470376496	1.41521088688647190	0.86656352285616389	2.91219008552136316
369005337.989101767540	-2665020.579447602388	2492832.677541601472	-286555.360137673910	1.41523537262151122	0.86656686090443735	2.91220643013609992
369005338.006101727486	-2665019.466705692001	2492841.302224199288	-286497.440919822780	1.41525985854331116	0.86657019868146357	2.91222277496689230
369005338.023101747036	-2665018.353249251842	2492849.926306806970	-286439.521443822945	1.41528434482046306	0.86657353622745015	2.91223912012427499
369005338.040101766586	-2665017.239112763666	2492858.549759523943	-286381.601875743421	1.41530883110911887	0.86657687349790569	2.91225546537844115
369005338.057101726532	-2665016.124271583278	2492867.172577509657	-286323.682453156391	1.41533319379821165	0.86658017385692110	2.91227143533291422
369005338.074101746082	-2665015.008759690914	2492875.794740387704	-286265.762757213903	1.41535744713020128	0.86658344148682975	2.91228707279286292
369005338.091101765633	-2665013.892558918800	2492884.416331978049	-286207.842985830910	1.41538170046674727	0.86658670886252243	2.91230271034549837
369005338.108101725578	-2665012.775642254390	2492893.037236593664	-286149.923333081475	1.41540595398011204	0.86658997599496657	2.91231834810335322
369005338.125101745129	-2665011.658052341081	2492901.657542497385	-286092.003420292458	1.41543020784190121	0.86659324289871775	2.91233398617809591
369005338.142101764679	-2665010.539741063956	2492910.277245362289	-286034.083406865189	1.41545446170755063	0.86659650955183853	2.91234962434461986
369005338.159101724625	-2665009.420784574002	2492918.896267224569	-285976.163547489501	1.41547873196049645	0.86659974966384623	2.91236569194358674
369005338.176101744175	-2665008.301118025556	2492927.514645690564	-285918.243426869391	1.41550301684471536	0.86660296638042011	2.91238213813605729
369005338.193101763725	-2665007.182004459668	2492936.132287317887	-285860.322810738580	1.41552730173329722	0.86660618282999524	2.91239858441484900
369005338.210101723671	-2665006.060962219723	2492944.749419583008	-285802.402733080962	1.41555158680005011	0.86660939901599265	2.91241503089990372
369005338.227101743221	-2665004.939216092695	2492953.365962557495	-285744.482369959296	1.41557587221414671	0.86661261496698794	2.91243147770507926
369005338.244101762772	-2665003.816765267402	2492961.981834505219	-285686.561943966371	1.41560015763323355	0.86661583064738223	2.91244792459740731
369005338.261101722717	-2665002.693649387918	2492970.597122669686	-285628.641625468154	1.41562431380113063	0.86661915576213133	2.91246395549112114
369005338.278101742268	-2665001.569835674483	2492979.211756627075	-285570.721044065722	1.41564839855947433	0.86662254147062778	2.91247975594552688
369005338.295101761818	-2665000.445325096603	2492987.825723975897	-285512.800411674776	1.41567248333008133	0.86662592691960316	2.91249555649818781
369005338.312101721764	-2664999.320120356046	2492996.439123602584	-285454.879876559076	1.41569656828336754	0.86662931212444794	2.91251135726190746
369005338.329101741314	-2664998.194240673911	2493005.051826993003	-285396.959102532943	1.41572065359041432	0.86663269709694979	2.91252715835036113
369005338.346101760864	-2664997.067632365972	2493013.664006344974	-285339.038217189431	1.41574473890704544	0.86663608182429985	2.91254295953356257
369005338.363101720810	-2664995.940377095714	2493022.275435328949	-285281.117496575462	1.41576914751173422	0.86663948837398463	2.91255938091582012
369005338.380101740360	-2664994.812411911786	2493030.886339909863	-285223.196467933827	1.41579362567270484	0.86664289942100303	2.91257593540852922
369005338.397101759911	-2664993.683740207925	2493039.496532263700	-285165.275376650679	1.41581810384989848	0.86664631018872573	2.91259249000126275
369005338.414101719856	-2664992.554416038096	2493048.106122611091	-285107.354428740800	1.41584258221714809	0.86664972068912527	2.91260904481297489
369005338.431101739407	-2664991.424371237401	2493056.715072588995	-285049.433204381086	1.41586706094432513	0.86665313095573315	2.91262559995742132
369005338.448101758957	-2664990.293638784438	2493065.323465261608	-284991.511882248218	1.41589152918281047	0.86665654040274609	2.91264214629572482
369005338.465101718903	-2664989.162205898669	2493073.931117054541	-284933.590728398005	1.41591519044410141	0.86665990780277391	2.91265800855163937
369005338.482101738453	-2664988.030104381964	2493082.538245725911	-284875.669264629774	1.41593885205252601	0.86666327497723972	2.91267387112803799
369005338.499101758003	-2664986.897307331674	2493091.144665477332	-284817.747748440073	1.41596251367382298	0.86666664189201703	2.91268973379928564
369005338.516101717949	-2664985.763808798045	2493099.750449326355	-284759.826376081270	1.41598617547411809	0.86667000856955467	2.91270559667688422
369005338.533101737499	-2664984.629630726296	2493108.355678563472	-284701.904694033612	1.41600983762152066	0.86667337502151109	2.91272145987493936
