369005331.750773131847 0.000085000000
369005331.750773131847	-2665382.216665258165	2489625.277124480810	-307804.431444698828	1.40638195462445115	0.86528108842905038	2.90626983049740328
369005331.767773151398	-2665381.357720697764	2489634.132630812936	-307746.539785395493	1.40640638533122564	0.86528465353070261	2.90628623359341987
369005331.784773111343	-2665380.498084042221	2489642.987478408031	-307688.648258040077	1.40643081606151887	0.86528821835460801	2.90630263679806600
369005331.801773130894	-2665379.637734850403	2489651.841733220965	-307630.756433335366	1.40645524698615998	0.86529178292819398	2.90631904022573151
369005331.818773150444	-2665378.776714516804	2489660.695376483724	-307572.864538652764	1.40647967827947928	0.86529534726093460	2.90633544399539989
369005331.835773110390	-2665377.914993932471	2489669.548322035465	-307514.972779471020	1.40650410959698036	0.86529891131233139	2.90635184787457757
369005331.852773129940	-2665377.052571792621	2489678.400678119157	-307457.080733159732	1.40652806939106956	0.86530242416198211	2.90636790953777080
369005331.869773149490	-2665376.189464397728	2489687.252420429140	-307399.188608312455	1.40655101113207492	0.86530582679087920	2.90638323222434236
369005331.886773109436	-2665375.326925192028	2489696.103324886411	-307341.296190356836	1.40657395288729403	0.86530922917136155	2.90639855500544320
369005331.903773128986	-2665374.462446967140	2489704.953805098776	-307283.403923872102	1.40659689481711814	0.86531263132971648	2.90641387798789097
369005331.920773148537	-2665373.597280417103	2489713.803658271674	-307225.511548439041	1.40661983708473648	0.86531603327787110	2.90642920128217241
369005331.937773108482	-2665372.731389223132	2489722.652835321147	-307167.619311830786	1.40664277936514281	0.86531943498478181	2.90644452466911751
369005331.954773128033	-2665371.864842414856	2489731.501429696102	-307109.726799746335	1.40666617290157525	0.86532292905238672	2.90646017567560833
369005331.971773147583	-2665370.997569501400	2489740.349415384233	-307051.834206030879	1.40669037374535488	0.86532658854419198	2.90647641273691937
369005331.988773107529	-2665370.129645386245	2489749.196737202350	-306993.941747358127	1.40671457462020877	0.86533024774827072	2.90649264991488065
369005332.005773127079	-2665369.261015098542	2489758.043435844127	-306936.048998461512	1.40673877569256445	0.86533390670706911	2.90650888731905077
369005332.022773146629	-2665368.391676396597	2489766.889528174885	-306878.156162470055	1.40676297713443876	0.86533756543431106	2.90652512506632865
369005332.039773106575	-2665367.521666895598	2489775.734941232484	-306820.263456764224	1.40678717860595692	0.86534122388099632	2.90654136292838539
369005332.056773126125	-2665366.650935879909	2489784.579743010458	-306762.370464158477	1.40681078641828772	0.86534474494788460	2.90655753366378455
369005332.073773145676	-2665365.779527417850	2489793.423963566311	-306704.477394449641	1.40683386189626614	0.86534814277705674	2.90657364431094623
369005332.090773105621	-2665364.907419123687	2489802.267492758576	-306646.584455254488	1.40685693739000062	0.86535154034823503	2.90658975504894324
369005332.107773125172	-2665364.034643027931	2489811.110450054985	-306588.691242247238	1.40688001306221433	0.86535493768049632	2.90660586599194692
369005332.124773144722	-2665363.161162957083	2489819.952757643070	-306530.797939050011	1.40690308907633299	0.86535833478932001	2.90662197725505145
369005332.141773104668	-2665362.286986155435	2489828.794400913641	-306472.904754256189	1.40692616510617485	0.86536173164014207	2.90663808860895578
369005332.158773124218	-2665361.412118482403	2489837.635423447471	-306415.011307988141	1.40694969244955503	0.86536524428599249	2.90665423971437287
369005332.175773143768	-2665360.536552112084	2489846.475885240361	-306357.117786280229	1.40697353535981118	0.86536883778048024	2.90667041878354704
369005332.192773103714	-2665359.660305599216	2489855.315656685736	-306299.224367767456	1.40699737829653126	0.86537243099949446	2.90668659796143247
369005332.209773123264	-2665358.783354478888	2489864.154811553657	-306241.330674238037	1.40702122142503305	0.86537602397783930	2.90670277735902038
369005332.226773142815	-2665357.905725550372	2489872.993378797080	-306183.436908591364	1.40704506491621073	0.86537961672159902	2.90671895709462502
369005332.243773102760	-2665357.027412159368	2489881.831242749002	-306125.543270135240	1.40706890843312182	0.86538320919346556	2.90673513693798924
369005332.260773122311	-2665356.148368221708	2489890.668505087029	-306067.649344780191	1.40709304920368616	0.86538678416826842	2.90675120808103138
369005332.277773141861	-2665355.268672811799	2489899.505171204451	-306009.755354203458	1.40711734998257820	0.86539034962559869	2.90676722103051555
369005332.294773161411	-2665354.388265566900	2489908.341211322695	-305951.861251105380	1.40714165078311071	0.86539391481635430	2.90678323408846850
369005332.311773121357	-2665353.507180470042	2489917.176566684153	-305893.967298963165	1.40716595177798953	0.86539747975360648	2.90679924737020423
369005332.328773140907	-2665352.625396593474	2489926.011353177018	-305836.073052565567	1.40719025313783863	0.86540104446118760	2.90681526098829979
369005332.345773160458	-2665351.742913862690	2489934.845459886827	-305778.178777511814	1.40721455451859900	0.86540460890577398	2.90683127471391423
369005332.362773120403	-2665350.859721819870	2489943.678948616143	-305720.284574535093	1.40723893857404736	0.86540805469250048	2.90684755272080864
369005332.379773139954	-2665349.975856152363	2489952.511845843401	-305662.390106531559	1.40726334065999126	0.86541147487640280	2.90686388763106729
369005332.396773159504	-2665349.091306577902	2489961.344086944126	-305604.495558559836	1.40728774276152024	0.86541489478499056	2.90688022264184553
369005332.413773119450	-2665348.206075868569	2489970.175728851464	-305546.601131856733	1.40731214505135349	0.86541831443390549	2.90689655786979895
369005332.430773139000	-2665347.320141861681	2489979.006711874157	-305488.706428703619	1.40733654770082328	0.86542173384596177	2.90691289342976056
369005332.447773158550	-2665346.433510090690	2489987.837085454725	-305430.811653662648	1.40736093752898594	0.86542515989374236	2.90692921601869614
369005332.464773118496	-2665345.547436689027	2489996.666651351843	-305372.916592407797	1.40738461686398719	0.86542896813707548	2.90694481516363057
369005332.481773138046	-2665344.659435851499	2490005.495754933916	-305315.021658861020	1.40740829656927979	0.86543277615443259	2.90696041465239885
369005332.498773157597	-2665343.770711741876	2490014.324242265895	-305257.126647007244	1.40743197630605299	0.86543658392702627	2.90697601425740970
369005332.515773117542	-2665342.881330591626	2490023.152074244805	-305199.231768533995	1.40745565624682589	0.86544039144808971	2.90699161409655149
369005332.532773137093	-2665341.991243337281	2490031.979282971472	-305141.336599836650	1.40747933655508706	0.86544419875751677	2.90700721427585007
369005332.549773156643	-2665341.100446509663	2490040.805899426807	-305083.441355927091	1.40750305466085179	0.86544800062104765	2.90702285543352845
369005332.566773116589	-2665340.208988017868	2490049.631826836616	-305025.546242303797	1.40752771297829260	0.86545167284886970	2.90703951389232129
369005332.583773136139	-2665339.316815855913	2490058.457175472286	-304967.650843212614	1.40755237167204061	0.86545534484091402	2.90705617270078820
369005332.600773155689	-2665338.423962912988	2490067.281895006076	-304909.755352042092	1.40757703039580973	0.86545901654799329	2.90707283162469743
369005332.617773115635	-2665337.530404245015	2490076.105959849432	-304851.859979274450	1.40760168932342022	0.86546268799110437	2.90708949078205858
369005332.634773135185	-2665336.636170047801	2490084.929406348150	-304793.964373783849	1.40762634862939318	0.86546635918764692	2.90710615029180008
369005332.651773154736	-2665335.741241333541	2490093.752227906603	-304736.068662668928	1.40765087396179123	0.86547006448974517	2.90712269101632970
369005332.668773114681	-2665334.845611586235	2490102.574400293175	-304678.173083501169	1.40767498923955570	0.86547387481444160	2.90713886795525633
369005332.685773134232	-2665333.949301551096	2490111.396018911153	-304620.277194643917	1.40769910489429551	0.86547768490692212	2.90715504524550683
369005332.702773153782	-2665333.052280247211	2490120.216919586528	-304562.381262152689	1.40772322058387322	0.86548149473401115	2.90717122265504813
369005332.719773113728	-2665332.154586909339	2490129.037211328745	-304504.485450929438	1.40774733648107753	0.86548530430331572	2.90718740030215939
369005332.736773133278	-2665331.256175190210	2490137.856946904212	-304446.589330246323	1.40777145275315130	0.86548911365115189	2.90720357829783538
369005332.753773152828	-2665330.357102515642	2490146.675956118852	-304388.693164036318	1.40779567509691450	0.86549287214683646	2.90721982191758821
369005332.770773112774	-2665329.457324039191	2490155.494366936386	-304330.797095331713	1.40782016185179448	0.86549650437403025	2.90723622898052581
369005332.787773132324	-2665328.556856636889	2490164.312198100146	-304272.900764924998	1.40784464897839268	0.86550013636743295	2.90725263638800024
369005332.804773151875	-2665327.655699144118	2490173.129347126000	-304215.004368322319	1.40786913613213693	0.86550376808200868	2.90726904390839547
369005332.821773111820	-2665326.753839049023	2490181.945868488401	-304157.108078011544	1.40789362348564384	0.86550739953847322	2.90728545165795760
369005332.838773131371	-2665325.851314070635	2490190.761782202404	-304099.211527660373	1.40791811121292132	0.86551103075035596	2.90730185975475930
369005332.855773150921	-2665324.948067095596	2490199.577065490652	-304041.314887119574	1.40794266785778510	0.86551444030089064	2.90731826240512081
369005332.872773110867	-2665324.044148535933	2490208.391718051862	-303983.418373311928	1.40796729757057948	0.86551761536459204	2.90733465938827873
369005332.889773130417	-2665323.139530991204	2490217.205738959834	-303925.521591135068	1.40799192763355907	0.86552079018279116	2.90735105669258820
369005332.906773149967	-2665322.234211441129	2490226.019151219632	-303867.624718539242	1.40801655769737621	0.86552396473122384	2.90736745408293684
369005332.923773109913	-2665321.328216533177	2490234.831878551282	-303809.727962684992	1.40804118793911059	0.86552713900945144	2.90738385168004498
369005332.940773129463	-2665320.421505235601	2490243.644034543540	-303751.830918040476	1.40806581852822887	0.86553031305651673	2.90740024959463428
369005332.957773149014	-2665319.514122193214	2490252.455566050950	-303693.933813388168	1.40809026369219681	0.86553367493002209	2.90741656967637985
369005332.974773108959	-2665318.606044500601	2490261.266417978797	-303636.036847811076	1.40811454397243119	0.86553720400586820	2.90743282060783192
369005332.991773128510	-2665317.697277173400	2490270.076691245660	-303578.139587979415	1.40813882461707007	0.86554073284466404	2.90744907187674118
369005333.008773148060	-2665316.787821339909	2490278.886302768718	-303520.242234633071	1.40816310528305455	0.86554426141000074	2.90746532325186502
369005333.025773108006	-2665315.877660145983	2490287.695280293934	-303462.345026780909	1.40818738614086048	0.86554778972546187	2.90748157484744496
369005333.042773127556	-2665314.968075030483	2490296.503504657652	-303404.447145713435	1.40821166736235104	0.86555131780744277	2.90749782677954283
369005333.059773147106	-2665314.056532924064	2490305.311235459056	-303346.549589291739	1.40823549000247161	0.86555453012391848	2.90751388976696523
369005333.076773107052	-2665313.144303599838	2490314.118326656055	-303288.652135838696	1.40825912116512764	0.86555761035069845	2.90752987394787965
369005333.093773126602	-2665312.231389820576	2490322.924794772640	-303230.754417588527	1.40828275265895075	0.86556069035171235	2.90754585843322788
369005333.110773146152	-2665311.317772400565	2490331.730690102559	-303172.856615339231	1.40830638414929710	0.86556377010043761	2.90756184299460596
369005333.127773106098	-2665310.403476935811	2490340.535879804753	-303114.958936957002	1.40833001580554584	0.86556684959935914	2.90757782774892171
369005333.144773125648	-2665309.488455293700	2490349.340495063923	-303057.060979753500	1.40835364779155259	0.86556992887967632	2.90759381280582918
369005333.161773145199	-2665308.572766683996	2490358.144476973452	-302999.162944016221	1.40837752276240802	0.86557331667612802	2.90760990195713909
369005333.178773105145	-2665307.656392462552	2490366.947797733359	-302941.265036901983	1.40840147350097977	0.86557680026871786	2.90762602367703193
369005333.195773124695	-2665306.739316580817	2490375.750466127880	-302883.366868544719	1.40842542459627129	0.86558028363296857	2.90764214572728141
369005333.212773144245	-2665305.821558665950	2490384.552575767506	-302825.468599089829	1.40844937570985085	0.86558376673310988	2.90765826787846526
369005333.229773104191	-2665304.903093931731	2490393.354016590863	-302767.570470370178	1.40847332701057337	0.86558724958881628	2.90767439024482410
369005333.246773123741	-2665303.983946793713	2490402.154827843420	-302709.672047624306	1.40849727867006247	0.86559073220539318	2.90769051294423386
369005333.263773143291	-2665303.064098379575	2490410.955057530664	-302651.773556563945	1.40852160200462317	0.86559427062703354	2.90770746585151540
369005333.280773103237	-2665302.143583717290	2490419.754592541140	-302593.875182244810	1.40854600593522195	0.86559782089381154	2.90772459855526622
369005333.297773122787	-2665301.222355100792	2490428.553542288952	-302535.976527444087	1.40857041023476159	0.86560137091552247	2.90774173160540617
369005333.314773142338	-2665300.300434327684	2490437.351872609463	-302478.077814778313	1.40859481455776536	0.86560492065905137	2.90775886475742862
369005333.331773102283	-2665299.377833140548	2490446.149534188677	-302420.179199845530	1.40861921908109555	0.86560847011940778	2.90777599813900611
369005333.348773121834	-2665298.454529360402	2490454.946620199364	-302362.280309665250	1.40864362397264697	0.86561201933826604	2.90779313186603527
369005333.365773141384	-2665297.530533955898	2490463.743031728547	-302304.381370159041	1.40866797476780969	0.86561555359606113	2.90780937458436961
369005333.382773160934	-2665296.605864440557	2490472.538874534890	-302246.482309363026	1.40869232578354286	0.86561908757697337	2.90782561525372207
369005333.399773120880	-2665295.680475269910	2490481.333990213461	-302188.583421836025	1.40871667682009738	0.86562262128743905	2.90784185602926115
369005333.416773140430	-2665294.754421258811	2490490.128540112171	-302130.684221294592	1.40874102822287273	0.86562615475674243	2.90785809714386234
369005333.433773159981	-2665293.827636573464	2490498.922489949502	-302072.784957652155	1.40876537964368831	0.86562968796995399	2.90787433836100329
369005333.450773119926	-2665292.900208849460	2490507.715737602673	-302014.885819308809	1.40878960630734107	0.86563324778951090	2.90789048718292653
369005333.467773139477	-2665291.972058180254	2490516.508381508756	-301956.986410935060	1.40881329936814681	0.86563692219694965	2.90790624055001778
369005333.484773159027	-2665291.043231479358	2490525.300429870375	-301899.086913576641	1.40883699279245755	0.86564059637857138	2.90792199425436504
369005333.501773118973	-2665290.113686966710	2490534.091834211722	-301841.187536282639	1.40886068624339500	0.86564427030670243	2.90793774806900629
369005333.518773138523	-2665289.183478996158	2490542.882560373750	-301783.287907965365	1.40888438005851135	0.86564794400541334	2.90795350222179172
369005333.535773158073	-2665288.252572197467	2490551.672704844736	-301725.388177118730	1.40890807390023354	0.86565161745062658	2.90796925648484850
369005333.552773118019	-2665287.320970722474	2490560.462225970812	-301667.488564444531	1.40893190992708672	0.86565526640899992	2.90798514868119318
369005333.569773137569	-2665286.388673553243	2490569.251086082775	-301609.588692190300	1.40895627809578938	0.86565882432461472	2.90800155696162932
369005333.586773157120	-2665285.455679098610	2490578.039371132851	-301551.688732612063	1.40898064628651043	0.86566238197036449	2.90801796534813706
369005333.603773117065	-2665284.523279419634	2490586.826809649356	-301493.788486822043	1.40900501467446926	0.86566593934849267	2.90803437396148245
369005333.620773136616	-2665283.588900953997	2490595.613779958338	-301435.888392961060	1.40902938342800432	0.86566949649714020	2.90805078291339303
369005333.637773156166	-2665282.653840512037	2490604.400191450957	-301377.988198003557	1.40905375220421170	0.86567305337232237	2.90806719197224339
369005333.654773116112	-2665281.718086417764	2490613.185874601360	-301320.088145672577	1.40907781099765139	0.86567668917037166	2.90808339853898001
369005333.671773135662	-2665280.781635580584	2490621.971029862761	-301262.187798858562	1.40910140610199575	0.86568044321774773	2.90809930216206780
369005333.688773155212	-2665279.844508893788	2490630.755505075213	-301204.287394407147	1.40912500123922202	0.86568419700256927	2.90811520590032213
369005333.705773115158	-2665278.906673485879	2490639.539326542523	-301146.387110021606	1.40914859657568647	0.86568795054640835	2.90813110986644840
369005333.722773134708	-2665277.968157975934	2490648.322565930896	-301088.486526394961	1.40917219227843749	0.86569170386723870	2.90814701417406152
369005333.739773154259	-2665277.028941784985	2490657.105168635491	-301030.585882991552	1.40919578801335232	0.86569545692909611	2.90816291859590503
369005333.756773114204	-2665276.089048212394	2490665.887149073649	-300972.685364659352	1.40921986116948683	0.86569915376795992	2.90817913023824648
369005333.773773133755	-2665275.148471178953	2490674.668457671069	-300914.784585083427	1.40924449762611226	0.86570278432819203	2.90819570435424124
369005333.790773153305	-2665274.207180048805	2490683.449168290477	-300856.883716751356	1.40926913410825660	0.86570641461617603	2.90821227858086440
369005333.807773113251	-2665273.265203286428	2490692.229273987003	-300798.982956143387	1.40929377079232565	0.86571004463825529	2.90822885303913159
369005333.824773132801	-2665272.322514028754	2490701.008695745841	-300741.081934520917	1.40931840785129436	0.86571367441871638	2.90824542784555184
369005333.841773152351	-2665271.379148784559	2490709.787521909457	-300683.180823912844	1.40934304493780704	0.86571730391614854	2.90826200276526814
369005333.858773112297	-2665270.435107082594	2490718.565677129664	-300625.279841929092	1.40936741549832001	0.86572069361518256	2.90827858569389130
369005333.875773131847	-2665269.490364387631	2490727.343263338786	-300567.378599905875	1.40939164859760391	0.86572395932039781	2.90829517296722173
369005333.892773151398	-2665268.544913220685	2490736.120222211350	-300509.477243698260	1.40941588170472754	0.86572722475279340	2.90831176032918703
369005333.909773111343	-2665267.598787514959	2490744.896523148753	-300451.576026335242	1.40944011499189137	0.86573048992333468	2.90832834789908645
369005333.926773130894	-2665266.651975478511	2490753.672202232294	-300393.674566030095	1.40946434862992631	0.86573375485016135	2.90834493579442022
369005333.943773150444	-2665265.704470327124	2490762.447242070455	-300335.772988216835	1.40948858227645135	0.86573701950056958	2.90836152377925083
369005333.960773110390	-2665264.756256791763	2490771.221648877021	-300277.871557558479	1.40951297254729568	0.86574036625218631	2.90837805746085820
369005333.977773129940	-2665263.807374217547	2490779.995448730420	-300219.969848330482	1.40953742966922446	0.86574374776282792	2.90839456830663590
369005333.994773149490	-2665262.857758768834	2490788.768642831128	-300162.068028241920	1.40956188680324179	0.86574712900588113	2.90841107924775955
369005334.011773109436	-2665261.907497569919	2490797.541128367186	-300104.166372654843	1.40958634412654948	0.86575050997516922	2.90842759040749765
369005334.028773128986	-2665260.956518509425	2490806.313050139695	-300046.264445143810	1.40961080180674481	0.86575389071477871	2.90844410189650571
369005334.045773148537	-2665260.004861271940	2490815.084342521150	-299988.362391338334	1.40963525950242330	0.86575727116883783	2.90846061348532547
369005334.062773108482	-2665259.052505138330	2490823.854956591502	-299930.460532675381	1.40965924057899827	0.86576106825750943	2.90847694743164897
369005334.079773128033	-2665258.099454847630	2490832.625000110827	-299872.558323689853	1.40968315510952857	0.86576492362660462	2.90849325676719372
369005334.096773147583	-2665257.145721490961	2490841.394428759348	-299814.656088912918	1.40970706967820392	0.86576877873005575	2.90850956622263102
369005334.113773107529	-2665256.191285134293	2490850.163146099076	-299756.753959223744	1.40973098445636014	0.86577263357577938	2.90852587591710998
369005334.130773127079	-2665255.236167494673	2490858.931295422371	-299698.851542176737	1.40975489961122258	0.86577648819323327	2.90854218596437963
369005334.147773146629	-2665254.280355517752	2490867.698805795051	-299640.949062029016	1.40977881480488332	0.86578034254144198	2.90855849613240691
369005334.164773106575	-2665253.323852148373	2490876.465663469862	-299583.046708843787	1.40980270976628197	0.86578389785268473	2.90857457520996165
369005334.181773126125	-2665252.367913719267	2490885.231730054598	-299525.143687660398	1.40982660369622437	0.86578743259665170	2.90859063887582270
369005334.198773145676	-2665251.410011616070	2490893.997360069770	-299467.240985906741	1.40985049764576043	0.86579096708487258	2.90860670264360577
369005334.215773105621	-2665250.451448027976	2490902.762328957673	-299409.338403990667	1.40987439178813334	0.86579450131224323	2.90862276663343122
369005334.232773125172	-2665249.492170980666	2490911.526718831621	-299351.435536607343	1.40989828628768343	0.86579803532033728	2.90863883095372611
369005334.249773144722	-2665248.532200842630	2490920.290455621202	-299293.532594241493	1.40992218080884868	0.86580156906190375	2.90865489537860533
369005334.266773104668	-2665247.571547207888	2490929.053515960928	-299235.629801168921	1.40994653781584489	0.86580554056222636	2.90867057419615671
369005334.283773124218	-2665246.610199370421	2490937.816020084545	-299177.726689849107	1.40997089628181249	0.86580951285290797	2.90868625247611234
369005334.300773143768	-2665245.648168190382	2490946.577888555825	-299119.823525648622	1.40999525478970811	0.86581348487899135	2.90870193088933338
369005334.317773103714	-2665244.685431627557	2490955.339045769535	-299061.920500750130	1.41001961351192140	0.86581745665998611	2.90871760954783953
369005334.334773123264	-2665243.722003958188	2490964.099673815537	-299004.017145492777	1.41004397262084624	0.86582142821539576	2.90873328856365276
369005334.351773142815	-2665242.757885481697	2490972.859654370230	-298946.113763010071	1.41006833410078491	0.86582531846620980	2.90874907962657003
369005334.368773102760	-2665241.793095051311	2490981.618920525536	-298888.210506057949	1.41009270727492741	0.86582880872552803	2.90876542291742846
369005334.385773122311	-2665240.827598904725	2490990.377668383997	-298830.306954621861	1.41011708081092957	0.86583229875592094	2.90878176654249110
369005334.402773141861	-2665239.861394441687	2490999.135718720034	-298772.403352425259	1.41014145436582750	0.86583578851434573	2.90879811027105672
369005334.419773161411	-2665238.894515624270	2491007.893193803262	-298714.499633925909	1.41016582828530224	0.86583927802946836	2.90881445433739749
369005334.436773121357	-2665237.926936119795	2491016.649963140022	-298656.596068272833	1.41019020222364877	0.86584276727261733	2.90883079850721549
369005334.453773140907	-2665236.958667118568	2491025.406181762461	-298598.692197917204	1.41021413853710786	0.86584615285478694	2.90884690298237825
369005334.470773160458	-2665235.989730205387	2491034.161724646576	-298540.788281806512	1.41023729359246119	0.86584935360630300	2.90886257947229421
369005334.487773120403	-2665235.020080618560	2491042.916663439013	-298482.884483870293	1.41026044865000988	0.86585255411784323	2.90887825604233408
369005334.504773139954	-2665234.049725669902	2491051.670951798558	-298424.980393799604	1.41028360387575291	0.86585575439273454	2.90889393280719322
369005334.521773159504	-2665233.078698650934	2491060.424670498818	-298367.076235185319	1.41030675943227335	0.86585895445225358	2.90890960987708080
369005334.538773119450	-2665232.106995000038	2491069.177655454725	-298309.172231078730	1.41032991499437532	0.86586215425383362	2.90892528703154474
369005334.555773139000	-2665231.134547240566	2491077.930098947603	-298251.267905629880	1.41035363546817738	0.86586546971912792	2.90894132323826105
369005334.572773158550	-2665230.161455517169	2491086.681895019021	-298193.363515189034	1.41037826367125385	0.86586897111228667	2.90895793635759725
369005334.589773118496	-2665229.187650866341	2491095.433024282102	-298135.459268808307	1.41040289189374834	0.86587247223000952	2.90897454958088542
369005334.606773138046	-2665228.213163138833	2491104.183544281870	-298077.554735297803	1.41042752031061980	0.86587597308491093	2.90899116302759086
369005334.623773157597	-2665227.237999885809	2491112.933461168315	-298019.650150341040	1.41045214909614636	0.86587947369319307	2.90900777681628231
369005334.640773117542	-2665226.262127679307	2491121.682731579989	-297961.745647910691	1.41047677790242010	0.86588297401884651	2.90902439071067986
369005334.657773137093	-2665225.285568131134	2491130.431351629086	-297903.840892795648	1.41050088290867470	0.86588634544806942	2.90904071277841458
369005334.674773156643	-2665224.308305199258	2491139.179370506201	-297845.936064130685	1.41052463390731497	0.86588962965425054	2.90905683766740308
369005334.691773116589	-2665223.330355275888	2491147.926749539096	-297788.031338432571	1.41054838491489543	0.86589291359619802	2.90907296264581694
369005334.708773136139	-2665222.351715615019	2491156.673515121918	-297730.126333916793	1.41057213609953647	0.86589619728859901	2.90908908782879294
369005334.725773155689	-2665221.372385894880	2491165.419674087316	-297672.221281756065	1.41059588762663846	0.86589948076049605	2.90910521332789829
369005334.742773115635	-2665220.392369777430	2491174.165109998081	-297614.316351550515	1.41061963916469169	0.86590276395737908	2.90912133891907621
369005334.759773135185	-2665219.412894965149	2491182.909817317035	-297556.410736249993	1.41064398304501082	0.86590624551141926	2.90913778931273370
369005334.776773154736	-2665218.431497423910	2491191.654082830530	-297498.505443475326	1.41066873020181727	0.86590986193125197	2.90915446090782925
369005334.793773114681	-2665217.449388216715	2491200.397667383309	-297440.600282877334	1.41069347738505813	0.86591347806905405	2.90917113261504934
369005334.810773134232	-2665216.466615996789	2491209.140636271797	-297382.694845371589	1.41071822477051989	0.86591709393824978	2.90918780455425985
369005334.827773153782	-2665215.483127900865	2491217.882994012907	-297324.789308889420	1.41074297253195069	0.86592070956302702	2.90920447684264971
369005334.844773113728	-2665214.498964161146	2491226.624707804993	-297266.883923133253	1.41076772031977860	0.86592432490576499	2.90922114924312414
369005334.861773133278	-2665213.514087901916	2491235.365821986459	-297208.978245015023	1.41079194818965559	0.86592799899175787	2.90923770560794770
369005334.878773152828	-2665212.528520549182	2491244.106296007056	-297151.072502133728	1.41081607491170202	0.86593168435517198	2.90925423962746210
369005334.895773112774	-2665211.542285947129	2491252.846089235973	-297093.166887876345	1.41084020166626734	0.86593536943405613	2.90927077376167054
369005334.912773132324	-2665210.555353326257	2491261.585291448981	-297035.260984828463	1.41086432862070077	0.86593905426386653	2.90928730812410796
369005334.929773151875	-2665209.567711061798	2491270.323894660454	-296977.355011553736	1.41088845594644252	0.86594273885850048	2.90930384283368060
369005334.946773111820	-2665208.579392546322	2491279.061798613053	-296919.449177353701	1.41091258330398728	0.86594642317218751	2.90932037765701468
369005334.963773131371	-2665207.590366846416	2491287.799177553505	-296861.543033463706	1.41093690347058898	0.86594988453698130	2.90933681632197993
369005334.980773150921	-2665206.600671021268	2491296.535861278418	-296803.636838584905	1.41096125156623686	0.86595331377749352	2.90935324153020236
369005334.997773110867	-2665205.610277998727	2491305.271900775377	-296745.730769005138	1.41098559967721160	0.86595674274904666	2.90936966683708986
369005335.014773130417	-2665204.619186220225	2491314.007336471695	-296687.824420608173	1.41100994797649881	0.86596017146375126	2.90938609236077728
369005335.031773149967	-2665203.627408069093	2491322.742151305545	-296629.917978467362	1.41103429663640845	0.86596359993730032	2.90940251821851170
369005335.048773109913	-2665202.634921680205	2491331.476332950871	-296572.011683482036	1.41105865191640900	0.86596705456621181	2.90941894384927302
369005335.065773129463	-2665201.641770456452	2491340.209857717156	-296514.105111817364	1.41108313139597419	0.86597100500579116	2.90943536360210731
369005335.082773149014	-2665200.647902157623	2491348.942785419058	-296456.198453058023	1.41110761126455508	0.86597495521377987	2.90945178371786994
369005335.099773108959	-2665199.653365344275	2491357.675074581988	-296398.291924355843	1.41113209117838379	0.86597890513709042	2.90946820396568739
369005335.116773128510	-2665198.658118010964	2491366.406748954207	-296340.385123960441	1.41115657130796857	0.86598285480944359	2.90948462445919454
369005335.133773148060	-2665197.662170309108	2491375.137743914500	-296282.478242163488	1.41118105182790377	0.86598680424300145	2.90950104531738640
369005335.150773108006	-2665196.665581482928	2491383.868148307782	-296224.571496613382	1.41120548818177327	0.86599069807491480	2.90951742732920815
369005335.167773127556	-2665195.668255081866	2491392.597924466245	-296166.664457744453	1.41122956193510429	0.86599413781493229	2.90953348970488346
369005335.184773147106	-2665194.670254091732	2491401.327076919843	-296108.757360531599	1.41125363604634058	0.86599757731528071	2.90954955241155755
369005335.201773107052	-2665193.671553963330	2491410.055600259453	-296050.850367949810	1.41127771017332559	0.86600101655158690	2.90956561521801582
369005335.218773126602	-2665192.672166193835	2491418.783466771711	-295992.943127668230	1.41130178448644283	0.86600445553962346	2.90958167823895719
369005335.235773146152	-2665191.672094794922	2491427.510733061004	-295935.035786518943	1.41132585915675701	0.86600789429156377	2.90959774158997408
369005335.252773106098	-2665190.671304639895	2491436.237341037486	-295877.128587767656	1.41134998656746036	0.86601144384672257	2.90961383594821044
369005335.269773125648	-2665189.669851480052	2491444.963361437432	-295819.221101658535	1.41137437556610124	0.86601554370528422	2.90963008377194754
369005335.286773145199	-2665188.667690387927	2491453.688746893313	-295761.313538903545	1.41139876496054439	0.86601964333340908	2.90964633196551636
369005335.303773105145	-2665187.664847982116	2491462.413449279498	-295703.406096214603	1.41142315440829269	0.86602374267591131	2.90966258030045877
369005335.320773124695	-2665186.661295699887	2491471.137592143379	-295645.498393486836	1.41144754424979069	0.86602784179873693	2.90967882900254216
369005335.337773144245	-2665185.658337482717	2491479.860886982176	-295587.590235152922	1.41147193414389327	0.86603194063952571	2.90969507784508385
369005335.354773104191	-2665184.653410036117	2491488.583742195275	-295529.682573954458	1.41149640861893566	0.86603582373805499	2.90971146807305869
369005335.371773123741	-2665183.647799613886	2491497.305988034233	-295471.774625626276	1.41152104620775853	0.86603929042505934	2.90972813108586115
369005335.388773143291	-2665182.641491984949	2491506.027539530769	-295413.866636760300	1.41154568416371728	0.86604275686434207	2.90974479443926981
369005335.405773103237	-2665181.634502083529	2491514.748484768439	-295355.958753956889	1.41157032213879163	0.86604622302037693	2.90976145789632934
369005335.422773122787	-2665180.626824774779	2491523.468864010181	-295298.050587119884	1.41159496048030442	0.86604968893226830	2.90977812169308336
369005335.439773142338	-2665179.618422719184	2491532.188585394528	-295240.142342204286	1.41161959883887311	0.86605315457168131	2.90979478559079130
369005335.456773102283	-2665178.609355027322	2491540.907632539980	-295182.234241119644	1.41164395702809187	0.86605681173713345	2.90981099051513636
369005335.473773121834	-2665177.599601228256	2491549.626071400009	-295124.325854568044	1.41166807327157828	0.86606063444540649	2.90982679889956808
369005335.490773141384	-2665176.589132314548	2491558.343926156405	-295066.417391142983	1.41169218954800302	0.86606445690131917	2.90984260740394074
369005335.507773160934	-2665175.578005820978	2491567.061137524433	-295008.508849182108	1.41171630620279576	0.86606827912023587	2.90985841625942587
369005335.524773120880	-2665174.566160607152	2491575.777690539137	-294950.600449618592	1.41174042289118429	0.86607210108319377	2.90987422523572015
369005335.541773140430	-2665173.553636748344	2491584.493633301463	-294892.691781457863	1.41176453978587912	0.86607592279787182	2.90989003444840444
369005335.558773159981	-2665172.540410988964	2491593.208918115590	-294834.783006237762	1.41178892717622051	0.86607954669439657	2.90990626083051263
369005335.575773119926	-2665171.526506161317	2491601.923553593457	-294776.874388393946	1.41181352663738369	0.86608301520001274	2.90992281453240187
369005335.592773139477	-2665170.511902973987	2491610.637619729619	-294718.965476295562	1.41183812629018446	0.86608648344770722	2.90993936845464329
369005335.609773159027	-2665169.496606020723	2491619.351053086575	-294661.056496110396	1.41186272630868670	0.86608995145344858	2.90995592271537395
369005335.626773118973	-2665168.480609669350	2491628.063822724391	-294603.147635990812	1.41188732634608405	0.86609341917809857	2.90997247708006324
369005335.643773138523	-2665167.463918164838	2491636.775993749965	-294545.238490405376	1.41191192657508569	0.86609688664481188	2.90998903166507006
369005335.660773158073	-2665166.446558804717	2491645.487545181066	-294487.329278165591	1.41193590801894686	0.86610078468942864	2.91000472758156059
369005335.677773118019	-2665165.428507936653	2491654.198409150355	-294429.420208324038	1.41195970864098563	0.86610480832344494	2.91002017269866498
369005335.694773137569	-2665164.409747745842	2491662.908700440545	-294371.510834008630	1.41198350947506346	0.86610883172521103	2.91003561805789435
369005335.711773157120	-2665163.390312250704	2491671.618374092970	-294313.601376169827	1.41200731069032170	0.86611285491099743	2.91005106377050060
369005335.728773117065	-2665162.370173343457	2491680.327391824685	-294255.692089480581	1.41203111194913089	0.86611687784465419	2.91006650961484281
369005335.745773136616	-2665161.349347747862	2491689.035745936912	-294197.782505670621	1.41205491342198486	0.86612090053526847	2.91008195570394790
369005335.762773156166	-2665160.327833030839	2491697.743500938173	-294139.872856869944	1.41207943729372620	0.86612452285302677	2.91009833754746072
369005335.779773116112	-2665159.305608336814	2491706.450595259666	-294081.963312928565	1.41210416464665300	0.86612803213148537	2.91011498308733429
369005335.796773135662	-2665158.282710027881	2491715.157119362615	-294024.053498497757	1.41212889219516002	0.86613154114560775	2.91013162885198318
369005335.813773155212	-2665157.259097941220	2491723.863017033786	-293966.143605760415	1.41215362011285395	0.86613504991883439	2.91014827495841022
369005335.830773115158	-2665156.234829392284	2491732.568202556111	-293908.233867302653	1.41217834805384079	0.86613855839708420	2.91016492117435055
369005335.847773134708	-2665155.209856973030	2491741.272833675612	-293850.323827942018	1.41220305583152617	0.86614206594703103	2.91018154960029340
369005335.864773154259	-2665154.184182243422	2491749.976814787369	-293792.413718586904	1.41222586940296368	0.86614551047274957	2.91019650201274294
369005335.881773114204	-2665153.157819441520	2491758.680170005187	-293734.503724079987	1.41224868298858519	0.86614895476386577	2.91021145452114283
369005335.898773133755	-2665152.132032863796	2491767.382709202822	-293676.593082245963	1.41227149674992614	0.86615239883618678	2.91022640723239334
369005335.915773153305	-2665151.104285526555	2491776.084832094610	-293618.682752718101	1.41229431084785073	0.86615584270910584	2.91024136025251412
369005335.932773113251	-2665150.075846364256	2491784.786274890415	-293560.772528047441	1.41231712496128337	0.86615928634022954	2.91025631337032964
369005335.949773132801	-2665149.046732487157	2491793.487105250359	-293502.862065671012	1.41234000863228748	0.86616273333077853	2.91027132894122031
369005335.966773152351	-2665148.016902883071	2491802.187324297614	-293444.951504317694	1.41236419368616684	0.86616624713530699	2.91028751214219961
369005335.983773112297	-2665146.986397115979	2491810.886872094125	-293387.041071588581	1.41238837876141710	0.86616976066508378	2.91030369544925760
369005336.000773131847	-2665145.955203755759	2491819.585791107733	-293329.130380710703	1.41241256402783799	0.86617327394358579	2.91031987897615085
369005336.017773151398	-2665144.923305048142	2491828.284185331780	-293271.219582087244	1.41243674965388499	0.86617678700146805	2.91033606283486845
369005336.034773111343	-2665143.890724553727	2491836.981799133122	-293213.308944850520	1.41246093530329309	0.86618029977381161	2.91035224680228533
369005336.051773130894	-2665142.857443243731	2491845.678913719021	-293155.397984150331	1.41248508542129092	0.86618380077248214	2.91036829844944611
369005336.068773150444	-2665141.823478569742	2491854.375329695176	-293097.486996456166	1.41250910919865991	0.86618726063142293	2.91038388032154716
369005336.085773110390	-2665140.788825794589	2491863.071147907060	-293039.576113162620	1.41253313299132977	0.86619072023428401	2.91039946229637669
369005336.102773129940	-2665139.753486676607	2491871.766323199496	-292981.664959838556	1.41255715696999240	0.86619417959338663	2.91041504448613031
369005336.119773149490	-2665138.717430673540	2491880.460873119533	-292923.753729869321	1.41258118130264720	0.86619763873541544	2.91043062699946642
369005336.136773109436	-2665137.680692611728	2491889.154760355595	-292865.842626861180	1.41260520565124570	0.86620109761776221	2.91044620961638323
369005336.153773128986	-2665136.643262237310	2491897.848041418940	-292807.931241711893	1.41262928290765277	0.86620452916925528	2.91046202036692536
369005336.170773148537	-2665135.605149086565	2491906.540721103083	-292750.019788246602	1.41265349562887166	0.86620789106588036	2.91047841552596243
369005336.187773108482	-2665134.566359428223	2491915.232723122463	-292692.108468391525	1.41267770836472839	0.86621125268159593	2.91049481078266314
369005336.204773128033	-2665133.526850641705	2491923.924154431559	-292634.196861408127	1.41270192128184635	0.86621461405677580	2.91051120624784598
369005336.221773147583	-2665132.486662839074	2491932.614900042769	-292576.285203436099	1.41272613455561324	0.86621797518508425	2.91052760204383176
369005336.238773107529	-2665131.445790969301	2491941.305026252754	-292518.373641305952	1.41275034784330877	0.86622133603606521	2.91054399793655927
369005336.255773127079	-2665130.404201566242	2491949.994560224004	-292460.461817703152	1.41277462663628595	0.86622465007773164	2.91056048504617992
369005336.272773146629	-2665129.361954690889	2491958.683450696990	-292402.549915565469	1.41279903373792060	0.86622787264699064	2.91057715074854251
369005336.289773106575	-2665128.318995115347	2491967.371674112976	-292344.638157488371	1.41282344084453304	0.86623109494434802	2.91059381653721783
369005336.306773126125	-2665127.275340476539	2491976.059298820328	-292286.726113943150	1.41284784812882558	0.86623431698405318	2.91061048253111121
369005336.323773145676	-2665126.230985146016	2491984.746293873060	-292228.813973083568	1.41287225576484921	0.86623753877316245	2.91062714885089902
369005336.340773105621	-2665125.185974411666	2491993.432638388593	-292170.901993171137	1.41289666340715936	0.86624076028317754	2.91064381525872529
369005336.357773125172	-2665124.140249815769	2492002.118376441766	-292112.989705689892	1.41292116235313325	0.86624415483082373	2.91066041784384977
369005336.374773144722	-2665123.093836179469	2492010.803515293635	-292055.077353217232	1.41294574688493491	0.86624771120130950	2.91067696088932815
369005336.391773104668	-2665122.046740202699	2492019.487956883386	-291997.165143142396	1.41297033144114925	0.86625126728686808	2.91069350404471816
369005336.408773124218	-2665120.998935665470	2492028.171852827538	-291939.252650696086	1.41299491619235784	0.86625482312205271	2.91071004742364847
369005336.425773143768	-2665119.950447462499	2492036.855057515204	-291881.340093715582	1.41301950131587284	0.86625837870548095	2.91072659114858201
369005336.442773103714	-2665118.901277178433	2492045.537627636921	-291823.427653248480	1.41304408646309088	0.86626193400756579	2.91074313498250392
369005336.459773123264	-2665117.851397788618	2492054.219568650704	-291765.514929205878	1.41306807842543569	0.86626517867480690	2.91075944310653822
369005336.476773142815	-2665116.802095922176	2492062.900743917562	-291707.601743866224	1.41309182584206061	0.86626829501490998	2.91077565417606365
369005336.493773102760	-2665115.750830133446	2492071.581434886903	-291649.689085118531	1.41311557325785042	0.86627141109792016	2.91079186532360579
369005336.510773122311	-2665114.698884293903	2492080.261508830357	-291591.776142566465	1.41313932084222271	0.86627452693015472	2.91080807666664221
369005336.527773141861	-2665113.646262883674	2492088.940958629828	-291533.863121477480	1.41316306876325526	0.86627764252511108	2.91082428832089191
369005336.544773161411	-2665112.592935562134	2492097.619814474136	-291475.950023515674	1.41318681668274637	0.86628075786655934	2.91084050005223949
369005336.561773121357	-2665111.538929066155	2492106.297971928492	-291418.037066289340	1.41321130190655797	0.86628408832488668	2.91085702173241945
369005336.578773140907	-2665110.484193736687	2492114.975527385250	-291360.123842357076	1.41323605392510654	0.86628749639248948	2.91087365570325174
369005336.595773160458	-2665109.428806032985	2492123.652451212984	-291302.210548446979	1.41326080596007686	0.86629090417297949	2.91089028977628272
369005336.612773120403	-2665108.372688052244	2492132.328714224044	-291244.297354160401	1.41328555818524193	0.86629431168909143	2.91090692406842555
369005336.629773139954	-2665107.315921247005	2492141.004448004533	-291186.383860177128	1.41331031077639246	0.86629771895277530	2.91092355869924191
369005336.646773159504	-2665106.258445256390	2492149.679469897877	-291128.470337765291	1.41333506338191306	0.86630112594011643	2.91094019342957155
369005336.663773119450	-2665105.200275005773	2492158.353867989499	-291070.556933528918	1.41335938997018573	0.86630477992293164	2.91095576693455538
369005336.680773139000	-2665104.141403505113	2492167.027641368099	-291012.643257599382	1.41338369348383663	0.86630844728465273	2.91097128239266967
369005336.697773158550	-2665103.081850537565	2492175.700799171813	-290954.729501471797	1.41340799702304176	0.86631211438714706	2.91098679796743287
369005336.714773118496	-2665102.021627370734	2492184.373305182438	-290896.815865180979	1.41343230076178505	0.86631578123700193	2.91100231377231999
369005336.731773138046	-2665100.960692595225	2492193.045238448307	-290838.901958630013	1.41345660486801772	0.86631944787313619	2.91101782991288571
369005336.748773157597	-2665099.899062042125	2492201.716463050805	-290780.987999657984	1.41348090900044343	0.86632311424644082	2.91103334617094678
369005336.765773117542	-2665098.836761610117	2492210.387070399709	-290723.074145086226	1.41350526335760773	0.86632651980643904	2.91104980860534646
369005336.782773137093	-2665097.773726762272	2492219.057118856348	-290665.160006711376	1.41352961872458738	0.86632992173833223	2.91106628372655152
369005336.799773156643	-2665096.710045174696	2492227.726492517162	-290607.245815455623	1.41355397410910677	0.86633332338270541	2.91108275894926205
369005336.816773116589	-2665095.645646220539	2492236.395221672952	-290549.331744264695	1.41357832968014629	0.86633672477302937	2.91109923438663909
369005336.833773136139	-2665094.580567629077	2492245.063340143301	-290491.417384285131	1.41360268561071201	0.86634012592121046	2.91111571015712478
369005336.850773155689	-2665093.514799746219	2492253.730824797414	-290433.502974748786	1.41362704176360610	0.86634360661262311	2.91113213255689329
369005336.867773115635	-2665092.448338927235	2492262.397643344011	-290375.588681954949	1.41365139906693704	0.86634745214557463	2.91114831060849788
369005336.884773135185	-2665091.381178674288	2492271.063906481490	-290317.674106789345	1.41367575675120483	0.86635129745140127	2.91116448901376890
369005336.901773154736	-2665090.313313540071	2492279.729498786386	-290259.759468752018	1.41370011447302302	0.86635514248567336	2.91118066754347637
369005336.918773114681	-2665089.244786434807	2492288.394450083841	-290201.844957448426	1.41372447240607779	0.86635898725982041	2.91119684631485498
369005336.935773134232	-2665088.175541158300	2492297.058810058050	-290143.930152119312	1.41374883072004542	0.86636283180682183	2.91121302543987337
369005336.952773153782	-2665087.105628254823	2492305.722522094846	-290086.015290587733	1.41377325431592937	0.86636657123990535	2.91122929133147901
369005336.969773113728	-2665086.035008606967	2492314.385586541612	-290028.100564327789	1.41379790677847850	0.86636994296866043	2.91124586111457040
369005336.986773133278	-2665084.963706195820	2492323.048041382339	-289970.185550938826	1.41382255960295922	0.86637331445044041	2.91126243123208361
369005337.003773152828	-2665083.891703557223	2492331.709872855339	-289912.270435248734	1.41384721244050615	0.86637668565464654	2.91127900144753848
369005337.020773112774	-2665082.819014634471	2492340.371014792472	-289854.355513040442	1.41387186546553312	0.86638005659657313	2.91129557187915555
369005337.037773132324	-2665081.745656601619	2492349.031613060739	-289796.440253824345	1.41389651885312961	0.86638342728791007	2.91131214264603910
369005337.054773151875	-2665080.672824354842	2492357.691405370831	-289738.524572970171	1.41392060172075595	0.86638666648642604	2.91132817142087985
369005337.071773111820	-2665079.598073235713	2492366.350672177039	-289680.609381168790	1.41394381407175040	0.86638970516009939	2.91134337311542746
369005337.088773131371	-2665078.522627450991	2492375.009360912722	-289622.693930991110	1.41396702674405517	0.86639274362759500	2.91135857510150142
369005337.105773150921	-2665077.446473978925	2492383.667414435185	-289564.778404167329	1.41399023940967661	0.86639578185939503	2.91137377716269219
369005337.122773110867	-2665076.369650421664	2492392.324787948281	-289506.863007630047	1.41401345223560582	0.86639881985408385	2.91138897941113761
369005337.139773130417	-2665075.292110627517	2492400.981583129149	-289448.947327288566	1.41403666538215256	0.86640185764617383	2.91140418195020523
369005337.156773149967	-2665074.213900090195	2492409.637731444091	-289391.031592405634	1.41406024564749777	0.86640506173776921	2.91141981160258156
369005337.173773109913	-2665073.134975258727	2492418.293290417641	-289333.115955027577	1.41408431841374971	0.86640848892731748	2.91143601412730391
369005337.190773129463	-2665072.055381499697	2492426.948207429610	-289275.200054513989	1.41410839153714707	0.86641191587858146	2.91145221698285139
369005337.207773149014	-2665070.975095113739	2492435.602442767937	-289217.284089468652	1.41413246484732125	0.86641534257586994	2.91146842005355833
369005337.224773108959	-2665069.894103880972	2492444.256085448433	-289159.368216940726	1.41415653817256426	0.86641876901068493	2.91148462322200219
369005337.241773128510	-2665068.812420522794	2492452.909079844132	-289101.452115245163	1.41418061168389353	0.86642219519511154	2.91150082660470444
369005337.258773148060	-2665067.730047075078	2492461.561474665999	-289043.535928366298	1.41420478854500842	0.86642524358451167	2.91151736905352410
369005337.275773108006	-2665066.646994125564	2492470.213192765135	-288985.619876759534	1.41422906423803485	0.86642792934310897	2.91153423665436684
369005337.292773127556	-2665065.563248089515	2492478.864353189245	-288927.703539456183	1.41425334007889614	0.86643061484588169	2.91155110442844123
369005337.309773147106	-2665064.478813766036	2492487.514844859019	-288869.787113627826	1.41427761624203119	0.86643330008893515	2.91156797249955490
369005337.326773107052	-2665063.393686865456	2492496.164691106882	-288811.870831628097	1.41430189238253057	0.86643598505848540	2.91158484062530887
369005337.343773126602	-2665062.307852820959	2492504.813949294854	-288753.954265825101	1.41432616867082772	0.86643866977220041	2.91160170892425452
369005337.360773146152	-2665061.221328077372	2492513.462538802996	-288696.037645708653	1.41435065372794755	0.86644176613057788	2.91161839814395496
369005337.377773106098	-2665060.134129211772	2492522.110498035327	-288638.121153988992	1.41437523226411810	0.86644504691709612	2.91163500701349598
369005337.394773125648	-2665059.046242585871	2492530.757835685741	-288580.204366581049	1.41439981098327605	0.86644832743791544	2.91165161609447409
369005337.411773145199	-2665057.957656078506	2492539.404570664279	-288522.287503961939	1.41442439005798004	0.86645160771487473	2.91166822550362703
369005337.428773105145	-2665056.868370776065	2492548.050634253304	-288464.370798946649	1.41444896914107776	0.86645488771506396	2.91168483500481479
369005337.445773124695	-2665055.778404382523	2492556.696080435533	-288406.453789934632	1.41447354840646122	0.86645816745313475	2.91170144471652659
369005337.462773144245	-2665054.687722694129	2492565.340963996481	-288348.536698585784	1.41449794794529793	0.86646127361690417	2.91171777402481213
369005337.479773104191	-2665053.596376958769	2492573.985130741727	-288290.619749633363	1.41452232394522937	0.86646435684020073	2.91173406672234547
369005337.496773123741	-2665052.504322915804	2492582.628695371561	-288232.702539210324	1.41454670011280026	0.86646743981935526	2.91175035961441919
369005337.513773143291	-2665051.411593374796	2492591.271663874853	-288174.785239801393	1.41457107662314896	0.86647052255325663	2.91176665282080460
369005337.530773103237	-2665050.318152602762	2492599.913922859821	-288116.868083019217	1.41459545313063284	0.86647360501895376	2.91178294610804889
369005337.547773122787	-2665049.224043437280	2492608.555651447736	-288058.950653857202	1.41461982980705736	0.86647668723330717	2.91179923959154952
369005337.564773142338	-2665048.129233572632	2492617.196673130617	-288001.033121191082	1.41464410248318995	0.86647998439807006	2.91181554711624679
369005337.581773102283	-2665047.033720488194	2492625.837066781241	-287943.115749223565	1.41466836430304910	0.86648330370578608	2.91183185616219120
369005337.598773121834	-2665045.937534098513	2492634.476875589229	-287885.198074692220	1.41469262630466996	0.86648662275950616	2.91184816541796554
369005337.615773141384	-2665044.841912931763	2492643.115866682958	-287827.279966410715	1.41471688865972434	0.86648994157414883	2.91186447499995671
369005337.632773160934	-2665043.744326899759	2492651.754441925324	-287769.362151906069	1.41474115102350861	0.86649326012704686	2.91188078467361411
369005337.649773120880	-2665042.646065864712	2492660.392297009937	-287711.444469578506	1.41476533485490141	0.86649661390628141	2.91189700709326704
369005337.666773140430	-2665041.547096487600	2492669.029578107409	-287653.526515329315	1.41478841637345365	0.86650046468803732	2.91191200459459809
369005337.683773159981	-2665040.447459463961	2492677.666267477907	-287595.608483977208	1.41481149792711181	0.86650431522558413	2.91192700221626399
369005337.700773119926	-2665039.347106551751	2492686.302241778467	-287537.690581706993	1.41483457967860149	0.86650816554116772	2.91194200006457615
369005337.717773139477	-2665038.246074042749	2492694.937619630247	-287479.772422721901	1.41485766179131844	0.86651201565343328	2.91195699824672571
369005337.734773159027	-2665037.144375503995	2492703.572398015764	-287421.854169764847	1.41488074393911467	0.86651586552148097	2.91197199654917993
369005337.751773118973	-2665036.041938189883	2492712.206489550415	-287363.936064421956	1.41490407318347877	0.86651965058969316	2.91198725281612836
369005337.768773138523	-2665034.938830370083	2492720.839988726191	-287306.017659839417	1.41492873098126482	0.86652308799271605	2.91200389592040088
369005337.785773158073	-2665033.835033698939	2492729.472888493445	-287248.099190263485	1.41495338879535182	0.86652652512010020	2.91202053912531866
369005337.802773118019	-2665032.730554508977	2492738.105084409937	-287190.180868073658	1.41497804680283545	0.86652996197322607	2.91203718255308397
369005337.819773137569	-2665031.625350472052	2492746.736717975233	-287132.262257091934	1.41500270517284488	0.86653339859658807	2.91205382631544918
369005337.836773157120	-2665030.519491951913	2492755.367700328585	-287074.343570899626	1.41502736356243886	0.86653683492633449	2.91207047018277576
369005337.853773117065	-2665029.412920591421	2492763.998022799380	-287016.424991228618	1.41505126949873494	0.86654023928948798	2.91208636541859489
369005337.870773136616	-2665028.305665638763	2492772.627770412248	-286958.506163400016	1.41507382424304384	0.86654358651819485	2.91210091624478595
369005337.887773156166	-2665027.197725919075	2492781.256868836936	-286900.587272471283	1.41509637899661866	0.86654693351783574	2.91211546716279290
369005337.904773116112	-2665026.089093407616	2492789.885301001370	-286842.668498285522	1.41511893391915455	0.86655028030353054	2.91213001827666673
369005337.921773135662	-2665024.979766041040	2492798.513134222012	-286784.749438632163	1.41514148916902149	0.86655362689758242	2.91214456968871893
369005337.938773155212	-2665023.869743606076	2492807.140342065599	-286726.830327761942	1.41516404442680099	0.86655697326974823	2.91215912119081732
369005337.955773115158	-2665022.759028325789	2492815.766911797225	-286668.911323184613	1.41518736817544855	0.86656031639140774	2.91217438649274829
369005337.972773134708	-2665021.647625716403	2492824.392852460966	-286610.992060457182	1.41521185390821036	0.86656365469427732	2.91219073102167059
369005337.989773154259	-2665020.535529594868	2492833.018188160844	-286553.072719194926	1.41523633965118423	0.86656699272881232	2.91220707564567327
369005338.006773114204	-2665019.422752600629	2492841.642812242731	-286495.153508448100	1.41526082558025501	0.86657033049569332	2.91222342048486071
369005338.023773133755	-2665018.309264472686	2492850.266897936352	-286437.234012006898	1.41528531186401385	0.86657366803512947	2.91223976564976761
369005338.040773153305	-2665017.195094374474	2492858.890326927882	-286379.314455787826	1.41530979815993985	0.86657700529543935	2.91225611091232794
369005338.057773113251	-2665016.080230264924	2492867.513103758451	-286321.395028194529	1.41533415163550225	0.86658030290996990	2.91227205290175029
369005338.074773132801	-2665014.964703580365	2492876.135264453012	-286263.475323692313	1.41535840497447585	0.86658357053027180	2.91228769036980495
369005338.091773152351	-2665013.848452072125	2492884.756788673345	-286205.555535649182	1.41538265831800492	0.86658683789635738	2.91230332793054547
369005338.108773112297	-2665012.731514384504	2492893.377665151376	-286147.635888113640	1.41540691183835277	0.86659010501919487	2.91231896569650450
369005338.125773131847	-2665011.613883343060	2492901.997977450024	-286089.715959867812	1.41543116570646199	0.86659337191693286	2.91233460377848230
369005338.142773151398	-2665010.495575474110	2492910.617630580906	-286031.795948330429	1.41545541958041898	0.86659663855325864	2.91235024195484904
369005338.159773111343	-2665009.376582600642	2492919.236636205576	-285973.876097491710	1.41547969104391025	0.86659987670627348	2.91236634145186857
369005338.176773130894	-2665008.256891757715	2492927.855043954682	-285915.955962849665	1.41550397593511335	0.86660309341272224	2.91238278765241621
369005338.193773150444	-2665007.137749465182	2492936.472596701235	-285858.035360948648	1.41552826083067962	0.86660630985217157	2.91239923393928546
369005338.210773110390	-2665006.016678310465	2492945.089724562597	-285800.115266174078	1.41555254590441626	0.86660952602804386	2.91241568043241639
369005338.227773129940	-2665004.894884826150	2492953.706247977447	-285742.194901368755	1.41557683132483447	0.86661274197250759	2.91243212724479994
369005338.244773149490	-2665003.772436106112	2492962.322112471331	-285684.274478697742	1.41560111675156630	0.86661595763918131	2.91244857414607283
369005338.261773109436	-2665002.649280462880	2492970.937336589675	-285626.354153760534	1.41562526498083097	0.86661928947835087	2.91246457949704540
369005338.278773128986	-2665001.525436287746	2492979.551945717540	-285568.433582557889	1.41564934974639001	0.86662267517720570	2.91248037995978715
369005338.295773148537	-2665000.400907773059	2492988.165911983699	-285510.512943269103	1.41567343452421168	0.86662606061653980	2.91249618052078363
369005338.312773108482	-2664999.275668259710	2492996.779287637677	-285452.592399822839	1.41569751948405087	0.86662944581533707	2.91251198129197020
369005338.329773128033	-2664998.149756518658	2493005.391987725161	-285394.671610340301	1.41572160479831166	0.86663283077819686	2.91252778238875853
369005338.346773147583	-2664997.023136258591	2493014.004129244946	-285336.750730210275	1.41574569012281781	0.86663621549231074	2.91254358358116239
369005338.363773107529	-2664995.895847395528	2493022.615548292641	-285278.829978933791	1.41577011422805543	0.86663962309106346	2.91256003470101055
369005338.380773127079	-2664994.767854651436	2493031.226364237256	-285220.908984715177	1.41579459239714178	0.86664303412421428	2.91257658920316764
369005338.397773146629	-2664993.639170000795	2493039.836595581844	-285162.987884642906	1.41581907058112866	0.86664644488525722	2.91259314380361456
369005338.414773106575	-2664992.509802984539	2493048.446094825398	-285105.066942404141	1.41584354895583187	0.86664985537538308	2.91260969862390606
369005338.431773126125	-2664991.379724822938	2493057.055083780084	-285047.145704021212	1.41586802768980102	0.86665326563531153	2.91262625377606454
369005338.448773145676	-2664990.248969507869	2493065.663407134824	-284989.224387331458	1.41589246364394805	0.86665667339644514	2.91264277274693129
369005338.465773105621	-2664989.117518682964	2493074.271057846025	-284931.303226583637	1.41591612491233509	0.86666004078696302	2.91265863501103039
369005338.482773125172	-2664987.985377342906	2493082.878150627948	-284873.381745926512	1.41593978652785557	0.86666340795191732	2.91267449759561314
369005338.499773144722	-2664986.852556125261	2493091.484543343540	-284815.460236612358	1.41596344815624819	0.86666677485718380	2.91269036027504447
369005338.516773104668	-2664985.719019609038	2493100.090332482941	-284757.538847136195	1.41598710996297705	0.86667014152880451	2.91270622315995942
369005338.533773124218	-2664984.584812689107	2493108.695529154036	-284699.617158419162	1.41601077211747461	0.86667350797124953	2.91272208636619734
