369005331.701227843761 0.000085000000
369005331.701227843761	-2665384.716071623378	2489599.464865448885	-307973.151895215095	1.40631025702404422	0.86526927608544191	2.90622151748600510
369005331.718227863312	-2665383.859122477937	2489608.322204404045	-307915.260471498419	1.40633486540082742	0.86527335101626734	2.90623810223883172
369005331.735227823257	-2665383.001517790835	2489617.178880385123	-307857.369164294796	1.40635947383130033	0.86527742565022092	2.90625468713284807
369005331.752227842808	-2665382.143189942464	2489626.034952865914	-307799.477587059315	1.40638404517231885	0.86528139351010624	2.90627123411464261
369005331.769227862358	-2665381.284172190353	2489634.890377902426	-307741.585928192071	1.40640847589514673	0.86528495859331311	2.90628763722898409
369005331.786227822304	-2665380.424486320466	2489643.745144374669	-307683.694392484787	1.40643290664358789	0.86528852338800677	2.90630404045470758
369005331.803227841854	-2665379.564082643948	2489652.599381948821	-307625.802569419669	1.40645733758428038	0.86529208794314683	2.90632044390069577
369005331.820227861404	-2665378.702997795772	2489661.452927835286	-307567.910680159228	1.40648176889504795	0.86529565225026372	2.90633684769052225
369005331.837227821350	-2665377.841213360429	2489670.305845096707	-307510.018895527988	1.40650620022859774	0.86529921628321371	2.90635325158802038
369005331.854227840900	-2665376.978750118520	2489679.158187178895	-307452.126826862921	1.40653003252845221	0.86530271533496961	2.90636922070535242
369005331.871227860451	-2665376.115578590427	2489688.009838494472	-307394.234702451038	1.40655297428445980	0.86530611794455181	2.90638454340923325
369005331.888227820396	-2665375.252987716347	2489696.860690067522	-307336.342299908691	1.40657591605468024	0.86530952030571973	2.90639986620764246
369005331.905227839947	-2665374.388445307966	2489705.711107445881	-307278.450023410842	1.40659885799950479	0.86531292244476010	2.90641518920739683
369005331.922227859497	-2665373.523210201878	2489714.560913006775	-307220.557651508192	1.40662180028142481	0.86531632437718820	2.90643051251806783
369005331.939227819443	-2665372.657277957071	2489723.410047896206	-307162.665402994899	1.40664474257752814	0.86531972606119423	2.90644583592323569
369005331.956227838993	-2665371.790655145422	2489732.258596618660	-307104.772877572512	1.40666824377923372	0.86532324221295742	2.90646156508431419
369005331.973227858543	-2665370.923336117528	2489741.106528235599	-307046.880263393163	1.40669244464143017	0.86532690167598181	2.90647780216697393
369005331.990227818489	-2665370.055335666519	2489749.953769858927	-306988.987806818623	1.40671664553260656	0.86533056086204629	2.90649403936353323
369005332.007227838039	-2665369.186638052110	2489758.800406769849	-306931.095049570315	1.40674084662198196	0.86533421979924141	2.90651027678721663
369005332.024227857590	-2665368.317261445802	2489767.646455835085	-306873.202200011758	1.40676504808157299	0.86533787850129007	2.90652651455492395
369005332.041227817535	-2665367.447163356468	2489776.491827656981	-306815.309487616760	1.40678924956871354	0.86534153693354909	2.90654275243465898
369005332.058227837086	-2665366.576400349848	2489785.336577577051	-306757.416483105742	1.40681276099953023	0.86534503571067156	2.90655891225770358
369005332.075227856636	-2665365.704924562015	2489794.180736400653	-306699.523405045271	1.40683583649278265	0.86534843351939994	2.90657502292240943
369005332.092227816582	-2665364.832763062790	2489803.024206072092	-306641.630466057686	1.40685891200178981	0.86535183107013380	2.90659113367794930
369005332.109227836132	-2665363.959924375173	2489811.867079004645	-306583.737268691941	1.40688198768927597	0.86535522838195023	2.90660724463849540
369005332.126227855682	-2665363.086369480472	2489820.709354977589	-306525.843929825001	1.40690506371796920	0.86535862547391751	2.90662335591822574
369005332.143227815628	-2665362.212153217290	2489829.550934559666	-306467.950758781866	1.40692813976377895	0.86536202230070536	2.90663946729058642
369005332.160227835178	-2665361.337206295691	2489838.391968859360	-306410.057279939763	1.40695173269870910	0.86536555179924457	2.90665562416082190
369005332.177227854729	-2665360.461601692718	2489847.232352844439	-306352.163760100433	1.40697557562688980	0.86536914526534570	2.90667180325078389
369005332.194227814674	-2665359.585281993262	2489856.072042988148	-306294.270342024218	1.40699941857944411	0.86537273846674057	2.90668798244671223
369005332.211227834225	-2665358.708283531945	2489864.911157904193	-306236.376639913942	1.40702326172517167	0.86537633142028803	2.90670416186417002
369005332.228227853775	-2665357.830607311800	2489873.749657033011	-306178.482876136084	1.40704710523357512	0.86537992413924880	2.90672034161964543
369005332.245227873325	-2665356.952192559373	2489882.587509328499	-306120.589015749807	1.40707094876353245	0.86538351660785295	2.90673652147739059
369005332.262227833271	-2665356.073126593605	2489891.424725870602	-306062.695279956213	1.40709512863429653	0.86538708927587427	2.90675257831410061
369005332.279227852821	-2665355.193357947282	2489900.261338844430	-306004.801279365201	1.40711942942906498	0.86539065471540866	2.90676859128174359
369005332.296227872372	-2665354.312894404866	2489909.097292387392	-305946.907188586018	1.40714373024616868	0.86539421988477905	2.90678460435876795
369005332.313227832317	-2665353.431758872233	2489917.932580737863	-305889.013239974272	1.40716803125831436	0.86539778479705609	2.90680061766048858
369005332.330227851868	-2665352.549898665398	2489926.767287031747	-305831.118995675060	1.40719233263403676	0.86540134948684033	2.90681663129673939
369005332.347227871418	-2665351.667370154988	2489935.601374209858	-305773.224684722431	1.40721663403206154	0.86540491390645091	2.90683264504233652
369005332.364227831364	-2665350.784115802497	2489944.434841271490	-305715.330471502501	1.40724102667318696	0.86540834737246131	2.90684895050375269
369005332.381227850914	-2665349.900213821791	2489953.267673701048	-305657.436015588231	1.40726542877588146	0.86541176753086124	2.90686528543343226
369005332.398227870464	-2665349.015594958328	2489962.099868208636	-305599.541438594519	1.40728983089416038	0.86541518741394652	2.90688162046363052
369005332.415227830410	-2665348.130305187777	2489970.931431027129	-305541.647020885895	1.40731423319935156	0.86541860704453732	2.90689795570917564
369005332.432227849960	-2665347.244300711900	2489979.762353415135	-305483.752311043441	1.40733863586487384	0.86542202643467903	2.90691429128764112
369005332.449227869511	-2665346.357596037909	2489988.592708393000	-305425.857510552276	1.40736296379484371	0.86542548578469358	2.90693055084966012
369005332.466227829456	-2665345.471478166524	2489997.422170524951	-305367.962464940094	1.40738664314845585	0.86542929400055313	2.90694615001614576
369005332.483227849007	-2665344.583405961283	2490006.251262137666	-305310.067521150340	1.40741032286957801	0.86543310200479540	2.90696174952281172
369005332.500227868557	-2665343.694652631413	2490015.079690119252	-305252.172500716348	1.40743400262565488	0.86543690974632526	2.90697734915028327
369005332.517227828503	-2665342.805184554774	2490023.907444963697	-305194.277609134559	1.40745768258225601	0.86544071725427341	2.90699294900732097
369005332.534227848053	-2665341.915037759580	2490032.734624532051	-305136.382433518535	1.40748136290773496	0.86544452454340448	2.90700854920634066
369005332.551227867603	-2665341.024193645455	2490041.561172869988	-305078.487191478431	1.40750516470074949	0.86544831486774809	2.90702428091297271
369005332.568227827549	-2665340.132671310101	2490050.387071976904	-305020.592052404012	1.40752982303494178	0.86545198707657200	2.90704093939083386
369005332.585227847099	-2665339.240437791683	2490059.212322122417	-304962.696657073568	1.40755448174682840	0.86545565904243904	2.90705759822019116
369005332.602227866650	-2665338.347528504673	2490068.036983234342	-304904.801167771453	1.40757914048804067	0.86545933072693038	2.90707425716407730
369005332.619227826595	-2665337.453915030695	2490076.860996287782	-304846.905812078621	1.40760379943309455	0.86546300214745309	2.90709091634141537
369005332.636227846146	-2665336.559621314518	2490085.684427419212	-304789.010157145618	1.40762845875650888	0.86546667332140725	2.90710757587113200
369005332.653227865696	-2665335.664604067337	2490094.507179575507	-304731.114449790097	1.40765293753164200	0.86547039055963471	2.90712407528967232
369005332.670227825642	-2665334.768939189613	2490103.329301201738	-304673.218860379595	1.40767705282844457	0.86547420085570781	2.90714025225059691
369005332.687227845192	-2665333.872563804034	2490112.150842935778	-304615.322983840539	1.40770116850013993	0.86547801093033394	2.90715642956011111
369005332.704227864742	-2665332.975501356646	2490120.971757759806	-304557.427018545452	1.40772528420806031	0.86548182073238900	2.90717260699073776
369005332.721227824688	-2665332.077731692232	2490129.791969297454	-304499.531209420413	1.40774940012221839	0.86548563028383807	2.90718878465711006
369005332.738227844238	-2665331.179269594140	2490138.611609699670	-304441.635102716857	1.40777351641263282	0.86548943960663949	2.90720496267386874
369005332.755227863789	-2665330.280146769714	2490147.430614597164	-304383.738914152898	1.40779777045617727	0.86549318297008826	2.90722122588497545
369005332.772227823734	-2665329.380299794953	2490156.248949635308	-304325.842859427910	1.40782225722745991	0.86549681517878629	2.90723763296661453
369005332.789227843285	-2665328.479777331464	2490165.066680097487	-304267.946529457520	1.40784674437184631	0.86550044714651297	2.90725404039461033
369005332.806227862835	-2665327.578549651895	2490173.883831187617	-304210.050100280088	1.40787123154199167	0.86550407884259151	2.90727044793370570
369005332.823227822781	-2665326.676651334390	2490182.700274732895	-304152.153811838361	1.40789571891397824	0.86550771026978945	2.90728685570469825
369005332.840227842331	-2665325.774047211744	2490191.516143888235	-304094.257249811548	1.40792020665696183	0.86551134146676445	2.90730326381928705
369005332.857227861881	-2665324.870750137139	2490200.331394704059	-304036.360597365710	1.40794477545046304	0.86551471200734187	2.90731966551011656
369005332.874227821827	-2665323.966763934586	2490209.145950976294	-303978.464090642112	1.40796940517899993	0.86551788704525401	2.90733606251164645
369005332.891227841377	-2665323.062082548160	2490217.959943579510	-303920.567283015756	1.40799403525633493	0.86552106184484312	2.90735245983250712
369005332.908227860928	-2665322.156707888003	2490226.773283294402	-303862.670400406641	1.40801866533589148	0.86552423636748566	2.90736885724122462
369005332.925227820873	-2665321.250650675036	2490235.585988951847	-303804.773634309648	1.40804329559198016	0.86552741062710259	2.90738525485488264
369005332.942227840424	-2665320.343893635087	2490244.398083452135	-303746.876606739534	1.40806792619683696	0.86553058464837673	2.90740165278783946
369005332.959227859974	-2665319.436460543890	2490253.209554328583	-303688.979500632267	1.40809234138347006	0.86553397692597667	2.90741796028375354
369005332.976227819920	-2665318.528312389273	2490262.020345613826	-303631.082528365834	1.40811662168017948	0.86553750598013424	2.90743421123415002
369005332.993227839470	-2665317.619496245403	2490270.830544128548	-303573.185255195771	1.40814090234198552	0.86554103479365119	2.90745046252291184
369005333.010227859020	-2665316.709944688715	2490279.640137114562	-303515.287905381236	1.40816518302167615	0.86554456335165830	2.90746671391334388
369005333.027227818966	-2665315.799749600235	2490288.449049755465	-303457.390675402828	1.40818946389803101	0.86554809163466007	2.90748296553059182
369005333.044227838516	-2665314.890102232806	2490297.257224283181	-303399.492794541176	1.40821374513530317	0.86555161969854022	2.90749921748072371
369005333.061227858067	-2665313.978494368494	2490306.064913763665	-303341.595202450873	1.40823751214816628	0.86555479371468735	2.90751525754830942
369005333.078227818012	-2665313.066222449299	2490314.871942364145	-303283.697764411278	1.40826114332559471	0.86555787391711680	2.90753124174648914
369005333.095227837563	-2665312.153243219946	2490323.678389908280	-303225.800037580251	1.40828477483280556	0.86556095390095955	2.90754722624728501
369005333.112227857113	-2665311.239562916104	2490332.484180110041	-303167.902223884070	1.40830840633792209	0.86556403362533296	2.90756321082592617
369005333.129227817059	-2665310.325183554552	2490341.289334089030	-303110.004552356491	1.40833203800686602	0.86556711311067314	2.90757919559478095
369005333.146227836609	-2665309.410140907858	2490350.093900798354	-303052.106593469973	1.40835567000833128	0.86557019236304822	2.90759518066985567
369005333.163227856159	-2665308.494389363099	2490358.897805736866	-302994.208535835904	1.40837957225514221	0.86557361477651951	2.90761128150872894
369005333.180227816105	-2665307.577952943277	2490367.701048501302	-302936.310639377567	1.40840352300909855	0.86557709835147600	2.90762740324620816
369005333.197227835655	-2665306.660815938842	2490376.503709257580	-302878.412438445375	1.40842747412046454	0.86558058169450336	2.90764352531494907
369005333.214227855206	-2665305.742977327202	2490385.305753910448	-302820.514184632862	1.40845142524873612	0.86558406478060135	2.90765964748280981
369005333.231227815151	-2665304.824469590560	2490394.107167698909	-302762.616023338051	1.40847537656691357	0.86558754760790246	2.90767576986947374
369005333.248227834702	-2665303.905251140241	2490402.907938811928	-302704.717600799340	1.40849932824109314	0.86559103021043560	2.90769189258555771
369005333.265227854252	-2665302.985362646636	2490411.708049504086	-302646.819111836492	1.40852369027720892	0.86559457443395071	2.90770893191398150
369005333.282227814198	-2665302.064776622690	2490420.507572533097	-302588.920727274613	1.40854809422333460	0.86559812468490782	2.90772606463525385
369005333.299227833748	-2665301.143491721712	2490429.306435693521	-302531.022084793018	1.40857249853978206	0.86560167468361626	2.90774319770472900
369005333.316227853298	-2665300.221507963259	2490438.104717198294	-302473.123339781538	1.40859690288038220	0.86560522440055276	2.90776033087699082
369005333.333227872849	-2665299.298829759005	2490446.902359869797	-302415.224531668180	1.40862130759128412	0.86560877386522650	2.90777746439743412
369005333.350227832794	-2665298.375490376260	2490455.699319768231	-302357.325848855660	1.40864570783052900	0.86561232181362746	2.90779452395345217
369005333.367227852345	-2665297.451434176415	2490464.495758200530	-302299.426861338143	1.40867005849655502	0.86561585601395352	2.90781076430273622
369005333.384227871895	-2665296.526698939968	2490473.291517729871	-302241.527817846392	1.40869440952881964	0.86561938997313082	2.90782700499110147
369005333.401227831841	-2665295.601268735714	2490482.086591231637	-302183.628918414586	1.40871876058259415	0.86562292365827009	2.90784324578655795
369005333.418227851391	-2665294.675128115341	2490490.881084732711	-302125.729731853644	1.40874311182746847	0.86562645710017072	2.90785948680146111
369005333.435227870941	-2665293.748306449037	2490499.674942624755	-302067.830458197452	1.40876746343924331	0.86562999029731158	2.90787572815632078
369005333.452227830887	-2665292.820808592252	2490508.468164178077	-302009.931297729490	1.40879163374867367	0.86563356222444165	2.90789183521207972
369005333.469227850437	-2665291.892610596959	2490517.260768113192	-301952.031880775641	1.40881532699460643	0.86563723662520864	2.90790758871179644
369005333.486227869987	-2665290.963713492732	2490526.052727667615	-301894.132387176331	1.40883902026786401	0.86564091076889726	2.90792334232272154
369005333.503227829933	-2665290.034115795512	2490534.844072472770	-301836.233010088792	1.40886271373549321	0.86564458467651939	2.90793909615651147
369005333.520227849483	-2665289.103852997534	2490543.634788781870	-301778.333345872175	1.40888640756729999	0.86564825835472137	2.90795485032844381
369005333.537227869034	-2665288.172880803235	2490552.424884518608	-301720.433616894064	1.40891010142502293	0.86565193178301703	2.90797060460974199
369005333.554227828979	-2665287.241225816775	2490561.214311564341	-301662.534019863408	1.40893399512423700	0.86565557087152556	2.90798655274300888
369005333.571227848530	-2665286.308861613274	2490570.003172625788	-301604.634113371954	1.40895836330895352	0.86565912876875251	2.90800296104172062
369005333.588227868080	-2665285.375819938257	2490578.791361387819	-301546.734166111739	1.40898273151706510	0.86566268638893296	2.90801936944831230
369005333.605227828026	-2665284.443330453243	2490587.578772767447	-301488.833925514424	1.40900709991965889	0.86566624375585322	2.90803577807812319
369005333.622227847576	-2665283.508916871157	2490596.365692303050	-301430.933821410232	1.40903146869127127	0.86566980087533929	2.90805218705102053
369005333.639227867126	-2665282.573807619978	2490605.152029035613	-301373.033613115666	1.40905583748486563	0.86567335772495146	2.90806859612994995
369005333.656227827072	-2665281.637974012643	2490613.937661231961	-301315.133554095635	1.40907983004225090	0.86567701041871847	2.90808475941587208
369005333.673227846622	-2665280.701482194941	2490622.722746155690	-301257.233205825265	1.40910342516433396	0.86568076444188302	2.90810066305936443
369005333.690227866173	-2665279.764300409704	2490631.507148813456	-301199.332791360561	1.40912702031929782	0.86568451820249315	2.90811656681802200
369005333.707227826118	-2665278.826397968456	2490640.290971228853	-301141.432472737739	1.40915061567212274	0.86568827172930152	2.90813247080274406
369005333.724227845669	-2665277.887821426615	2490649.074132861570	-301083.531919960049	1.40917421139192234	0.86569202502950915	2.90814837512985580
369005333.741227865219	-2665276.948560254648	2490657.856686836574	-301025.631283660710	1.40919780714319565	0.86569577807433540	2.90816427957029200
369005333.758227825165	-2665276.008603428490	2490666.638555753510	-300967.730758867925	1.40922196932464994	0.86569946444367718	2.90818054849131524
369005333.775227844715	-2665275.067938147113	2490675.419857635628	-300909.829957166745	1.40924660579643368	0.86570309499223486	2.90819712262434704
369005333.792227864265	-2665274.126584036741	2490684.200519434176	-300851.929056487978	1.40927124229648637	0.86570672525418213	2.90821369687161901
369005333.809227824211	-2665273.184543172363	2490692.980534108821	-300794.028296316101	1.40929587899777609	0.86571035525381279	2.90823027134963219
369005333.826227843761	-2665272.241820659488	2490701.759946269915	-300736.127264222188	1.40932051607464981	0.86571398500823649	2.90824684617669682
369005333.843227863312	-2665271.298410060816	2490710.538717317395	-300678.226165704022	1.40934515317838116	0.86571761448322104	2.90826342111615599
369005333.860227823257	-2665270.354302968364	2490719.316823798232	-300620.325185588386	1.40936948913745752	0.86572097307635942	2.90828000507212137
369005333.877227842808	-2665269.409489465877	2490728.094356761314	-300562.423899335728	1.40939372225277748	0.86572423875588422	2.90829659236407156
369005333.894227862358	-2665268.463980790228	2490736.871243157424	-300504.522567329812	1.40941795537456249	0.86572750416977107	2.90831317974285186
369005333.911227822304	-2665267.517801526934	2490745.647478166968	-300446.621355160023	1.40944218867776039	0.86573076931462101	2.90832976733136928
369005333.928227841854	-2665266.570915912744	2490754.423111495096	-300388.719847301662	1.40946642233114128	0.86573403421934692	2.90834635524441731
369005333.945227861404	-2665265.623344139196	2490763.198116711341	-300330.818283240427	1.40949065599163781	0.86573729885483564	2.90836294324515743
369005333.962227821350	-2665264.675090808887	2490771.972467215732	-300272.916828794230	1.40951506535658466	0.86574065561969105	2.90837947029963173
369005333.979227840900	-2665263.726128777489	2490780.746187951881	-300215.015123326331	1.40953952249379122	0.86574403711172665	2.90839598116290787
369005333.996227860451	-2665262.776476982981	2490789.519345397595	-300157.113304877596	1.40956397964445834	0.86574741832899171	2.90841249212333208
369005334.013227820396	-2665261.826138190459	2490798.291792988777	-300099.211652820231	1.40958843698235659	0.86575079928326326	2.90842900329966714
369005334.030227839947	-2665260.875120566227	2490807.063644338865	-300041.309689640882	1.40961289468057105	0.86575417998990267	2.90844551480977387
369005334.047227859497	-2665259.923407359980	2490815.834870873485	-299983.407675242459	1.40963735239152399	0.86575756042535390	2.90846202641608897
369005334.064227819443	-2665258.970972914714	2490824.605461818632	-299925.505745033908	1.40966128695744453	0.86576139817313191	2.90847834302615249
369005334.081227838993	-2665258.017869852949	2490833.375410228968	-299867.603584242694	1.40968520150509824	0.86576525352437883	2.90849465238109905
369005334.098227858543	-2665257.064053537324	2490842.144768269267	-299809.701317348983	1.40970911609158200	0.86576910860639056	2.90851096185683788
369005334.115227818489	-2665256.109580838587	2490850.913448949810	-299751.799189299170	1.40973303088823254	0.86577296342708299	2.90852727157251900
369005334.132227838039	-2665255.154400957283	2490859.681548425462	-299693.896772458625	1.40975694606021618	0.86577681802668738	2.90854358163918780
369005334.149227857590	-2665254.198540430050	2490868.449032941367	-299635.994295613258	1.40978086079498555	0.86578066538267173	2.90855988643078289
369005334.166227817535	-2665253.241974138655	2490877.215813631192	-299578.091920531297	1.40980475438262354	0.86578420033198766	2.90857594978304146
369005334.183227837086	-2665252.285964353010	2490885.981868224684	-299520.188889104698	1.40982864832746380	0.86578773506204465	2.90859201346579743
369005334.200227856636	-2665251.328016166575	2490894.747444138862	-299462.286166888138	1.40985254229463775	0.86579126952199104	2.90860807725407344
369005334.217227816582	-2665250.369379416574	2490903.512331700418	-299404.383585408155	1.40987643645259131	0.86579480373186124	2.90862414126169000
369005334.234227836132	-2665249.410047276877	2490912.276649013627	-299346.480708011542	1.40990033096909184	0.86579833771527137	2.90864020560157543
369005334.251227855682	-2665248.450034881942	2490921.040357737336	-299288.577765622700	1.40992426408439941	0.86580190798743772	2.90865623784677885
369005334.268227815628	-2665247.489317039028	2490929.803383370396	-299230.674952087400	1.40994862218197370	0.86580588048271212	2.90867191579039241
369005334.285227835178	-2665246.527906692587	2490938.565774941817	-299172.771866858937	1.40997298066628196	0.86580985275242139	2.90868759409133881
369005334.302227854729	-2665245.565796330571	2490947.327626992017	-299114.868680532963	1.40999733919114889	0.86581382476471402	2.90870327252375294
369005334.319227814674	-2665244.603027750738	2490956.088760483079	-299056.965633280692	1.41002169793306975	0.86581779651755453	2.90871895120504442
369005334.336227834225	-2665243.639533192851	2490964.849291200750	-298999.062317659787	1.41004605705964803	0.86582176805558175	2.90873463024094692
369005334.353227853775	-2665242.675358036533	2490973.609220720362	-298941.158899507602	1.41007041974104519	0.86582561714128514	2.90875047813715737
369005334.370227873325	-2665241.710479618050	2490982.368464636151	-298883.255439155153	1.41009479310201713	0.86582910740561814	2.90876682156085620
369005334.387227833271	-2665240.744941920508	2490991.127123120707	-298825.352082974394	1.41011916648326352	0.86583259739080398	2.90878316508986545
369005334.404227852821	-2665239.778685459867	2490999.885127948597	-298767.448458653002	1.41014354005522291	0.86583608712374560	2.90879950883817084
369005334.421227872372	-2665238.811744405888	2491008.642553178128	-298709.544740359648	1.41016791399039132	0.86583957662056554	2.90881585292245548
369005334.438227832317	-2665237.844123825431	2491017.399308485445	-298651.641152353026	1.41019228794579776	0.86584306583823023	2.90883219711201146
369005334.455227851868	-2665236.875809207559	2491026.155409283005	-298593.737319970853	1.41021611992884233	0.86584642675026735	2.90884824442626888
369005334.472227871418	-2665235.906760920305	2491034.910924762953	-298535.833383625664	1.41023927499579660	0.86584962749620598	2.90886392092918999
369005334.489227831364	-2665234.937077462673	2491043.665798651520	-298477.929563564423	1.41026243006973107	0.86585282797702900	2.90887959751851799
369005334.506227850914	-2665233.966671250761	2491052.420040481724	-298420.025483920879	1.41028558530912362	0.86585602823556873	2.90889527429907213
369005334.523227870464	-2665232.995582851116	2491061.173688824289	-298362.121318617021	1.41030874088066049	0.86585922827155293	2.90891095138644973
369005334.540227830410	-2665232.023796925321	2491069.926630303729	-298304.217304497317	1.41033189645572765	0.86586242806037172	2.90892662855571160
369005334.557227849960	-2665231.051332185976	2491078.679003620986	-298246.312968804908	1.41035574291802313	0.86586576933833792	2.90894274483005466
369005334.574227869511	-2665230.078162870836	2491087.430761743337	-298188.408581895346	1.41038037113636761	0.86586927071619013	2.90895935796671612
369005334.591227829456	-2665229.104297217913	2491096.181827031542	-298130.504323838046	1.41040499937549613	0.86587277181142253	2.90897597120912410
369005334.608227849007	-2665228.129756260663	2491104.932315642014	-298072.599780085264	1.41042962780899961	0.86587627264383438	2.90899258467494581
369005334.625227868557	-2665227.154511912726	2491113.682203088421	-298014.695162783028	1.41045425661047474	0.86587977323321641	2.90900919848185735
369005334.642227828503	-2665226.178597240709	2491122.431354568806	-297956.790696664946	1.41047888543406219	0.86588327353278804	2.90902581239626690
369005334.659227848053	-2665225.201950681396	2491131.179953770712	-297898.885907542310	1.41050291529349470	0.86588662649549974	2.90904209258927038
369005334.676227867603	-2665224.224635756575	2491139.927927135956	-297840.981056752091	1.41052666630791168	0.86588991067704291	2.90905821749658422
369005334.693227827549	-2665223.246638573240	2491148.675238027237	-297783.076332923432	1.41055041733126729	0.86589319459435266	2.90907434249332120
369005334.710227847099	-2665222.267943270504	2491157.421972299460	-297725.171352379431	1.41057416852963646	0.86589647827288985	2.90909046769193358
369005334.727227866650	-2665221.288562471978	2491166.168037087191	-297667.266281645221	1.41059792007387741	0.86589976171296423	2.90910659321115350
369005334.744227826595	-2665220.308464081492	2491174.913429518696	-297609.361341426848	1.41062167162565677	0.86590304489598202	2.90912271881796602
369005334.761227846146	-2665219.328948250972	2491183.658094644547	-297551.455714220763	1.41064610067223795	0.86590655498051905	2.90913921590632896
369005334.778227865696	-2665218.347488100175	2491192.402303916402	-297493.550426638627	1.41067084784629215	0.86591017137767379	2.90915588752120158
369005334.795227825642	-2665217.365328866523	2491201.145827815868	-297435.645264586376	1.41069559504677899	0.86591378749279924	2.90917255924819651
369005334.812227845192	-2665216.382487761788	2491209.888756461442	-297377.739793072338	1.41072034244948652	0.86591740333931666	2.90918923120718187
369005334.829227864742	-2665215.398942113854	2491218.631069875322	-297319.834270341962	1.41074509022748051	0.86592101894500650	2.90920590351445085
369005334.846227824688	-2665214.414709169883	2491227.372708881740	-297261.928866013011	1.41076983803323319	0.86592463426147415	2.90922257593559230
369005334.863227844238	-2665213.429776968434	2491236.113770998549	-297204.023184777470	1.41079401272515170	0.86592831436335882	2.90923912042830946
369005334.880227863789	-2665212.444170136936	2491244.854209455196	-297146.117445197655	1.41081813946510071	0.86593199970125267	2.90925565446840384
369005334.897227823734	-2665211.457854495849	2491253.593945084605	-297088.211809044646	1.41084226623620457	0.86593568476180116	2.90927218862140036
369005334.914227843285	-2665210.470862356480	2491262.333118110895	-297030.305899077561	1.41086639320785667	0.86593936956968287	2.90928872300351982
369005334.931227862835	-2665209.483175985981	2491271.071652073413	-296972.399926010869	1.41089052055149788	0.86594305413879613	2.90930525773366799
369005334.948227822781	-2665208.494775198400	2491279.809512542561	-296914.494081796438	1.41091464792489818	0.86594673843773695	2.90932179257489487
369005334.965227842331	-2665207.505708162673	2491288.546814745292	-296856.587941437261	1.41093898695027842	0.86595017798897844	2.90933822183252655
369005334.982227861881	-2665206.515933212359	2491297.283453883603	-296798.681734881946	1.41096333506068072	0.86595360721469483	2.90935464705751556
369005334.999227821827	-2665205.525497316383	2491306.019410011824	-296740.775653627934	1.41098768318913104	0.86595703615708675	2.90937107238474191
369005335.016227841377	-2665204.534349166322	2491314.754815415945	-296682.869296649413	1.41101203150453181	0.86596046484981226	2.90938749792698026
369005335.033227860928	-2665203.542490338907	2491323.489565237891	-296624.962870151445	1.41103638017919431	0.86596389330856438	2.90940392380147994
369005335.050227820873	-2665202.549982296303	2491332.223671175074	-296567.056551378511	1.41106074665378745	0.86596739261217115	2.90942034890361345
369005335.067227840424	-2665201.556738450192	2491340.957204431295	-296509.149971132283	1.41108522614921306	0.86597134304402845	2.90943676867405587
369005335.084227859974	-2665200.562835107092	2491349.690053187311	-296451.243312580802	1.41110970603773445	0.86597529322274458	2.90945318881278148
369005335.101227819920	-2665199.568221996538	2491358.422262114007	-296393.336785976076	1.41113418596946172	0.86597924312755825	2.90946960908088315
369005335.118227839470	-2665198.572922674939	2491367.153890969697	-296335.429963455652	1.41115866611830554	0.86598319277422997	2.90948602959645886
369005335.135227859020	-2665197.576926431619	2491375.884860061109	-296277.523084959947	1.41118314665681832	0.86598714218569728	2.90950245047582667
369005335.152227818966	-2665196.580239734612	2491384.615183962043	-296219.616316080850	1.41120754819924210	0.86599099243263866	2.90951880180022115
369005335.169227838516	-2665195.582886066288	2491393.344913753215	-296161.709278850816	1.41123162196986263	0.86599443214422833	2.90953486419603768
369005335.186227858067	-2665194.584815016016	2491402.074011924211	-296103.802169963485	1.41125569609634782	0.86599787162692443	2.90955092692017381
369005335.203227818012	-2665193.586061345413	2491410.802469321061	-296045.895182574226	1.41127977023994067	0.86600131083839438	2.90956698974587846
369005335.220227837563	-2665192.586606662255	2491419.530280444305	-295987.987928955350	1.41130384456830504	0.86600474980877784	2.90958305278428053
369005335.237227857113	-2665191.586449792143	2491428.257532509509	-295930.080569004291	1.41132791925318757	0.86600818854665607	2.90959911615186639
369005335.254227817059	-2665190.585644636769	2491436.984055162407	-295872.173380679917	1.41135207356068926	0.86601179468540979	2.90961522628833791
369005335.271227836609	-2665189.584115125239	2491445.710023484193	-295814.265886218869	1.41137646275041106	0.86601589454619743	2.90963147424898727
369005335.288227856159	-2665188.581903637853	2491454.435341893230	-295756.358326995047	1.41140085199208887	0.86601999412855168	2.90964772234923696
369005335.305227816105	-2665187.578986790963	2491463.160005218815	-295698.450886175560	1.41142524145763515	0.86602409345646536	2.90966397070419092
369005335.322227835655	-2665186.576664471533	2491471.883895866107	-295640.542772141518	1.41144963114771982	0.86602819252634133	2.90968021931473109
369005335.339227855206	-2665185.572372375987	2491480.607323723845	-295582.634991312691	1.41147402123290377	0.86603229136934856	2.90969646829418593
369005335.356227815151	-2665184.567387028597	2491489.330142003950	-295524.727306325978	1.41149851688559957	0.86603612039570532	2.90971289394280275
369005335.373227834702	-2665183.561710910872	2491498.052304542158	-295466.819375303632	1.41152315466526312	0.86603958707611173	2.90972955709349135
369005335.390227854252	-2665182.555344143882	2491506.773833231069	-295408.911374532618	1.41154779246269713	0.86604305348045652	2.90974622034606289
369005335.407227814198	-2665181.548296019901	2491515.494706996717	-295351.003483376640	1.41157243045494618	0.86604651961033496	2.90976288382298209
369005335.424227833748	-2665180.540539589711	2491524.215041646268	-295293.095304864226	1.41159706881159730	0.86604998550684520	2.90977954763692281
369005335.441227853298	-2665179.532099295873	2491532.934713342227	-295235.187051367597	1.41162170718801638	0.86605345111650878	2.90979621155537771
369005335.458227872849	-2665178.522983701434	2491541.653725481592	-295177.278767323995	1.41164602083732604	0.86605713888007385	2.90981234335485350
369005335.475227832794	-2665177.513151737861	2491550.372107353527	-295119.370581013500	1.41167013692704901	0.86606096155253864	2.90982815164563036
369005335.492227852345	-2665176.502649024129	2491559.089869037271	-295061.462105913262	1.41169425322310516	0.86606478397673770	2.90984396017282654
369005335.509227871895	-2665175.491433109622	2491567.807059628889	-295003.553564159374	1.41171836989278399	0.86606860618908532	2.90985976904490640
369005335.526227831841	-2665174.479543066584	2491576.523544409778	-294945.645132249629	1.41174248660080193	0.86607242812032881	2.90987557804402197
369005335.543227851391	-2665173.466958215460	2491585.239423186518	-294887.736452412559	1.41176660351309224	0.86607624981406828	2.90989138727685770
369005335.560227870941	-2665172.453668618109	2491593.954665869474	-294829.827694267791	1.41179103217952817	0.86607984351148271	2.90990767734541578
369005335.577227830887	-2665171.439711807761	2491602.669255825225	-294771.919054299360	1.41181563165782609	0.86608331199112898	2.90992423106712694
369005335.594227850437	-2665170.425049539655	2491611.383270992432	-294714.010140745377	1.41184023132640513	0.86608678022003738	2.90994078500741038
369005335.611227869987	-2665169.409686537459	2491620.096628451254	-294656.101140326879	1.41186483136203966	0.86609024819980818	2.90995733928795985
369005335.628227829933	-2665168.393631048966	2491628.809375278186	-294598.192268303130	1.41188943141521417	0.86609371590567130	2.90997389367068982
369005335.645227849483	-2665167.376907958183	2491637.521486998536	-294540.283148350893	1.41191403166134566	0.86609718334641295	2.90999044827551279
369005335.662227869034	-2665166.359473488759	2491646.232972223777	-294482.373915876437	1.41193794466432387	0.86610112900505187	2.91000604923331085
369005335.679227828979	-2665165.341358483769	2491654.943773309235	-294424.464836021361	1.41196174530456497	0.86610515261888721	2.91002149437121016
369005335.696227848530	-2665164.322545133065	2491663.654005037621	-294366.555461912183	1.41198554615684491	0.86610917600047177	2.91003693975123401
369005335.713227868080	-2665163.303032053635	2491672.363640725147	-294308.646007605130	1.41200934738895123	0.86611319917326046	2.91005238548285794
369005335.730227828026	-2665162.282839311752	2491681.072571756784	-294250.736699018918	1.41203314866731433	0.86611722207955011	2.91006783134976921
369005335.747227847576	-2665161.261953344569	2491689.780917177442	-294192.827115187363	1.41205695015701549	0.86612124475716590	2.91008327745789108
369005335.764227867126	-2665160.240363516845	2491698.488605972845	-294134.917446151783	1.41208155324016982	0.86612482316249950	2.91009976192012276
369005335.781227827072	-2665159.218111563008	2491707.195653921925	-294077.007903850463	1.41210628061118593	0.86612833241115395	2.91011640748100664
369005335.798227846622	-2665158.195136965718	2491715.902097780723	-294019.098091517226	1.41213100817575232	0.86613184140624921	2.91013305326400173
369005335.815227866173	-2665157.171477637719	2491724.607927294448	-293961.188200648641	1.41215573611085654	0.86613535015326248	2.91014969939054868
369005335.832227826118	-2665156.147133003455	2491733.313123434782	-293903.278427954298	1.41218046406722553	0.86613885861607653	2.91016634562394660
369005335.849227845669	-2665155.122119261418	2491742.017677804921	-293845.368392125005	1.41220500800124760	0.86614236070519934	2.91018282908309667
369005335.866227865219	-2665154.096391372848	2491750.721599352546	-293787.458282974956	1.41222782158772331	0.86614580521219531	2.91019778151290609
369005335.883227825165	-2665153.069961290807	2491759.424892787822	-293729.548280118033	1.41225063518838123	0.86614924948458938	2.91021273403866410
369005335.900227844715	-2665152.044124642853	2491768.127399474848	-293671.637626378681	1.41227344896475837	0.86615269353818769	2.91022768676727273
369005335.917227864265	-2665151.016293189954	2491776.829437695909	-293613.727287065994	1.41229626307704348	0.86615613739597574	2.91024263980386433
369005335.934227824211	-2665149.987825589720	2491785.530820082407	-293555.817086367810	1.41231907720618555	0.86615958100478418	2.91025759293992126
369005335.951227843761	-2665148.958627482411	2491794.231622087304	-293497.906593307329	1.41234207815968360	0.86616303402174888	2.91027271374214935
369005335.968227863312	-2665147.928745958488	2491802.931767447386	-293439.996020277729	1.41236626323059866	0.86616654780118252	2.91028889696282844
369005335.985227823257	-2665146.898185739759	2491811.631297957152	-293382.085589188617	1.41239044832153304	0.86617006131304997	2.91030508028781298
369005336.002227842808	-2665145.866913263686	2491820.330172371119	-293324.174886634632	1.41241463360296282	0.86617357457723498	2.91032126383174550
369005336.019227862358	-2665144.834969416261	2491829.028463809751	-293266.264071101905	1.41243881924806636	0.86617708759924461	2.91033744771281588
369005336.036227822304	-2665143.802328551654	2491837.726068915799	-293208.353433841898	1.41246300491248156	0.86618060035727018	2.91035363169727113
369005336.053227841854	-2665142.769001596142	2491846.423093816731	-293150.442500666948	1.41248714114896812	0.86618409684356312	2.91036963179519903
369005336.070227861404	-2665141.734979026485	2491855.119472855236	-293092.531489185814	1.41251116494219620	0.86618755668195280	2.91038521368561653
369005336.087227821350	-2665140.700263356324	2491863.815214056987	-293034.620583995769	1.41253518875139861	0.86619101626067030	2.91040079567964760
369005336.104227840900	-2665139.664847896434	2491872.510337261017	-292976.709422320011	1.41255921274524421	0.86619447560281393	2.91041637788683039
369005336.121227860451	-2665138.628740703221	2491881.204812470358	-292918.798213227536	1.41258323709308176	0.86619793472788276	2.91043196041759655
369005336.138227820396	-2665137.591952142771	2491889.898688967805	-292860.887092851510	1.41260726145821036	0.86620139358608506	2.91044754305371134
369005336.155227839947	-2665136.554465838708	2491898.591917952057	-292802.975704584445	1.41263135480284951	0.86620481686148099	2.91046342330558971
369005336.172227859497	-2665135.516288242768	2491907.284500203095	-292745.064256541780	1.41265556754048527	0.86620817873270128	2.91047981848365600
369005336.189227819443	-2665134.477423795965	2491915.976470553782	-292687.152901017049	1.41267978029140973	0.86621154033019698	2.91049621375761536
369005336.206227838993	-2665133.437861481216	2491924.667835908011	-292629.241299226356	1.41270399322494233	0.86621490167997128	2.91051260924182476
369005336.223227858543	-2665132.397615784779	2491933.358544578310	-292571.329617466952	1.41272820651444997	0.86621826278646552	2.91052900505595291
369005336.240227818489	-2665131.356663244311	2491942.048605766613	-292513.418070979242	1.41275241981653665	0.86622162362281985	2.91054540096505043
369005336.257227838039	-2665130.315041906666	2491950.738087831996	-292455.506235472509	1.41277671516555414	0.86622492584486899	2.91056191113642582
369005336.274227857590	-2665129.272706853226	2491959.426943396684	-292397.594321658544	1.41280112228043286	0.86622814840255058	2.91057857685377641
369005336.291227817535	-2665128.229713434819	2491968.115101888776	-292339.682541455433	1.41282552940432771	0.86623137066677536	2.91059524266273950
369005336.308227837086	-2665127.185991462786	2491976.802692967001	-292281.770479109604	1.41284993670388093	0.86623459268412517	2.91061190867426856
369005336.325227856636	-2665126.141597454902	2491985.489623262081	-292223.858384553052	1.41287434435449222	0.86623781445447123	2.91062857501080741
369005336.342227816582	-2665125.096523829736	2491994.175890764687	-292165.946382744994	1.41289875201273474	0.86624103593853763	2.91064524143715087
369005336.359227836132	-2665124.050733868033	2492002.861580045428	-292108.034097132506	1.41292326606396146	0.86624445916458437	2.91066183343672691
369005336.376227855682	-2665123.004263558891	2492011.546654044650	-292050.121751514554	1.41294785061329620	0.86624801550913066	2.91067837650244510
369005336.393227815628	-2665121.957093093544	2492020.231084716041	-291992.209532858862	1.41297243518502413	0.86625157157952781	2.91069491967542504
369005336.410227835178	-2665120.909241083544	2492028.914863587823	-291934.297025641834	1.41299701995443594	0.86625512738517951	2.91071146307547579
369005336.427227854729	-2665119.860691840295	2492037.598032436334	-291876.384446536133	1.41302160509480834	0.86625868294625996	2.91072800681976318
369005336.444227814674	-2665118.811454284005	2492046.280540768057	-291818.471997717978	1.41304619025888223	0.86626223822599635	2.91074455067303761
369005336.461227834225	-2665117.761534193065	2492054.962460322771	-291760.559288858785	1.41307011050537357	0.86626544535096861	2.91076083029399824
369005336.478227853775	-2665116.712156360969	2492063.643589880317	-291702.646090181835	1.41309385793502384	0.86626856167710631	2.91077704137841442
369005336.495227873325	-2665115.660848241299	2492072.324244648684	-291644.733212598541	1.41311760536585451	0.86627167773537173	2.91079325254349230
369005336.512227833271	-2665114.608839609195	2492081.004249684513	-291586.820466962759	1.41314135296459509	0.86627479354645409	2.91080946390318251
369005336.529227852821	-2665113.556144948117	2492089.683674445376	-291528.907425411046	1.41316510089932246	0.86627790912385150	2.91082567557320138
369005336.546227872372	-2665112.502779517323	2492098.362424272578	-291470.994339768135	1.41318884883452323	0.86628102443696187	2.91084188732296267
369005336.563227832317	-2665111.448687302880	2492107.040504782926	-291413.081389626081	1.41321341994969130	0.86628437996806540	2.91085844510620673
369005336.580227851868	-2665110.393914066721	2492115.718045079615	-291355.168141676346	1.41323817198518875	0.86628778800945172	2.91087507909667309
369005336.597227871418	-2665109.338439049665	2492124.394913488533	-291297.254829194106	1.41326292403576304	0.86629119577091174	2.91089171318757245
369005336.614227831364	-2665108.282303260174	2492133.071126808878	-291239.341631562158	1.41328767627854557	0.86629460325721441	2.91090834750022687
369005336.631227850914	-2665107.225471091457	2492141.746811814141	-291181.428139446769	1.41331242888529873	0.86629801050186739	2.91092498214891027
369005336.648227870464	-2665106.167921910062	2492150.421780506615	-291123.514607021410	1.41333716647233643	0.86630142619163686	2.91094157945575827
369005336.665227830410	-2665105.109704430215	2492159.096110432874	-291065.601204654085	1.41336146963470832	0.86630509374995712	2.91095709459675511
369005336.682227849960	-2665104.050765913911	2492167.769884721376	-291007.687494487327	1.41338577316459224	0.86630876109457577	2.91097261007345631
369005336.699227869511	-2665102.991159484256	2492176.442948404234	-290949.773754002294	1.41341007672137153	0.86631242817278009	2.91098812566856724
369005336.716227829456	-2665101.930863126181	2492185.115401215851	-290891.860107697779	1.41343438047634584	0.86631609500553175	2.91100364149203905
369005336.733227849007	-2665100.869873353280	2492193.787233729847	-290833.946201582905	1.41345868460015045	0.86631976161737589	2.91101915765294983
369005336.750227868557	-2665099.808189533185	2492202.458455075044	-290776.032221918053	1.41348299243298570	0.86632340878640945	2.91103474357642478
369005336.767227828503	-2665098.745808694046	2492211.129060093313	-290718.118357104249	1.41350734745777040	0.86632681093119424	2.91105121838469572
369005336.784227848053	-2665097.682747642510	2492219.798957183957	-290660.204244821449	1.41353170284345131	0.86633021282666911	2.91106769352786587
369005336.801227867603	-2665096.618973080534	2492228.468346718233	-290602.290007444913	1.41355605824197905	0.86633361445977419	2.91108416876638332
369005336.818227827549	-2665095.554536023177	2492237.136969852727	-290544.375948574510	1.41358041383037603	0.86633701582086553	2.91110064422396286
369005336.835227847099	-2665094.489377949387	2492245.805037326645	-290486.461581903975	1.41360476977628835	0.86634041695059227	2.91111712001201184
369005336.852227866650	-2665093.423556858208	2492254.472490565386	-290428.547162125120	1.41362912604443580	0.86634393569214485	2.91113351692613609
369005336.869227826595	-2665092.357045665383	2492263.139242046047	-290370.632872861985	1.41365348336639984	0.86634778119985978	2.91114969499915155
369005336.886227846146	-2665091.289810689166	2492271.805445348844	-290312.718272476341	1.41367784106796024	0.86635162648763575	2.91116587342407440
369005336.903227865696	-2665090.221909246873	2492280.471000963356	-290254.803636079247	1.41370219880841019	0.86635547149667003	2.91118205197519231
369005336.920227825642	-2665089.153305805754	2492289.135900159832	-290196.889116422855	1.41372655675875647	0.86635931625276563	2.91119823076622142
369005336.937227845192	-2665088.084027423058	2492297.800194183365	-290138.974321521586	1.41375091509135320	0.86636316077452813	2.91121440991264668
369005336.954227864742	-2665087.014053174295	2492306.463835830800	-290081.059453299502	1.41377536385623004	0.86636685976819261	2.91123070922450911
369005336.971227824688	-2665085.943363483064	2492315.126845969353	-290023.144715364440	1.41380001633415553	0.86637023147809888	2.91124727902522196
369005336.988227844238	-2665084.872007868718	2492323.789269389585	-289965.229691732500	1.41382466917468053	0.86637360293743482	2.91126384916123460
369005337.005227863789	-2665083.799947698135	2492332.451056509744	-289907.314589794376	1.41384932202760139	0.86637697412279169	2.91128041939430870
369005337.022227823734	-2665082.727198922075	2492341.112176640425	-289849.399623128644	1.41387397506934032	0.86638034503868089	2.91129698984530050
369005337.039227843285	-2665081.653754055966	2492349.772655760869	-289791.484403777518	1.41389862847164038	0.86638371571475958	2.91131356062892399
369005337.056227862835	-2665080.580900503788	2492358.432406884618	-289733.568683700694	1.41392258802967152	0.86638692651392113	2.91132947224569349
369005337.073227822781	-2665079.506069905590	2492367.091622690670	-289675.653485209972	1.41394580039354478	0.86638996517182121	2.91134467395516339
369005337.090227842331	-2665078.430547790136	2492375.750259323046	-289617.738026679028	1.41396901307872902	0.86639300362354243	2.91135987595616053
369005337.107227861881	-2665077.354356472380	2492384.408269523643	-289559.822486289951	1.41399222575856509	0.86639604183238217	2.91137507803402729
369005337.124227821827	-2665076.277450661175	2492393.065599526744	-289501.907079739089	1.41401543859670298	0.86639907981489062	2.91139028029651525
369005337.141227841377	-2665075.199872651137	2492401.722344997805	-289443.991390816809	1.41403865175813159	0.86640211758042496	2.91140548285313461
369005337.158227860928	-2665074.121588926762	2492410.378440106753	-289386.075645920762	1.41406230575148473	0.86640535503401772	2.91142119818283174
369005337.175227820873	-2665073.042616990395	2492419.033874591347	-289328.160031309817	1.41408637853433317	0.86640878219854645	2.91143740072676982
369005337.192227840424	-2665071.962949675508	2492427.688732008915	-289270.244125768833	1.41411045150329784	0.86641220911269978	2.91145360348499960
369005337.209227859974	-2665070.882609220687	2492436.342956430744	-289212.328157376556	1.41413452465770062	0.86641563578006731	2.91146980645663289
369005337.226227819920	-2665069.801581367850	2492444.996527873445	-289154.412301924604	1.41415859800020249	0.86641906218627140	2.91148600964516335
369005337.243227839470	-2665068.719831057359	2492453.649495014455	-289096.496176442539	1.41418267169714862	0.86642248836854496	2.91150221316098179
369005337.260227859020	-2665067.637402501423	2492462.301845395472	-289038.579969099606	1.41420686584537281	0.86642547341727871	2.91151881243190402
369005337.277227818966	-2665066.554280991200	2492470.953543971758	-288980.663910573639	1.41423114155049712	0.86642815915696270	2.91153568004684526
369005337.294227838516	-2665065.470478369389	2492479.604625166859	-288922.747548050887	1.41425541740478966	0.86643084463363584	2.91155254783676787
369005337.311227858067	-2665064.385995583609	2492488.255062784534	-288864.831135972752	1.41427969358068784	0.86643352985418254	2.91156941592285357
369005337.328227818012	-2665063.300792352296	2492496.904856924899	-288806.914845622028	1.41430396973328154	0.86643621480481947	2.91158628406270203
369005337.345227837563	-2665062.214911147952	2492505.554018779192	-288748.998292137228	1.41432824603500706	0.86643889949243325	2.91160315237749279
369005337.362227857113	-2665061.128316306975	2492514.202582133468	-288691.081649896223	1.41435275694112694	0.86644204688398829	2.91161981938013348
369005337.379227817059	-2665060.041071463376	2492522.850459068082	-288633.165148161177	1.41437733549423372	0.86644532764089022	2.91163642826944402
369005337.396227836609	-2665058.953133480158	2492531.497806472704	-288575.248350282200	1.41440191422832551	0.86644860814287483	2.91165303736756353
369005337.413227856159	-2665057.864467557520	2492540.144462288823	-288517.331491423189	1.41442649331796222	0.86645188840099829	2.91166964679385787
369005337.430227816105	-2665056.775122525170	2492548.790447746404	-288459.414762849978	1.41445107241732582	0.86645516837516379	2.91168625631393585
369005337.447227835655	-2665055.685089417268	2492557.435915581882	-288401.497746690002	1.41447565169697387	0.86645844809799188	2.91170286604191242
369005337.464227855206	-2665054.594358664472	2492566.080689790193	-288343.580657439132	1.41450003382820944	0.86646153746128685	2.91171916820694721
369005337.481227815151	-2665053.502944486216	2492574.724780697376	-288285.663722467667	1.41452440984199090	0.86646462066636365	2.91173546092047753
369005337.498227834702	-2665052.410852543078	2492583.368330157828	-288227.746488028090	1.41454878602474410	0.86646770362010994	2.91175175383029705
369005337.515227854252	-2665051.318052717485	2492592.011181641836	-288169.829202828405	1.41457316254960785	0.86647078633219543	2.91176804705355297
369005337.532227814198	-2665050.224564978853	2492600.653435152490	-288111.912022030097	1.41459753907160590	0.86647386877607757	2.91178434035766687
369005337.549227833748	-2665049.130396086723	2492609.295085609891	-288053.994569309463	1.41462191576320895	0.86647695096502186	2.91180063385890886
369005337.566227853298	-2665048.035501122009	2492617.936085629743	-287996.077055379807	1.41464617859385688	0.86648026845107040	2.91181694269524582
369005337.583227872849	-2665046.939955095761	2492626.576467918698	-287938.159449142404	1.41467044042993573	0.86648358773345879	2.91183325176001961
369005337.600227832794	-2665045.843693461269	2492635.216155902483	-287880.241999074758	1.41469470244711037	0.86648690676544360	2.91184956103374937
369005337.617227852345	-2665044.748017500620	2492643.855137095321	-287822.323854894901	1.41471896481771653	0.86649022555835109	2.91186587063369418
369005337.634227871895	-2665043.650381165091	2492652.493617104366	-287764.406054370047	1.41474322719771783	0.86649354408591928	2.91188218032617785
369005337.651227831841	-2665042.552054716740	2492661.131451557856	-287706.488363462093	1.41476730995160405	0.86649694343152750	2.91189829043262938
369005337.668227851391	-2665041.453038125765	2492669.768664476462	-287648.570411081193	1.41479039148775154	0.86650079419069581	2.91191328795422999
369005337.685227870941	-2665040.353329221718	2492678.405258355197	-287590.652368282899	1.41481347305833838	0.86650464470924937	2.91192828559528971
369005337.702227830887	-2665039.252924645320	2492687.041207859293	-287532.734470976749	1.41483655482675652	0.86650849500583926	2.91194328346299613
369005337.719227850437	-2665038.151834317483	2492695.676520596258	-287474.816298653430	1.41485963695640127	0.86651234509911002	2.91195828166453863
369005337.736227869987	-2665037.050044462550	2492704.311265158933	-287416.898035683960	1.41488271911912999	0.86651619495894461	2.91197327998376831
369005337.753227829933	-2665035.947570181452	2492712.945292854682	-287358.979909877002	1.41490618316456973	0.86651994474011373	2.91198867697215569
369005337.770227849483	-2665034.844404839911	2492721.578747665975	-287301.061519044626	1.41493084097807231	0.86652338212418423	2.91200532009440494
369005337.787227869034	-2665033.740553122014	2492730.211574830581	-287243.143039456976	1.41495549880920235	0.86652681922543007	2.91202196331903940
369005337.804227828979	-2665032.635990089271	2492738.843748754356	-287185.224681596737	1.41498015683173506	0.86653025606319711	2.91203860676390613
369005337.821227848530	-2665031.530766045209	2492747.475285051391	-287127.306072483188	1.41500481522077948	0.86653369264963587	2.91205525054860326
369005337.838227868080	-2665030.424818987027	2492756.106226089410	-287069.387379601947	1.41502947362542120	0.86653712896402280	2.91207189443302950
369005337.855227828026	-2665029.318202612456	2492764.736514151096	-287011.468839107663	1.41505319952008257	0.86654052572482476	2.91208761053683274
369005337.872227847576	-2665028.210884789005	2492773.366184731480	-286953.549989383202	1.41507575427945742	0.86654387293193824	2.91210216138058131
369005337.889227867126	-2665027.102875038050	2492781.995228835847	-286895.631086779991	1.41509830904677014	0.86654721991717298	2.91211671231440361
369005337.906227827072	-2665025.994204691611	2492790.623617669102	-286837.712299026607	1.41512086398437065	0.86655056668127350	2.91213126344583406
369005337.923227846622	-2665024.884814812802	2492799.251366452314	-286779.793255015858	1.41514341924863807	0.86655391325732467	2.91214581487457114
369005337.940227866173	-2665023.774719138164	2492807.878549235407	-286721.874123682734	1.41516597452015414	0.86655725961508401	2.91216036639248310
369005337.957227826118	-2665022.663945672102	2492816.505047461018	-286663.955110752780	1.41518946343307772	0.86656060206148666	2.91217578509973407
369005337.974227845669	-2665021.552476116456	2492825.130960861221	-286606.035824238439	1.41521394918093124	0.86656394034597073	2.91219212964597673
369005337.991227865219	-2665020.440324955620	2492833.756223952863	-286548.116472963768	1.41523843494032331	0.86656727835493064	2.91220847428904062
369005338.008227825165	-2665019.327488843352	2492842.380825196393	-286490.197250312369	1.41526292088448447	0.86657061610342478	2.91222481914554754
369005338.025227844715	-2665018.213947210927	2492851.004844912328	-286432.277759062359	1.41528740718465973	0.86657395361728506	2.91224116432951341
369005338.042227864265	-2665017.099727126304	2492859.628213210963	-286374.358201389434	1.41531189349633713	0.86657729085561308	2.91225750961026097
369005338.059227824211	-2665015.984798971564	2492868.250898967031	-286316.438774231530	1.41533622700722894	0.86658058253145720	2.91227339100516058
369005338.076227843761	-2665014.869215945248	2492876.873029333074	-286258.519061149156	1.41536048036133422	0.86658385013094497	2.91228902849077675
369005338.093227863312	-2665013.752897784114	2492885.494547042064	-286200.599276408204	1.41538473371866824	0.86658711748340422	2.91230466606733840
369005338.110227823257	-2665012.635918747168	2492894.115374902729	-286142.679621954157	1.41540898725547226	0.86659038457823856	2.91232030385259755
369005338.127227842808	-2665011.518213057425	2492902.735599189531	-286084.759678936971	1.41543324113804836	0.86659365145875411	2.91233594195126599
369005338.144227862358	-2665010.399839472491	2492911.355197138619	-286026.839674253541	1.41545749502713414	0.86659691807426298	2.91235158014519202
369005338.161227822304	-2665009.280791621655	2492919.974101995118	-285968.919823850680	1.41548176911564294	0.86660015197122653	2.91236774875929427
369005338.178227841854	-2665008.161033897661	2492928.592454319820	-285910.999675870931	1.41550605402131802	0.86660336865933052	2.91238419497647527
369005338.195227861404	-2665007.041850504000	2492937.210021150764	-285853.079041166464	1.41553033893268032	0.86660658507324617	2.91240064128171605
369005338.212227821350	-2665005.920712759718	2492945.827114338987	-285795.158960142755	1.41555462402022414	0.86660980123436715	2.91241708779060948
369005338.229227840900	-2665004.798862395342	2492954.443523965310	-285737.238585552841	1.41557890945709852	0.86661301714970218	2.91243353462223009
369005338.246227860451	-2665003.676361727063	2492963.059342902154	-285679.318140756339	1.41560319489962327	0.86661623279084055	2.91244998154187140
369005338.263227820396	-2665002.553145416081	2492971.674523754511	-285621.397831232578	1.41562732592741702	0.86661957920364552	2.91246593154789180
369005338.280227839947	-2665001.429243430030	2492980.289067760110	-285563.477246692171	1.41565141070860934	0.86662296488161028	2.91248173202869554
369005338.297227859497	-2665000.304647909477	2492988.903034916613	-285505.556573167036	1.41567549550140193	0.86662635030364821	2.91249753260688493
369005338.314227819443	-2664999.179369950201	2492997.516298145056	-285447.636047025095	1.41569958047885702	0.86662973547077182	2.91251333339873542
369005338.331227838993	-2664998.053365716245	2493006.128950363025	-285389.715269861219	1.41572366580610276	0.86663312042711727	2.91252913451011120
369005338.348227858543	-2664996.926714793313	2493014.741025829688	-285331.794365942653	1.41574775114822393	0.86663650510955614	2.91254493572317807
369005338.365227818489	-2664995.799338989425	2493023.352382031735	-285273.873633633484	1.41577220883761123	0.86663991498845550	2.91256145127452903
369005338.382227838039	-2664994.671291457023	2493031.963188066613	-285215.952603516809	1.41579668702284889	0.86664332599934679	2.91257800579527792
369005338.399227857590	-2664993.542544298340	2493040.573334967252	-285158.031519086508	1.41582116522298618	0.86664673673813086	2.91259456041431397
369005338.416227817535	-2664992.413121252321	2493049.182838423643	-285100.110552831669	1.41584564361317833	0.86665014720959033	2.91261111525232774
369005338.433227837086	-2664991.282994041685	2493057.791718012653	-285042.189316546253	1.41587012236461840	0.86665355744006933	2.91262767042480908
369005338.450227856636	-2664990.152185537387	2493066.400009928737	-284984.267989613290	1.41589448836597454	0.86665696155625738	2.91264413009601197
369005338.467227816582	-2664989.020667463541	2493075.007598823868	-284926.346820514242	1.41591814964973683	0.86666032892616762	2.91265999237784445
369005338.484227836132	-2664987.888469911646	2493083.614604953676	-284868.425352175313	1.41594181128063235	0.86666369607051374	2.91267585498016057
