0.000000
-0.000000
-0.000559
-0.000037
0.001081
0.000301
0.001051
0.000582
0.000666
0.000090
0.001025
-0.000264
0.000853
-0.000040
0.001243
0.000096
0.000352
-0.000497
0.000333
-0.002748
0.002242
-0.004486
0.001574
-0.007473
0.000983
-0.032324
0.008436
0.007375
0.007894
0.001834
-0.017323
0.015323
-0.003880
0.004705
-0.003216
0.002685
-0.001853
0.000573
0.001673
0.001806
0.000620
0.002552
-0.001106
0.003883
0.002708
0.000744
-0.000243
0.002948
0.670521

-0.000000
-0.000000
-0.000193
0.000033
-0.000779
-0.000020
0.000758
-0.000726
0.001323
-0.000443
0.001989
-0.000337
0.001373
0.001028
0.001379
0.001557
-0.000812
0.001685
-0.000636
-0.002674
0.009291
-0.007602
0.005621
0.000934
0.006877
0.001875
0.006750
-0.004765
0.013066
-0.005192
-0.033933
0.020194
-0.003747
0.000524
-0.001400
0.001104
-0.002046
0.001399
-0.002114
0.000297
-0.001373
-0.000101
-0.000811
-0.000422
-0.001441
0.000214
-0.000729
-0.000214
0.670521
