266686492.517377346754 0.000093875000
266686492.517377346754	3156605.518325124402	-1175493.680869949982	1470711.833351860987	1.12988341577105444	-2.55280657546280976	-3.11216074711321911
266686492.536152333021	3156579.261882043444	-1175492.073029228253	1470770.587524292292	1.12986316533296360	-2.55280807693644363	-3.11215263240814188
266686492.554927349091	3156553.004460803699	-1175490.464781096671	1470829.341343900887	1.12984291492407962	-2.55280957854909651	-3.11214451772124701
266686492.573702335358	3156526.746096396819	-1175488.856107367203	1470888.094625971513	1.12982266454751246	-2.55281108031063653	-3.11213640305813843
266686492.592477351427	3156500.486767689697	-1175487.246973949485	1470946.847532843938	1.12980241407606252	-2.55281258223495300	-3.11212828836976874
266686492.611252337694	3156474.226512666326	-1175485.637444744818	1471005.599915413186	1.12978216376207019	-2.55281408428769030	-3.11212017375051442
266686492.630027353764	3156447.965273358859	-1175484.027464607498	1471064.351928897435	1.12976063409888150	-2.55281503417707034	-3.11211190852155006
266686492.648802340031	3156421.703122122213	-1175482.417095694691	1471123.103406026028	1.12973863689074117	-2.55281578237741202	-3.11210358824310340
266686492.667577356100	3156395.439993339125	-1175480.806287162937	1471181.854539362015	1.12971663969690450	-2.55281653074312054	-3.11209526796532909
266686492.686352342367	3156369.175952949561	-1175479.195044131484	1471240.605117046274	1.12969464251737506	-2.55281727927419766	-3.11208694768823246
266686492.705127358437	3156342.910906847101	-1175477.583377528470	1471299.355331700994	1.12967264534904510	-2.55281802796077306	-3.11207862740621533
266686492.723902344704	3156316.644965137355	-1175475.971292667557	1471358.105012914166	1.12965114483178741	-2.55281845608476798	-3.11207100146803128
266686492.742677360773	3156290.378026277293	-1175474.358761254232	1471416.854331092676	1.12963014910007375	-2.55281855828057980	-3.11206408139260882
266686492.761452347040	3156264.110179108568	-1175472.745831713313	1471475.603109948570	1.12960915349474167	-2.55281866059867468	-3.11205716133501786
266686492.780227333307	3156237.841387307737	-1175471.132472250145	1471534.351442025974	1.12958815788489719	-2.55281876304734379	-3.11205024125566432
266686492.799002349377	3156211.572262708563	-1175469.518446906237	1471593.099352242891	1.12956716227054343	-2.55281886562658933	-3.11204332115455351
266686492.817777335644	3156185.301531646401	-1175467.904197410680	1471651.846761368215	1.12954625801822361	-2.55281897456624174	-3.11203648484007855
266686492.836552351713	3156159.029847649392	-1175466.289578705328	1471710.593844323652	1.12952617291462065	-2.55281913947652184	-3.11203039989390495
266686492.855327337980	3156132.757269034162	-1175464.674493855098	1471769.340377514251	1.12950608781030937	-2.55281930450780381	-3.11202431493381848
266686492.874102354050	3156106.483662628569	-1175463.059014913393	1471828.086550755892	1.12948600269802890	-2.55281946963706341	-3.11201822994674338
266686492.892877340317	3156080.209162449464	-1175461.443083397578	1471886.832165264990	1.12946591758400672	-2.55281963488403552	-3.11201214494389378
266686492.911652356386	3156053.933685218450	-1175459.826741460711	1471945.577452359721	1.12944583234209173	-2.55281980025412469	-3.11200605988910883
266686492.930427342653	3156027.657282254193	-1175458.209956598934	1472004.322176392656	1.12942644489173727	-2.55282089970957005	-3.11199973694742260
266686492.949202358723	3156001.379922214430	-1175456.592799674021	1472063.066568373935	1.12940719071818041	-2.55282217767113284	-3.11199336857562603
266686492.967977344990	3155975.101594028063	-1175454.975147414254	1472121.810382753145	1.12938793656531233	-2.55282345574360336	-3.11198700021611163
266686492.986752361059	3155948.822325143032	-1175453.357123649679	1472180.553861935623	1.12936868243209876	-2.55282473392369269	-3.11198063186701512
266686493.005527347326	3155922.542112655938	-1175451.738644949161	1472239.296787197236	1.12934942832061536	-2.55282601221797867	-3.11197426353207574
266686493.024302333593	3155896.260986729525	-1175450.119743081741	1472298.039272920927	1.12932988599504958	-2.55282758372150020	-3.11196730420585332
266686493.043077349663	3155869.978838753887	-1175448.500416996423	1472356.781398755265	1.12930998538285365	-2.55282951971183847	-3.11195961019748779
266686493.061852335930	3155843.695778410882	-1175446.880672798725	1472415.522971851053	1.12929008480950355	-2.55283145583510906	-3.11195191622091905
266686493.080627351999	3155817.411745675374	-1175445.260490993271	1472474.264192186296	1.12927018415313229	-2.55283339211782367	-3.11194422223537881
266686493.099402338266	3155791.126805984881	-1175443.639906689059	1472533.004879135406	1.12925028366059621	-2.55283532851682615	-3.11193652832802314
266686493.118177354336	3155764.840875613037	-1175442.018873555120	1472591.745200025849	1.12923036052046788	-2.55283726792690713	-3.11192879289291646
266686493.136952340603	3155738.554017171264	-1175440.397419578861	1472650.484974293737	1.12920997389620448	-2.55283926621879731	-3.11192020835448879
266686493.155727356672	3155712.266171348281	-1175438.775553143583	1472709.224398826715	1.12918958731591257	-2.55284126466182570	-3.11191162385203723
266686493.174502342939	3155685.978091015946	-1175437.153012680123	1472767.963214766001	1.12916920078271099	-2.55284326326585909	-3.11190303939117685
266686493.193277359009	3155659.688333555125	-1175435.530272194184	1472826.701726559317	1.12914881429244929	-2.55284526201774042	-3.11189445496443140
266686493.212052345276	3155633.397705258802	-1175433.907122365432	1472885.439715180080	1.12912842784928413	-2.55284726093062631	-3.11188587057928512
266686493.230827361345	3155607.106076417025	-1175432.283550942317	1472944.177331801271	1.12910678935804798	-2.55284834966612584	-3.11187659908442704
266686493.249602347612	3155580.813518012874	-1175430.659547224874	1473002.914407793898	1.12908482129410093	-2.55284919881171124	-3.11186714669308850
266686493.268377333879	3155554.520020794123	-1175429.035113433143	1473061.651031011017	1.12906285324877187	-2.55285004813949801	-3.11185769430535641
266686493.287152349949	3155528.225533381570	-1175427.410260025878	1473120.387304547941	1.12904088522206791	-2.55285089764948747	-3.11184824192123743
266686493.305927336216	3155501.930146793835	-1175425.784997578245	1473179.123047614703	1.12901891721399306	-2.55285174734167963	-3.11183878954073734
266686493.324702352285	3155475.633756370284	-1175424.159277140396	1473237.858402358601	1.12899668947618892	-2.55285248623236649	-3.11182949520537244
266686493.343477338552	3155449.336469355971	-1175422.533156151185	1473296.593246040167	1.12897423630141036	-2.55285312898316796	-3.11182033804851299
266686493.362252354622	3155423.038192526437	-1175420.906599852722	1473355.327714692801	1.12895178313788502	-2.55285377191155671	-3.11181118088594566
266686493.381027340889	3155396.739008762874	-1175419.279641003348	1473414.061649962096	1.12892932998665607	-2.55285441502081945	-3.11180202371954673
266686493.399802356958	3155370.438824283890	-1175417.652244800935	1473472.795225170907	1.12890687670653911	-2.55285505831939297	-3.11179286649365450
266686493.418577343225	3155344.137722479180	-1175416.024414014537	1473531.528250728035	1.12888447079871934	-2.55285557870779822	-3.11178395997155199
266686493.437352359295	3155317.835651138332	-1175414.396152671427	1473590.260923464550	1.12886235411475910	-2.55285534534827230	-3.11177658872858576
266686493.456127345562	3155291.532651092391	-1175412.767472567270	1473648.993046605494	1.12884023741804995	-2.55285511213458616	-3.11176921745219692
266686493.474902361631	3155265.228660395835	-1175411.138343563303	1473707.724803689867	1.12881812070859544	-2.55285487906673936	-3.11176184614238949
266686493.493677347898	3155238.923783894163	-1175409.508830322651	1473766.456040626857	1.12879600398640045	-2.55285464614473501	-3.11175447479916967
266686493.512452334166	3155212.617945316248	-1175407.878859342309	1473825.186814576620	1.12877388725250594	-2.55285441337186114	-3.11174710342441241
266686493.531227350235	3155186.311097140890	-1175406.248430381762	1473883.917206199607	1.12875334138682604	-2.55285470054924479	-3.11174083799665180
266686493.550002336502	3155160.004027996678	-1175404.617427140474	1473942.647035232279	1.12873300402472765	-2.55285505683608127	-3.11173471935116686
266686493.568777352571	3155133.695270885248	-1175402.986162501387	1474001.376527467743	1.12871266653505442	-2.55285541324266285	-3.11172860065497714
266686493.587552338839	3155107.385626467410	-1175401.354502185946	1474060.105505557731	1.12869232917331619	-2.55285576975576411	-3.11172248198083290
266686493.606327354908	3155081.075004103594	-1175399.722419933882	1474118.834124943940	1.12867199181176181	-2.55285612638199755	-3.11171636329236456
266686493.625102341175	3155054.763460814022	-1175398.089912383119	1474177.562197647756	1.12865219416090534	-2.55285715437804894	-3.11171046401715001
266686493.643877357244	3155028.450940241106	-1175396.456980737858	1474236.289914618246	1.12863300778615638	-2.55285894271596581	-3.11170481327137383
266686493.662652343512	3155002.137485390995	-1175394.823598947376	1474295.017074583098	1.12861382144025146	-2.55286073115318501	-3.11169916255039247
266686493.681427359581	3154975.823048984632	-1175393.189804530703	1474353.743878813460	1.12859463512215408	-2.55286251968642031	-3.11169351185233767
266686493.700202345848	3154949.507727577351	-1175391.555609387578	1474412.470159987221	1.12857544883498262	-2.55286430832553402	-3.11168786118282670
266686493.718977332115	3154923.191443323623	-1175389.920972914668	1474471.195981084602	1.12855648177804380	-2.55286636720940630	-3.11168205756434890
266686493.737752348185	3154896.874163505156	-1175388.285901111783	1474529.921433152631	1.12853825188488344	-2.55286933479748601	-3.11167573946909570
266686493.756527334452	3154870.555978897959	-1175386.650405927794	1474588.646354861790	1.12852002216199088	-2.55287230246983476	-3.11166942146963343
266686493.775302350521	3154844.236794450320	-1175385.014486884465	1474647.370907542296	1.12850179249187432	-2.55287527023977745	-3.11166310352270736
266686493.794077336788	3154817.916713160463	-1175383.378153672675	1474706.094920841744	1.12848356287765572	-2.55287823811717773	-3.11165678563393699
266686493.812852352858	3154791.595649485011	-1175381.741394234356	1474764.818587371847	1.12846533331829857	-2.55288120609874758	-3.11165046780145360
266686493.831627339125	3154765.273650883697	-1175380.104186768178	1474823.541693928186	1.12844522782079748	-2.55288348970556234	-3.11164276695186626
266686493.850402355194	3154738.950682588387	-1175378.466580063570	1474882.264461075887	1.12842475380465546	-2.55288563904609012	-3.11163479446791813
266686493.869177341461	3154712.626778904814	-1175376.828496065689	1474940.986651862971	1.12840427996239523	-2.55288778851022569	-3.11162682207139030
266686493.887952357531	3154686.301927115768	-1175375.190060417634	1474999.708532863762	1.12838380616643663	-2.55288993811925113	-3.11161884971601532
266686493.906727343798	3154659.976134341210	-1175373.551163245225	1475058.429831564426	1.12836333241574449	-2.55289208786987842	-3.11161087739992492
266686493.925502359867	3154633.650012497324	-1175371.911590685602	1475117.150705436477	1.12834218047341528	-2.55289377523966099	-3.11160190490339206
266686493.944277346134	3154607.322327632923	-1175370.271857476095	1475175.871124043129	1.12832053392693199	-2.55289512546270947	-3.11159220296861072
266686493.963052332401	3154580.993682236411	-1175368.631677859230	1475234.591073663905	1.12829888741313367	-2.55289647586968282	-3.11158250105420953
266686493.981827348471	3154554.664060906973	-1175366.991069781361	1475293.310673493426	1.12827724093202608	-2.55289782646058105	-3.11157279916019514
266686494.000602334738	3154528.333544919267	-1175365.350056762341	1475352.029730907874	1.12825559448361501	-2.55289917723540594	-3.11156309728657465
266686494.019377350807	3154502.002024780959	-1175363.708601290127	1475410.748425351921	1.12823375546498950	-2.55290031480466162	-3.11155343386147720
266686494.038152337074	3154475.669598425273	-1175362.066740984563	1475469.466589381918	1.12821103199736639	-2.55290047171562806	-3.11154394737200191
266686494.056927353144	3154449.336180808954	-1175360.424433803419	1475528.184384380933	1.12818830852947860	-2.55290062881582314	-3.11153446086257057
266686494.075702339411	3154423.001843806356	-1175358.781712657772	1475586.901626701700	1.12816558506028963	-2.55290078610195970	-3.11152497433131447
266686494.094477355480	3154396.666528714821	-1175357.138553755591	1475645.618522258475	1.12814286159188581	-2.55290094358061426	-3.11151548778198839
266686494.113252341747	3154370.330321744550	-1175355.494966999162	1475704.334881403251	1.12812013812531342	-2.55290110125507397	-3.11150600121647303
266686494.132027357817	3154343.993092871271	-1175353.850985811558	1475763.050874600653	1.12809779200341342	-2.55290126259023475	-3.11149698541473052
266686494.150802344084	3154317.654964549001	-1175352.206551864510	1475821.766315063694	1.12807555378757174	-2.55290142510421481	-3.11148810422188893
266686494.169577360153	3154291.315851043910	-1175350.561684496002	1475880.481408817926	1.12805331543321952	-2.55290158780427356	-3.11147922295917212
266686494.188352346420	3154264.975831706077	-1175348.916396582965	1475939.195946808206	1.12803107721584395	-2.55290175066650216	-3.11147034172691361
266686494.207127332687	3154238.634866999928	-1175347.270712010795	1475997.910048460588	1.12800883899770676	-2.55290191370285457	-3.11146146047495442
266686494.225902348757	3154212.292905265465	-1175345.624580583768	1476056.623787080869	1.12798760910474360	-2.55290236669964710	-3.11145349691293882
266686494.244677335024	3154185.950029099360	-1175343.978021531366	1476115.336975991027	1.12796728681979364	-2.55290308067531280	-3.11144635938022285
266686494.263452351093	3154159.606172745116	-1175342.331045435509	1476174.049815110629	1.12794696454402965	-2.55290379477765361	-3.11143922184283017
266686494.282227337360	3154133.261381634977	-1175340.683606918668	1476232.762088369345	1.12792664228057893	-2.55290450901653232	-3.11143208430638918
266686494.301002353430	3154106.916263337713	-1175339.035547927720	1476291.473953066394	1.12790632002527991	-2.55290522337880121	-3.11142494676340542
266686494.319777339697	3154080.569598074071	-1175337.387285209727	1476350.185337090865	1.12788654468884575	-2.55290619814568442	-3.11141828593878422
266686494.338552355766	3154054.221949141007	-1175335.738600459648	1476408.896368411835	1.12786823219181542	-2.55290786924063395	-3.11141290028185402
266686494.357327342033	3154027.873384464532	-1175334.089492359199	1476467.606844080612	1.12784991983393201	-2.55290954040810059	-3.11140751467541810
266686494.376102358103	3154001.523831665516	-1175332.439957974711	1476526.316978983581	1.12783160750134215	-2.55291121166632884	-3.11140212908963809
266686494.394877344370	3153975.173357340507	-1175330.790000291541	1476585.026564236730	1.12781329519404672	-2.55291288301531782	-3.11139674352451534
266686494.413652360439	3153948.821888171136	-1175329.139604984783	1476643.735783430748	1.12779498291100744	-2.55291455445178128	-3.11139135797817845
266686494.432427346706	3153922.469539838843	-1175327.488808754366	1476702.444473565789	1.12777573768393946	-2.55291599899338406	-3.11138519471742914
266686494.451202332973	3153896.116228722967	-1175325.837571045617	1476761.152703626780	1.12775636113607769	-2.55291741168483632	-3.11137892198137012
266686494.469977349043	3153869.761900326703	-1175324.185881657759	1476819.860548447352	1.12773698461042615	-2.55291882448315421	-3.11137264925928969
266686494.488752335310	3153843.406698713545	-1175322.533819113625	1476878.567892418243	1.12771760810906940	-2.55292023739491158	-3.11136637655494175
266686494.507527351379	3153817.050511658657	-1175320.881309546065	1476937.274861358572	1.12769823151036075	-2.55292165043342800	-3.11136010383098327
266686494.526302337646	3153790.693397310097	-1175319.228376705665	1476995.981286646100	1.12767796240521001	-2.55292264130599111	-3.11135291924303470
266686494.545077353716	3153764.335305943619	-1175317.574988187989	1477054.687342791585	1.12765709305388429	-2.55292334836926749	-3.11134512144162478
266686494.563852339983	3153737.976299980190	-1175315.921203379752	1477113.392862636596	1.12763622371396677	-2.55292405557732582	-3.11133732363773152
266686494.582627356052	3153711.616306752898	-1175314.267005815171	1477172.098032748559	1.12761535438441785	-2.55292476292687898	-3.11132952582948263
266686494.601402342319	3153685.255365444347	-1175312.612320923945	1477230.802626672899	1.12759448506836613	-2.55292547042778750	-3.11132172802251050
266686494.620177358389	3153658.893480613828	-1175310.957271366613	1477289.506891341181	1.12757328075711261	-2.55292608465963555	-3.11131377651503982
266686494.638952344656	3153632.530687446706	-1175309.301807589596	1477348.210628624540	1.12755077522639890	-2.55292633624205623	-3.11130522801823739
266686494.657727360725	3153606.166901278775	-1175307.645871861838	1477406.913974557072	1.12752826955601382	-2.55292658800385164	-3.11129667945409061
266686494.676502346992	3153579.802811303176	-1175305.989252615720	1477465.616697470425	1.12750576402691527	-2.55292683992655833	-3.11128813092244583
266686494.695277333260	3153553.437183698639	-1175304.332503636833	1477524.319070648402	1.12748325849967390	-2.55292709202269563	-3.11127958237526503
266686494.714052349329	3153527.070536545478	-1175302.675307954429	1477583.021067498252	1.12746075297116732	-2.55292734428240520	-3.11127103380692516
266686494.732827335596	3153500.702978611458	-1175301.017675228417	1477641.722511669854	1.12743861561631453	-2.55292698511450311	-3.11126241639374435
266686494.751602351665	3153474.334434561431	-1175299.359656807501	1477700.423625456868	1.12741649155289947	-2.55292660400598237	-3.11125379645385625
266686494.770377337933	3153447.965010438580	-1175297.701178900665	1477759.124177426565	1.12739436747647703	-2.55292622307254025	-3.11124517648033283
266686494.789152354002	3153421.594582892954	-1175296.042256228859	1477817.824369392358	1.12737224338496711	-2.55292584230760689	-3.11123655646942554
266686494.807927340269	3153395.223207489587	-1175294.382951142499	1477876.524014789145	1.12735011927524953	-2.55292546170132484	-3.11122793641551088
266686494.826702356339	3153368.850867257454	-1175292.723158053355	1477935.223288073204	1.12732831439519243	-2.55292608981743596	-3.11121914091036933
266686494.845477342606	3153342.477651064750	-1175291.063014628831	1477993.922054508701	1.12730675295772409	-2.55292748633839262	-3.11121021187613289
266686494.864252358675	3153316.103395006619	-1175289.402389682829	1478052.620428462978	1.12728519155175233	-2.55292888302894783	-3.11120128286243069
266686494.883027344942	3153289.728259698488	-1175287.741378018633	1478111.318279240979	1.12726363017728470	-2.55293027988910337	-3.11119235386926984
266686494.901802361012	3153263.352126755752	-1175286.079921514494	1478170.015764020151	1.12724206883432121	-2.55293167691885614	-3.11118342489665389
266686494.920577347279	3153236.975085216109	-1175284.418037196621	1478228.712693092413	1.12722104835698422	-2.55293337357099404	-3.11117480116206346
266686494.939352333546	3153210.597100352868	-1175282.755749619333	1478287.409194735112	1.12720122821244617	-2.55293573495736759	-3.11116685484295985
266686494.958127349615	3153184.218122981023	-1175281.093019282678	1478346.105321408249	1.12718140811864487	-2.55293809648352887	-3.11115890857039101
266686494.976902335882	3153157.838207829744	-1175279.429847856751	1478404.800894045038	1.12716158807454203	-2.55294045814619208	-3.11115096234248423
266686494.995677351952	3153131.457352927420	-1175277.766288070707	1478463.496128571453	1.12714176795880316	-2.55294281997455785	-3.11114301611690669
266686495.014452338219	3153105.075582150836	-1175276.102289093891	1478522.190819388488	1.12712194801827570	-2.55294518192336728	-3.11113506998584599
266686495.033227354288	3153078.692783618346	-1175274.437820591964	1478580.885114582954	1.12710265642016605	-2.55294744391601602	-3.11112833859736826
266686495.052002340555	3153052.309745630715	-1175272.772722816560	1478639.578811624786	1.12708341277005664	-2.55294969695200535	-3.11112171739648424
266686495.070777356625	3153025.925088999327	-1175271.107463161694	1478698.272247318411	1.12706416916224583	-2.55295195010286058	-3.11111509623519478
266686495.089552342892	3152999.539510432165	-1175269.441750818631	1478756.965116981883	1.12704492559673275	-2.55295420336857948	-3.11110847511350075
266686495.108327358961	3152973.152941160835	-1175267.775620636763	1478815.657633997966	1.12702568207352094	-2.55295645674916161	-3.11110185403140616
266686495.127102345228	3152946.765470411628	-1175266.109058245551	1478874.349595247302	1.12700633952225004	-2.55295828697588689	-3.11109563926282506
266686495.145877361298	3152920.376985554118	-1175264.442064689705	1478933.041199522559	1.12698690373217625	-2.55295971937381827	-3.11108980645148669
266686495.164652347565	3152893.987624417990	-1175262.774677191861	1478991.732274683192	1.12696746808641235	-2.55296115186185002	-3.11108397369034462
266686495.183427333832	3152867.597294908948	-1175261.106833823025	1479050.422889879905	1.12694803246397868	-2.55296258445670787	-3.11107814094672896
266686495.202202349901	3152841.205958774313	-1175259.438539238647	1479109.113122695358	1.12692859686174707	-2.55296401714853483	-3.11107230821500780
266686495.220977336168	3152814.813753935974	-1175257.769875600003	1479167.802842720877	1.12690883752208304	-2.55296504462077722	-3.11106636393061864
266686495.239752352238	3152788.420544394758	-1175256.100771396654	1479226.492196797393	1.12688817593416069	-2.55296494264941254	-3.11106010871273053
266686495.258527338505	3152762.026434706990	-1175254.431230665417	1479285.181001055054	1.12686751433646926	-2.55296484079536201	-3.11105385346704599
266686495.277302354574	3152735.631320316344	-1175252.761249365518	1479343.869439367438	1.12684685260024642	-2.55296473906561383	-3.11104759815821685
266686495.296077340841	3152709.235312033445	-1175251.090860721888	1479402.557338239625	1.12682619098302572	-2.55296463744619873	-3.11104134285695277
266686495.314852356911	3152682.838288995903	-1175249.420043024234	1479461.244877162622	1.12680552961914771	-2.55296453270431023	-3.11103508160348063
266686495.333627343178	3152656.440368772484	-1175247.748781610047	1479519.931860323995	1.12678490338380888	-2.55296399750735015	-3.11102803238752346
266686495.352402359247	3152630.041450761724	-1175246.077106659301	1479578.618490893394	1.12676427712989735	-2.55296346244087280	-3.11102098313162756
266686495.371177345514	3152603.641650243662	-1175244.405008528149	1479637.304581964156	1.12674365085846162	-2.55296292750816489	-3.11101393383767810
266686495.389952361584	3152577.240866485517	-1175242.732531689806	1479695.990342596779	1.12672302456637219	-2.55296239269937209	-3.11100688450003959
266686495.408727347851	3152550.839149763808	-1175241.059572227299	1479754.675517958123	1.12670239825676299	-2.55296185802435049	-3.11099983512435418
266686495.427502334118	3152524.437129925005	-1175239.385951211909	1479813.360165559920	1.12668089707191044	-2.55296188026567705	-3.11099180182065327
266686495.446277350187	3152498.033496402204	-1175237.712154609617	1479872.044554787921	1.12665884131702132	-2.55296225554016543	-3.11098314491892047
266686495.465052336454	3152471.628914925735	-1175236.037900516065	1479930.728361774003	1.12663678570316605	-2.55296263097001841	-3.11097448805310828
266686495.483827352524	3152445.223366715480	-1175234.363253965974	1479989.411829294171	1.12661473009273427	-2.55296300656524933	-3.11096583117262249
266686495.502602338791	3152418.816940090153	-1175232.688204142032	1480048.094770726282	1.12659267448886169	-2.55296338233571429	-3.11095717428310792
266686495.521377354860	3152392.409479972441	-1175231.012684744317	1480106.777322534937	1.12657045116708643	-2.55296417399062836	-3.11094805718837053
266686495.540152341127	3152366.001155451406	-1175229.336784762330	1480165.459361553658	1.12654791739603821	-2.55296573541402427	-3.11093808822292983
266686495.558927357197	3152339.591811455321	-1175227.660437892424	1480224.141024243552	1.12652538366232990	-2.55296729702740599	-3.11092811928186963
266686495.577702343464	3152313.181556750089	-1175225.983653813368	1480282.822134255199	1.12650284996909633	-2.55296885884062652	-3.11091815037083430
266686495.596477359533	3152286.770318481605	-1175224.306447442388	1480341.502891560085	1.12648031617464994	-2.55297042086794912	-3.11090818142902226
266686495.615252345800	3152260.358165234793	-1175222.628815321019	1480400.183096184628	1.12645778256029683	-2.55297198307428008	-3.11089821257430010
266686495.634027332067	3152233.945073373150	-1175220.950752644567	1480458.862848031567	1.12643642277827416	-2.55297461188465169	-3.11088894253356107
266686495.652802348137	3152207.530994143803	-1175219.272308386397	1480517.542263554409	1.12641514813837906	-2.55297731815935602	-3.11087972320110806
266686495.671577334404	3152181.116000453942	-1175217.593361281557	1480576.221093693748	1.12639387356680931	-2.55298002461300166	-3.11087050393495845
266686495.690352350473	3152154.700034074020	-1175215.914053130196	1480634.899603772676	1.12637259906043852	-2.55298273123573471	-3.11086128472947721
266686495.709127336740	3152128.283145812340	-1175214.234292164678	1480693.577547820983	1.12635132462031251	-2.55298543803083744	-3.11085206558654814
266686495.727902352810	3152101.865249270108	-1175212.554099855945	1480752.255128894933	1.12633119443478957	-2.55298810465546344	-3.11084409803420403
266686495.746677339077	3152075.446462487802	-1175210.873490795959	1480810.932167557534	1.12631156173477320	-2.55299075388254471	-3.11083667463177571
266686495.765452355146	3152049.026706169359	-1175209.192482104292	1480869.608866809402	1.12629192896738850	-2.55299340326416901	-3.11082925123984078
266686495.784227341413	3152022.606027976144	-1175207.511020581471	1480928.285000028554	1.12627229637709503	-2.55299605275143326	-3.11082182794393125
266686495.803002357483	3151996.184989264235	-1175205.828847310739	1480986.960684798192	1.12625266384166611	-2.55299870236878768	-3.11081440470128534
266686495.821777343750	3151969.762406121939	-1175204.146539867390	1481045.635915659135	1.12623285819302055	-2.55300083273394307	-3.11080728763525460
266686495.840552359819	3151943.338856274728	-1175202.463839895325	1481104.310807056259	1.12621265695354777	-2.55300177664299222	-3.11080086995354010
266686495.859327346087	3151916.914380225819	-1175200.780668550404	1481162.985138475429	1.12619245572978643	-2.55300272067596179	-3.11079445227852558
266686495.878102332354	3151890.488959326409	-1175199.097084512236	1481221.659008202609	1.12617225451860659	-2.55300366482300012	-3.11078803460457110
266686495.896877348423	3151864.062537924387	-1175197.413062596461	1481280.332517870702	1.12615205332000956	-2.55300460908410631	-3.11078161693167843
266686495.915652334690	3151837.635212088004	-1175195.728632600978	1481339.005485241767	1.12613187256829583	-2.55300550347490329	-3.11077522905612103
266686495.934427350760	3151811.206897133030	-1175194.043748898432	1481397.678092495073	1.12611210425387931	-2.55300538858590231	-3.11076944269388322
266686495.953202337027	3151784.777686357498	-1175192.358464168618	1481456.350151395192	1.12609233605267844	-2.55300527379461872	-3.11076365633692875
266686495.971977353096	3151758.347479828168	-1175190.672759327339	1481515.021866614465	1.12607256784160459	-2.55300515910795101	-3.11075786995289061
266686495.990752339363	3151731.916365451179	-1175188.986624311889	1481573.693029099144	1.12605279962065952	-2.55300504452589960	-3.11075208354177057
266686496.009527355433	3151705.484255042858	-1175187.300055632833	1481632.363819582155	1.12603303138880229	-2.55300493004518314	-3.11074629710169193
266686496.028302341700	3151679.051265791990	-1175185.613054333488	1481691.034067598637	1.12601291557337690	-2.55300496993110437	-3.11074009824038811
266686496.047077357769	3151652.617266784888	-1175183.925610212609	1481749.703958639642	1.12599261190923361	-2.55300509329832881	-3.11073367648149768
266686496.065852344036	3151626.182325338945	-1175182.237754098838	1481808.373280731030	1.12597230823764649	-2.55300521677373160	-3.11072725469632694
266686496.084627360106	3151599.746438923758	-1175180.549491610145	1481867.042285623495	1.12595200443735344	-2.55300534038214488	-3.11072083285788681
266686496.103402346373	3151573.309620071203	-1175178.860775613924	1481925.710721626645	1.12593170076028937	-2.55300546410346119	-3.11071441103710455
266686496.122177332640	3151546.871885727160	-1175177.171687971801	1481984.378728474258	1.12591124474593229	-2.55300571093582995	-3.11070772957614095
266686496.140952348709	3151520.433152071200	-1175175.482130272081	1482043.046346992953	1.12589033294410656	-2.55300632591576004	-3.11070027130400506
266686496.159727334976	3151493.993477245793	-1175173.792126279324	1482101.713408565614	1.12586942115073541	-2.55300694103501558	-3.11069281302617240
266686496.178502351046	3151467.553504421841	-1175172.101499058539	1482160.380071845371	1.12584850936582459	-2.55300755629359832	-3.11068535474264740
266686496.197277337313	3151441.111945162993	-1175170.410669483710	1482219.046241326956	1.12582759758937856	-2.55300817169150918	-3.11067789645343584
266686496.216052353382	3151414.669389041141	-1175168.719392647501	1482277.712047779001	1.12580668582139776	-2.55300878722874769	-3.11067043815854039
266686496.234827339649	3151388.225975733716	-1175167.027760735014	1482336.377335328609	1.12578553701464656	-2.55301087995360509	-3.11066153284033398
266686496.253602355719	3151361.781542291399	-1175165.335653941613	1482395.042249632999	1.12576438774628640	-2.55301297523575776	-3.11065262519512675
266686496.272377341986	3151335.336185691878	-1175163.643098518485	1482453.706591964001	1.12574323865890946	-2.55301507066294953	-3.11064371764443992
266686496.291152358055	3151308.889886491001	-1175161.950161648681	1482512.370602128096	1.12572208962066433	-2.55301716625611252	-3.11063481013609566
266686496.309927344322	3151282.442632787395	-1175160.256753606489	1482571.034045015462	1.12570094063155546	-2.55301926201524410	-3.11062590267009886
266686496.328702360392	3151255.994412227068	-1175158.562984327087	1482629.697161843535	1.12567989884531361	-2.55302106880329660	-3.11061662649599535
266686496.347477346659	3151229.545264378656	-1175156.868716482306	1482688.359699345194	1.12565889462183133	-2.55302277453433124	-3.11060722124617284
266686496.366252332926	3151203.095180607401	-1175155.174056448275	1482747.021797423251	1.12563789043822826	-2.55302448043543473	-3.11059781602546215
266686496.385027348995	3151176.644119121600	-1175153.478973904857	1482805.683536794735	1.12561688629555512	-2.55302618650989155	-3.11058841083575155
266686496.403802335262	3151150.192132664379	-1175151.783476973884	1482864.344729486620	1.12559588219276918	-2.55302789275441633	-3.11057900567516254
266686496.422577351332	3151123.739173430949	-1175150.087543916190	1482923.005566445179	1.12557461581807727	-2.55302936249733481	-3.11056985503266903
266686496.441352337599	3151097.285303561948	-1175148.391173477285	1482981.665850721998	1.12555284301909531	-2.55303037505402841	-3.11056119628016114
266686496.460127353668	3151070.830440988764	-1175146.694405648159	1483040.325779325096	1.12553107023890853	-2.55303138777068295	-3.11055253753174643
266686496.478902339935	3151044.374667978380	-1175144.997169032460	1483098.985141836805	1.12550929748065887	-2.55303240065714920	-3.11054387879308214
266686496.497677356005	3151017.917906170245	-1175143.299539243337	1483157.644174019806	1.12548752474330716	-2.55303341371014447	-3.11053522006229199
266686496.516452342272	3150991.460241673980	-1175141.601481270511	1483216.302644499578	1.12546582329477429	-2.55303430330047343	-3.11052660343036225
266686496.535227358341	3150965.001600798219	-1175139.902996463235	1483274.960762217641	1.12544489091399136	-2.55303385871961286	-3.11051844102387598
266686496.554002344608	3150938.542674305383	-1175138.203825531993	1483333.618241892895	1.12542395864786382	-2.55303341428546027	-3.11051027862754781
266686496.572777360678	3150912.082123866770	-1175136.504476708127	1483392.275440870319	1.12540302636487377	-2.55303296999953844	-3.11050211619205053
266686496.591552346945	3150885.620642814785	-1175134.804699235363	1483450.932093281066	1.12538209406711465	-2.55303252586841234	-3.11049395372115534
266686496.610327333212	3150859.158247956540	-1175133.104500044370	1483509.588303183671	1.12536116175459178	-2.55303208189208330	-3.11048579121486890
266686496.629102349281	3150832.694839961361	-1175131.403882926330	1483568.244147138204	1.12534047740950705	-2.55303219755769462	-3.11047882620662053
266686496.647877335548	3150806.230541794561	-1175129.702848886605	1483626.899448683718	1.12531991374669627	-2.55303258563163160	-3.11047244396878098
266686496.666652351618	3150779.765252589248	-1175128.001367436256	1483685.554381199880	1.12529935008514581	-2.55303297382448813	-3.11046606171761519
266686496.685427337885	3150753.299063164741	-1175126.299480566522	1483744.208777299616	1.12527878642485879	-2.55303336213626686	-3.11045967945312807
266686496.704202353954	3150726.831893881317	-1175124.597161867889	1483802.862817726331	1.12525822263874664	-2.55303375058033932	-3.11045329714106122
266686496.722977340221	3150700.363771636039	-1175122.894383321749	1483861.516284878831	1.12523798550501386	-2.55303413512329502	-3.11044723010856883
266686496.741752356291	3150673.894684266299	-1175121.191223464441	1483920.169406566769	1.12521817219909748	-2.55303451456637287	-3.11044157226573947
266686496.760527342558	3150647.424707341474	-1175119.487614529906	1483978.821994867641	1.12519835889747410	-2.55303489412538331	-3.11043591441685274
266686496.779302358627	3150620.953725897707	-1175117.783594697015	1484037.474211170338	1.12517854559281716	-2.55303527377734651	-3.11043025654871474
266686496.798077344894	3150594.481833186001	-1175116.079139566282	1484096.125871822471	1.12515873228931751	-2.55303565353539552	-3.11042459866887011
266686496.816852360964	3150568.008964778390	-1175114.374255390372	1484154.777182680322	1.12513890224454061	-2.55303609947725940	-3.11041887462028077
266686496.835627347231	3150541.535174389370	-1175112.668949574465	1484213.427940917900	1.12511863412532342	-2.55303827478186784	-3.11041141940261934
266686496.854402333498	3150515.060445952229	-1175110.963242208585	1484272.078262755647	1.12509836605080116	-2.55304045022140924	-3.11040396422550591
266686496.873177349567	3150488.584726491943	-1175109.257087388774	1484330.728215564275	1.12507809789471791	-2.55304262581731933	-3.11039650904598997
266686496.891952335835	3150462.108105039690	-1175107.550502160797	1484389.377609639661	1.12505782990959169	-2.55304480152672308	-3.11038905394998544
266686496.910727351904	3150435.630476069637	-1175105.843483190052	1484448.026643710444	1.12503756196812077	-2.55304697736777442	-3.11038159889265442
266686496.929502338171	3150409.152605194133	-1175104.135796158575	1484506.675066275755	1.12501693766055855	-2.55304896124794212	-3.11037354349741113
266686496.948277354240	3150382.673091253266	-1175102.427953451639	1484565.323205284774	1.12499621332040611	-2.55305089133267460	-3.11036531956014661
266686496.967052340508	3150356.192667379510	-1175100.719671116211	1484623.970794587396	1.12497548902345335	-2.55305282157172142	-3.11035709566012786
266686496.985827356577	3150329.711266500875	-1175099.010964002460	1484682.618028155994	1.12495476476865841	-2.55305475196179943	-3.11034887179547370
266686497.004602342844	3150303.228942530230	-1175097.301808107877	1484741.264689748641	1.12493404055602486	-2.55305668250290907	-3.11034064796618948
266686497.023377358913	3150276.745650446508	-1175095.592248030473	1484799.911017875187	1.12491324814161153	-2.55305844628452272	-3.11033220558970402
266686497.042152345181	3150250.261442841031	-1175093.882264065556	1484858.556790349307	1.12489234776315294	-2.55305994520981461	-3.11032341637329113
266686497.060927361250	3150223.776237124577	-1175092.171836960362	1484917.202193850651	1.12487144741824352	-2.55306144429709336	-3.11031462718021112
266686497.079702347517	3150197.290126944426	-1175090.461015823297	1484975.847060940927	1.12485054710584054	-2.55306294354307584	-3.11030583800858240
266686497.098477333784	3150170.803100168705	-1175088.749765762594	1485034.491485578939	1.12482964682908859	-2.55306444295760970	-3.11029704886406977
266686497.117252349854	3150144.315035890788	-1175087.038042965578	1485093.135514707770	1.12480874658485153	-2.55306594253084773	-3.11028825974101908
266686497.136027336121	3150117.826102277264	-1175085.325967166340	1485151.779033957981	1.12478665312094606	-2.55306628655536016	-3.11027992052133362
266686497.154802352190	3150091.336147478782	-1175083.613389204955	1485210.422160614980	1.12476451762036866	-2.55306659002896907	-3.11027159713874735
266686497.173577338457	3150064.845299404580	-1175081.900432780618	1485269.064764213515	1.12474238212176481	-2.55306689366587891	-3.11026327374064371
266686497.192352354527	3150038.353466116358	-1175080.187028781045	1485327.706992781255	1.12472024648702629	-2.55306719747564337	-3.11025495027856325
266686497.211127340794	3150011.860733973794	-1175078.473214965081	1485386.348690877669	1.12469811099238282	-2.55306750143915817	-3.11024662684944220
266686497.229902356863	3149985.366998795886	-1175076.758971583098	1485444.990017032018	1.12467596152784433	-2.55306759537780170	-3.11023868226265954
266686497.248677343130	3149958.872350223362	-1175075.044283555821	1485503.630790562602	1.12465380686992855	-2.55306761138996574	-3.11023087841051993
266686497.267452359200	3149932.376729000360	-1175073.329189207172	1485562.271202305565	1.12463165220382733	-2.55306762754960381	-3.11022307452939328
266686497.286227345467	3149905.880210375879	-1175071.613666459220	1485620.911083634477	1.12460949753373507	-2.55306764386984586	-3.11021527062683401
266686497.305002361536	3149879.383320854511	-1175069.897461085115	1485679.550507599954	1.12458734285546536	-2.55306766033756505	-3.11020746669529835
266686497.323777347803	3149852.884925929364	-1175068.181121503236	1485738.189487812109	1.12456623723495586	-2.55306832126633054	-3.11020025426334934
266686497.342552334070	3149826.385546634905	-1175066.464293669909	1485796.827997794375	1.12454630235655495	-2.55306970135383882	-3.11019370196277656
266686497.361327350140	3149799.885168652982	-1175064.747054755688	1485855.466129777487	1.12452636737438327	-2.55307108156589235	-3.11018714963491405
266686497.380102336407	3149773.383889003657	-1175063.029398880200	1485914.103731344920	1.12450643254091487	-2.55307246188284775	-3.11018059736175223
266686497.398877352476	3149746.881629613694	-1175061.311341004679	1485972.740971180610	1.12448649772886711	-2.55307384231124512	-3.11017404510041295
266686497.417652338743	3149720.378466711845	-1175059.592811240582	1486031.377664336236	1.12446661698923656	-2.55307524948478282	-3.11016751835515404
266686497.436427354813	3149693.874323410448	-1175057.873881617561	1486090.013992789667	1.12444735777116378	-2.55307696281753316	-3.11016128478682097
266686497.455202341080	3149667.369254385587	-1175056.154523833655	1486148.649783528410	1.12442809858250659	-2.55307867625921636	-3.11015505124248826
266686497.473977357149	3149640.863209899981	-1175054.434752578381	1486207.285212537507	1.12440883942221825	-2.55308038980654972	-3.11014881772027030
266686497.492752343416	3149614.356247761752	-1175052.714548089541	1486265.920088924002	1.12438958029239755	-2.55308210346609687	-3.11014258422394585
266686497.511527359486	3149587.848301098216	-1175050.993893813109	1486324.554593250388	1.12437032107215051	-2.55308381725308031	-3.11013635071643835
266686497.530302345753	3149561.339448500890	-1175049.272834007395	1486383.188567164354	1.12435189579981953	-2.55308625382081544	-3.11012936845821608
266686497.549077332020	3149534.829641258344	-1175047.551358411089	1486441.822079502279	1.12433365001007957	-2.55308884602746611	-3.11012222510250913
266686497.567852348089	3149508.318877709098	-1175045.829447009601	1486500.455232963664	1.12431540427135035	-2.55309143835073193	-3.11011508179541618
266686497.586627334356	3149481.807180018164	-1175044.107116070809	1486559.087842827430	1.12429715858363410	-2.55309403079061248	-3.11010793853694034
266686497.605402350426	3149455.294503586832	-1175042.384335274575	1486617.720074637793	1.12427891294693127	-2.55309662334710730	-3.11010079532708295
266686497.624177336693	3149428.780907685868	-1175040.661155483220	1486676.351779117249	1.12425956323969567	-2.55309897662715635	-3.11009313996663428
266686497.642952352762	3149402.266328776721	-1175038.937537281075	1486734.983105539810	1.12423861675793724	-2.55310098382921691	-3.11008474388479961
266686497.661727339029	3149375.750840453897	-1175037.213508566376	1486793.613898636075	1.12421767032203856	-2.55310299119020145	-3.11007634784314835
266686497.680502355099	3149349.235004030168	-1175035.488765544258	1486852.244234255049	1.12419672380039470	-2.55310499872719632	-3.11006795179087447
266686497.699277341366	3149322.717635334004	-1175033.763869933318	1486910.874118879670	1.12417577745518127	-2.55310700640274790	-3.11005955582771731
266686497.718052357435	3149296.199253589381	-1175032.038556164829	1486969.503637559945	1.12415485093940992	-2.55310886104692347	-3.11005121404187301
266686497.736827343702	3149269.679988869466	-1175030.312820910010	1487028.132613772526	1.12413402137695462	-2.55310996552483704	-3.11004313748645256
266686497.755602359772	3149243.159715383314	-1175028.586656027008	1487086.761224035872	1.12411319183513569	-2.55311107014880001	-3.11003506093917004
266686497.774377346039	3149216.638548527379	-1175026.860037648818	1487145.389275567839	1.12409236231710041	-2.55311217492865206	-3.11002698440569647
266686497.793152332306	3149190.116432322189	-1175025.133033338934	1487204.016890759813	1.12407153281970817	-2.55311327985455216	-3.11001890788036928
266686497.811927348375	3149163.593340885360	-1175023.405584085034	1487262.644130809000	1.12405070321314460	-2.55311438494113840	-3.11001083131630152
266686497.830702334642	3149137.069323216099	-1175021.677694478771	1487321.270824288949	1.12402863820480281	-2.55311478284231708	-3.11000174039479660
266686497.849477350712	3149110.544320723508	-1175019.949400682468	1487379.897165008122	1.12400621367238340	-2.55311497509816210	-3.10999235427627330
266686497.868252336979	3149084.018417107873	-1175018.220659869490	1487438.522944077849	1.12398378914280528	-2.55311516754554102	-3.10998296814308217
266686497.887027353048	3149057.491522895172	-1175016.491514907219	1487497.148376381956	1.12396136461187668	-2.55311536017133278	-3.10997358198767060
266686497.905802339315	3149030.963703497313	-1175014.761911734706	1487555.773239740171	1.12393894008274842	-2.55311555298537840	-3.10996419581571271
266686497.924577355385	3149004.434928083792	-1175013.031933337916	1487614.397774015786	1.12391717466416985	-2.55311586535902135	-3.10995522675041958
266686497.943352341652	3148977.905223879032	-1175011.301506024320	1487673.021742310142	1.12389602364486141	-2.55311628917499567	-3.10994664649927577
266686497.962127357721	3148951.374540120363	-1175009.570615230361	1487731.645341522293	1.12387487250078255	-2.55311671316494060	-3.10993806618949442
266686497.980902343988	3148924.842935656197	-1175007.839359630831	1487790.268401407171	1.12385372149145812	-2.55311713729511203	-3.10992948591369700
266686497.999677360058	3148898.310369924642	-1175006.107651782455	1487848.891105501913	1.12383257049027963	-2.55311756159222547	-3.10992090563125201
266686498.018452346325	3148871.776876192074	-1175004.375478592468	1487907.513240705244	1.12381149737066677	-2.55311806572488109	-3.10991245144879880
266686498.037227332592	3148845.242457066663	-1175002.642944874940	1487966.134952751920	1.12379101487758826	-2.55311917422827950	-3.10990495369264730
266686498.056002348661	3148818.707678501029	-1175000.909712595399	1488024.756207378581	1.12377053240365710	-2.55312028286552684	-3.10989745594390365
266686498.074777334929	3148792.171347237192	-1174999.176307142014	1488083.377000741428	1.12375004995097694	-2.55312139164318319	-3.10988995820635417
266686498.093552350998	3148765.634030832909	-1174997.442453932017	1488141.997419078136	1.12372956751849973	-2.55312250055796897	-3.10988246047811101
266686498.112327337265	3148739.095813003369	-1174995.708199318731	1488200.617295058211	1.12370908510623035	-2.55312360960988416	-3.10987496275918041
266686498.131102353334	3148712.556599800475	-1174993.973492750200	1488259.236813948024	1.12368917239398058	-2.55312525421000158	-3.10986792109905696
266686498.149877339602	3148686.016483186744	-1174992.238391220337	1488317.855781574035	1.12366948625153285	-2.55312711165552031	-3.10986106073436508
266686498.168652355671	3148659.475372707937	-1174990.502849128097	1488376.474386111135	1.12364980014295934	-2.55312896921923160	-3.10985420039734128
266686498.187427341938	3148632.933334902860	-1174988.766839514254	1488435.092424728675	1.12363011407141178	-2.55313082691097692	-3.10984734009366282
266686498.206202358007	3148606.390365888365	-1174987.030493619619	1488493.710138473893	1.12361042803269529	-2.55313268471763477	-3.10984047981576905
266686498.224977344275	3148579.846446810756	-1174985.293664711295	1488552.327284945874	1.12359092006777539	-2.55313457280291267	-3.10983366177585729
266686498.243752360344	3148553.301556612365	-1174983.556410712656	1488610.944069684949	1.12357161381305604	-2.55313649516404917	-3.10982689157645042
266686498.262527346611	3148526.755730546080	-1174981.818712085485	1488669.560288503300	1.12355230759416580	-2.55313841764285687	-3.10982012140791975
266686498.281302332878	3148500.209008104634	-1174980.080650467426	1488728.176094434457	1.12353300141110513	-2.55314034023933356	-3.10981335127026748
266686498.300077348948	3148473.661272990983	-1174978.342124901479	1488786.791515123565	1.12351369514373500	-2.55314226297330782	-3.10980658112490582
266686498.318852335215	3148447.112630226184	-1174976.603168695699	1488845.406383075984	1.12349432531244942	-2.55314404088028724	-3.10979983676443439
266686498.337627351284	3148420.562999850139	-1174974.863801092375	1488904.020898323739	1.12347471819996603	-2.55314527916983236	-3.10979318819116290
266686498.356402337551	3148394.012469713576	-1174973.123982080258	1488962.634857864585	1.12345511111028751	-2.55314651758353284	-3.10978653963339946
266686498.375177353621	3148367.460930199828	-1174971.383735463489	1489021.248448488768	1.12343550404026660	-2.55314775611154943	-3.10977989108547259
266686498.393952339888	3148340.908506779931	-1174969.643115038285	1489079.861512966920	1.12341589698990596	-2.55314899475388168	-3.10977324254738541
266686498.412727355957	3148314.355096741579	-1174967.902035392821	1489138.474208417814	1.12339628996130747	-2.55315023351708970	-3.10976659402292466
266686498.431502342224	3148287.801394836511	-1174966.160271533765	1489197.086268853629	1.12337471019474178	-2.55315094438847945	-3.10975837442578662
266686498.450277358294	3148261.246091847308	-1174964.418344793608	1489255.698049947619	1.12335268477263917	-2.55315153618776103	-3.10974979995972811
266686498.469052344561	3148234.689867673907	-1174962.675993933808	1489314.309281389229	1.12333065949781830	-2.55315212814269898	-3.10974122553787113
266686498.487827360630	3148208.132649661507	-1174960.933202448301	1489372.920149743091	1.12330863423182548	-2.55315272026138906	-3.10973265110828079
266686498.506602346897	3148181.574539466295	-1174959.189984423574	1489431.530478712637	1.12328660897781774	-2.55315331255367228	-3.10972407667664141
266686498.525377333164	3148155.015476872213	-1174957.446359663736	1489490.140343080042	1.12326442294510542	-2.55315383647686334	-3.10971502740568884
266686498.544152349234	3148128.455431161914	-1174955.702280607540	1489548.749841330340	1.12324210891556708	-2.55315430602085502	-3.10970560010547237
266686498.562927335501	3148101.894479124807	-1174953.957813661080	1489607.358794256113	1.12321979489329760	-2.55315477574638505	-3.10969617279427846
266686498.581702351570	3148075.332528925035	-1174952.212887562346	1489665.967390146805	1.12319748088040283	-2.55315524566001395	-3.10968674547590052
266686498.600477337837	3148048.769684439991	-1174950.467555615585	1489724.575443627546	1.12317516687583652	-2.55315571575846034	-3.10967731814845072
266686498.619252353907	3148022.205852031708	-1174948.721768701449	1489783.183122137329	1.12315292143756329	-2.55315630009163819	-3.10966786214612467
266686498.638027340174	3147995.641115950420	-1174946.975585286506	1489841.790267203469	1.12313108406528750	-2.55315756172364638	-3.10965823630841953
266686498.656802356243	3147969.075372022111	-1174945.228985603899	1489900.397037354764	1.12310924672102441	-2.55315882353344659	-3.10964861048436703
266686498.675577342510	3147942.508722899947	-1174943.481888851384	1489959.003238503821	1.12308740941108320	-2.55316008554071461	-3.10963898468533184
266686498.694352358580	3147915.941104158293	-1174941.734437526902	1490017.609119536588	1.12306557212916625	-2.55316134772577463	-3.10962935889996261
266686498.713127344847	3147889.372582914773	-1174939.986557579599	1490076.214438865427	1.12304373487737763	-2.55316261009518497	-3.10961973313205053
266686498.731902360916	3147862.803032077849	-1174938.238198053557	1490134.819365598261	1.12302364983061809	-2.55316418839869952	-3.10961145441049425
266686498.750677347183	3147836.232633261476	-1174936.489489293192	1490193.423789809924	1.12300374877423836	-2.55316580000094717	-3.10960331713624161
266686498.769452333450	3147809.661258148961	-1174934.740301194368	1490252.027734761825	1.12298384775281246	-2.55316741175004402	-3.10959517988900647
266686498.788227349520	3147783.088904074859	-1174932.990708652185	1490310.631320954999	1.12296394663927224	-2.55316902365400189	-3.10958704261584362
266686498.807002335787	3147756.515612007584	-1174931.240662123309	1490369.234344255412	1.12294404568460937	-2.55317063568695657	-3.10957890541697468
266686498.825777351856	3147729.942020420916	-1174929.489966997178	1490427.836946937488	1.12292405617729907	-2.55317250357731185	-3.10957098879088578
266686498.844552338123	3147703.366857239977	-1174927.739089416107	1490486.439072093694	1.12290398013371506	-2.55317462152262253	-3.10956328774749347
266686498.863327354193	3147676.790710767731	-1174925.987788873957	1490545.040844544070	1.12288390413436900	-2.55317673960564440	-3.10955558674331556
266686498.882102340460	3147650.213656030130	-1174924.236059724819	1490603.642061284743	1.12286382817926667	-2.55317885782637743	-3.10954788577835872
266686498.900877356529	3147623.635605504736	-1174922.483896308346	1490662.242906026542	1.12284375226735644	-2.55318097618154161	-3.10954018485072936
266686498.919652342796	3147597.056651451625	-1174920.731322080363	1490720.843211441766	1.12282378957635531	-2.55318282782830419	-3.10953286298792886
266686498.938427358866	3147570.476727657951	-1174918.978318324080	1490779.443161066622	1.12280416988531817	-2.55318387064613628	-3.10952669013269700
266686498.957202345133	3147543.895888502710	-1174917.224890295183	1490838.042555038584	1.12278455033160274	-2.55318491355980726	-3.10952051731780132
266686498.975977361202	3147517.314057840034	-1174915.471016532043	1490896.641577011673	1.12276493079307915	-2.55318595658355374	-3.10951434450844966
266686498.994752347469	3147490.731319379993	-1174913.716743393335	1490955.240059658187	1.12274531126975141	-2.55318699971737528	-3.10950817170464644
266686499.013527333736	3147464.147629247047	-1174911.962014167570	1491013.838079197332	1.12272569176162351	-2.55318804296127455	-3.10950199890639567
266686499.032302349806	3147437.562967854552	-1174910.206891095266	1491072.435750418110	1.12270575227299796	-2.55318845539321915	-3.10949547720328434
266686499.051077336073	3147410.977380593307	-1174908.451325985836	1491131.032855605474	1.12268575852718699	-2.55318876096312541	-3.10948889632481951
266686499.069852352142	3147384.390793885570	-1174906.695305922767	1491189.629597816151	1.12266576465808310	-2.55318906666473922	-3.10948231539599274
266686499.088627338409	3147357.803344096988	-1174904.938886761898	1491248.225804858375	1.12264577091469775	-2.55318937247894651	-3.10947573449157311
266686499.107402354479	3147331.214880057145	-1174903.182053437922	1491306.821640014183	1.12262577716937306	-2.55318967840546929	-3.10946915356849685
266686499.126177340746	3147304.625527374446	-1174901.424798414111	1491365.416938700480	1.12260506082342815	-2.55318984373190849	-3.10946185655172425
266686499.144952356815	3147278.035171640571	-1174899.667097722180	1491424.011877380544	1.12258347996526808	-2.55318984084676970	-3.10945370280649147
266686499.163727343082	3147251.443912781309	-1174897.908970466349	1491482.606251384830	1.12256189910152360	-2.55318983811783928	-3.10944554903657933
266686499.182502359152	3147224.851649549790	-1174896.150401833933	1491541.200259443140	1.12254031823220002	-2.55318983554511902	-3.10943739524199358
266686499.201277345419	3147198.259162978269	-1174894.391206011642	1491599.793663235614	1.12251873735730134	-2.55318983312860937	-3.10942924142274002
266686499.220052361488	3147171.665016192012	-1174892.631794874324	1491658.386753855506	1.12249710021778748	-2.55319000357523596	-3.10942093828670085
266686499.238827347755	3147145.069974791724	-1174890.871993466513	1491716.979327414650	1.12247524300782198	-2.55319085182475725	-3.10941204960015805
266686499.257602334023	3147118.473980076611	-1174889.111696718959	1491775.571409660624	1.12245338581721299	-2.55319170025220776	-3.10940316092032942
266686499.276377350092	3147091.877017289866	-1174887.351056674495	1491834.163165795151	1.12243152864070295	-2.55319254884119440	-3.10939427223774167
266686499.295152336359	3147065.279130098410	-1174885.589955994859	1491892.754355953308	1.12240967148250492	-2.55319339760483155	-3.10938538355998384
266686499.313927352428	3147038.680236763787	-1174883.828388958937	1491951.345157843549	1.12238781434157175	-2.55319424653984095	-3.10937649488516499
266686499.332702338696	3147012.080478540156	-1174882.066457028035	1492009.935449855169	1.12236619072242272	-2.55319536247940571	-3.10936667011780266
266686499.351477354765	3146985.479708392173	-1174880.304058787413	1492068.525359598454	1.12234458086296174	-2.55319649429813333	-3.10935679031116052
266686499.370252341032	3146958.878050928004	-1174878.541281592334	1492127.114740282763	1.12232297103087175	-2.55319762630376346	-3.10934691051813816
266686499.389027357101	3146932.275383712258	-1174876.778047324857	1492185.703735669609	1.12230136109034007	-2.55319875850782063	-3.10933703067851797
266686499.407802343369	3146905.671813209075	-1174875.014370752499	1492244.292178321397	1.12227975131300406	-2.55319989088725485	-3.10932715091275114
266686499.426577359438	3146879.067267025355	-1174873.250296005048	1492302.880284590647	1.12225846107025129	-2.55320167279074761	-3.10931761190233535
266686499.445352345705	3146852.461801568978	-1174871.485762688797	1492361.467815912794	1.12223743478384241	-2.55320399120978303	-3.10930835438044717
266686499.464127331972	3146825.855395710561	-1174869.720818741480	1492420.054891431471	1.12221640855151694	-2.55320630979334906	-3.10929909690478645
266686499.482902348042	3146799.248016464524	-1174867.955471605062	1492478.641621655086	1.12219538237643857	-2.55320862855127961	-3.10928983948104953
266686499.501677334309	3146772.639716781676	-1174866.189697994851	1492537.227805197239	1.12217435625755746	-2.55321094748029509	-3.10928058210734459
266686499.520452350378	3146746.030418077949	-1174864.423453634139	1492595.813600413036	1.12215378287054790	-2.55321304024670770	-3.10927180455015151
266686499.539227336645	3146719.420218724757	-1174862.656805436825	1492654.398856244981	1.12213430407305115	-2.55321458589416528	-3.10926418707919794
266686499.558002352715	3146692.809052309487	-1174860.889766086126	1492712.983769641723	1.12211482518380112	-2.55321613168800443	-3.10925656958445407
266686499.576777338982	3146666.197621360887	-1174859.122014990542	1492771.568035968347	1.12209534644842535	-2.55321767760320339	-3.10924895215953612
266686499.595552355051	3146639.584555284120	-1174857.354101034114	1492830.152021656511	1.12207586774148105	-2.55321922364407783	-3.10924133475289732
266686499.614327341318	3146612.970569563098	-1174855.585744183278	1492888.735457749572	1.12205638906718397	-2.55322076982373902	-3.10923371737213206
266686499.633102357388	3146586.355598050170	-1174853.816955656279	1492947.318521726644	1.12203575552303336	-2.55322179650691794	-3.10922654021698142
266686499.651877343655	3146559.739721746650	-1174852.047760470305	1493005.901040434837	1.12201495709712828	-2.55322274913319669	-3.10921942592281297
266686499.670652359724	3146533.122861759271	-1174850.278112909291	1493064.483190057566	1.12199415868675656	-2.55322370189228920	-3.10921231163269818
266686499.689427345991	3146506.505108036101	-1174848.508088533301	1493123.064813650213	1.12197336029192218	-2.55322465478419591	-3.10920519734664191
266686499.708202332258	3146479.886395594105	-1174846.737612280995	1493181.645974193001	1.12195256191262915	-2.55322560780891772	-3.10919808306464907
266686499.726977348328	3146453.266693215352	-1174844.966701531550	1493240.226756737567	1.12193211478217991	-2.55322619302069986	-3.10919137151608016
266686499.745752334595	3146426.646085867658	-1174843.195368417539	1493298.807005955139	1.12191186762485540	-2.55322656907247802	-3.10918488907766655
266686499.764527350664	3146400.024495029822	-1174841.423598596361	1493357.386874144431	1.12189162046785462	-2.55322694523977578	-3.10917840662414013
266686499.783302336931	3146373.402017565444	-1174839.651447593700	1493415.966216247762	1.12187137331223097	-2.55322732152586962	-3.10917192415739985
266686499.802077353001	3146346.778524605557	-1174837.878839484416	1493474.545179052744	1.12185112615693505	-2.55322769792748350	-3.10916544167555298
266686499.820852339268	3146320.154135956895	-1174836.105813889764	1493533.123605444329	1.12183074480346878	-2.55322806884922660	-3.10915880603740380
266686499.839627355337	3146293.528760994785	-1174834.332344475668	1493591.701650864678	1.12180994860663574	-2.55322842258152161	-3.10915169697926119
266686499.858402341604	3146266.902479169890	-1174832.558441965375	1493650.279146519955	1.12178915241154975	-2.55322877644653135	-3.10914458790735448
266686499.877177357674	3146240.275212153327	-1174830.784122733865	1493708.856280558044	1.12176835608861936	-2.55322913045411770	-3.10913747878095981
266686499.895952343941	3146213.647049454972	-1174829.009385999525	1493767.432878179941	1.12174755989809327	-2.55322948458783916	-3.10913036968343848
266686499.914727360010	3146187.017875403166	-1174827.234242023202	1493826.009103858843	1.12172676370616387	-2.55322983884444632	-3.10912326056647137
266686499.933502346277	3146160.387811590917	-1174825.458619154291	1493884.584779773140	1.12170578390296649	-2.55323068324471381	-3.10911537742798050
266686499.952277332544	3146133.757449909579	-1174823.682381763821	1493943.159938253229	1.12168480151623795	-2.55323153471445385	-3.10910748334275100
266686499.971052348614	3146107.125455619767	-1174821.905945013510	1494001.734793772688	1.12166381914354174	-2.55323238632829286	-3.10909958925766050
266686499.989827334881	3146080.492530541029	-1174820.129049694166	1494060.309086342808	1.12164283678699128	-2.55323323809278691	-3.10909169517651307
266686500.008602350950	3146053.858650274575	-1174818.351776579628	1494118.883052799851	1.12162185444553586	-2.55323409000465862	-3.10908380109741334
266686500.027377337217	3146027.223842562642	-1174816.574022028362	1494177.456425014883	1.12160112830733416	-2.55323568151824931	-3.10907527904054826
266686500.046152353287	3146000.588037990499	-1174814.795865071006	1494236.029453494353	1.12158057921715715	-2.55323778448547278	-3.10906632275465400
266686500.064927339554	3145973.951355088502	-1174813.017290421994	1494294.601927566342	1.12156003030522022	-2.55323988759710740	-3.10905736656518128
266686500.083702355623	3145947.313678286038	-1174811.238306204556	1494353.174051955575	1.12153948144139726	-2.55324199086756431	-3.10904841041588220
266686500.102477341890	3145920.675094758626	-1174809.458874603035	1494411.745620698668	1.12151893262884883	-2.55324409430667032	-3.10903945431245710
266686500.121252357960	3145894.035529094283	-1174807.679001924582	1494470.316814355319	1.12149818895250597	-2.55324637325986536	-3.10903043541011703
266686500.140027344227	3145867.395045673475	-1174805.898741135839	1494528.887474682415	1.12147661236467666	-2.55324940177816462	-3.10902114801770768
266686500.158802360296	3145840.753603125457	-1174804.118068327196	1494587.457789602922	1.12145503585318851	-2.55325243047592876	-3.10901186070085345
266686500.177577346563	3145814.111202644184	-1174802.336905052420	1494646.027506012702	1.12143345941699302	-2.55325545934988041	-3.10900257345766118
266686500.196352332830	3145787.467902652454	-1174800.555342057021	1494704.596793209203	1.12141188305714801	-2.55325848840329517	-3.10899328629003513
266686500.215127348900	3145760.823609612416	-1174798.773383009015	1494763.165721756406	1.12139030663594808	-2.55326151765318743	-3.10898399913772794
266686500.233902335167	3145734.178385142237	-1174796.990967494901	1494821.734084385680	1.12136882782263880	-2.55326307624305437	-3.10897517409557134
266686500.252677351236	3145707.532198146917	-1174795.208117834758	1494880.302091167774	1.12134735539705099	-2.55326453905203499	-3.10896637921449503
266686500.271452337503	3145680.885102799628	-1174793.424870688003	1494938.869555648183	1.12132588300423475	-2.55326600202770626	-3.10895758435585678
266686500.290227353573	3145654.237016716972	-1174791.641175391385	1494997.436651102500	1.12130441064419095	-2.55326746517006598	-3.10894878951965969
266686500.309002339840	3145627.588004003745	-1174789.857071347302	1495056.003190962132	1.12128293831587156	-2.55326892847583808	-3.10893999470401061
266686500.327777355909	3145600.938675290439	-1174788.072257278254	1495114.569283555727	1.12126165930034949	-2.55326986443783355	-3.10893188255908282
266686500.346552342176	3145574.287792493124	-1174786.287305188598	1495173.134922357276	1.12124047138098826	-2.55327055248020329	-3.10892409148751536
266686500.365327358246	3145547.635950193275	-1174784.501941712340	1495231.700193314347	1.12121928347037070	-2.55327124066309530	-3.10891630040895217
266686500.384102344513	3145520.983145132661	-1174782.716099193785	1495290.264903050149	1.12119809557166361	-2.55327192899634081	-3.10890850932909846
266686500.402877360582	3145494.329391085543	-1174780.929863035679	1495348.829255322693	1.12117690768276290	-2.55327261747338641	-3.10890071824415903
266686500.421652346849	3145467.674724357203	-1174779.143210882554	1495407.393071355065	1.12115585553144692	-2.55327324599393268	-3.10889325658342175
266686500.440427333117	3145441.019114687108	-1174777.356109395856	1495465.956418225775	1.12113514825971805	-2.55327372190443169	-3.10888663197375115
266686500.459202349186	3145414.362498765346	-1174775.568572715158	1495524.519390238682	1.12111444099161739	-2.55327419793889687	-3.10888000735349523
266686500.477977335453	3145387.704981814604	-1174773.780602765270	1495583.081806489266	1.12109373372714716	-2.55327467409732778	-3.10887338272265623
266686500.496752351522	3145361.046504779719	-1174771.992268511560	1495641.643893655390	1.12107302633622963	-2.55327515038708475	-3.10886675804169199
266686500.515527337790	3145334.387083323672	-1174770.203407245455	1495700.205385279842	1.12105234087703121	-2.55327566325152899	-3.10886011693889763
266686500.534302353859	3145307.726696067955	-1174768.414211648749	1495758.766547764884	1.12103247520883142	-2.55327754722323075	-3.10885285695818148
266686500.553077340126	3145281.065407726448	-1174766.624552839203	1495817.327160540270	1.12101260958087412	-2.55327943133390001	-3.10884559701447039
266686500.571852356195	3145254.403135302477	-1174764.834459303180	1495875.887389318552	1.12099274398894311	-2.55328131557043214	-3.10883833710016377
266686500.590627342463	3145227.739936089609	-1174763.043941273820	1495934.447074440075	1.12097287843409532	-2.55328319993610364	-3.10883107721716589
266686500.609402358532	3145201.075806843117	-1174761.253038675059	1495993.006418370176	1.12095301291633254	-2.55328508443091273	-3.10882381736548030
266686500.628177344799	3145174.410699714441	-1174759.461654267041	1496051.565169898793	1.12093295861685904	-2.55328720212747262	-3.10881653771155175
266686500.646952360868	3145147.744633381255	-1174757.669871977763	1496110.123581904219	1.12091278492416979	-2.55328946724787631	-3.10880924552191784
266686500.665727347136	3145121.077675881796	-1174755.877676285570	1496168.681445558323	1.12089261140420104	-2.55329173248127406	-3.10880195341878673
266686500.684502333403	3145094.409756914712	-1174754.085021428531	1496227.238846222404	1.12087243793131908	-2.55329399784965672	-3.10879466136028038
266686500.703277349472	3145067.741498566698	-1174752.291690218728	1496285.795796762919	1.12085226450341624	-2.55329626334647308	-3.10878736934259825
266686500.722052335739	3145041.071706483606	-1174750.498255635612	1496344.352309664246	1.12083208388029787	-2.55329886031133757	-3.10877997374584281
266686500.740827351809	3145014.400905754883	-1174748.704315909417	1496402.908420944121	1.12081189109071300	-2.55330201703900928	-3.10877240320060011
266686500.759602338076	3144987.729198033921	-1174746.909974307055	1496461.463995868107	1.12079169836896986	-2.55330517390310741	-3.10876483272489024
266686500.778377354145	3144961.056525847875	-1174745.115204894682	1496520.019206030527	1.12077150571507200	-2.55330833090363329	-3.10875726231871718
266686500.797152340412	3144934.382918669377	-1174743.319988196949	1496578.573853243608	1.12075131312901988	-2.55331148804058383	-3.10874969198208317
266686500.815927356482	3144907.708357872907	-1174741.524404931348	1496637.128168347292	1.12073112048400336	-2.55331464533833818	-3.10874212166944242
266686500.834702342749	3144881.032868855167	-1174739.728326534154	1496695.681898177601	1.12070954320399574	-2.55331645413658936	-3.10873305176747694
266686500.853477358818	3144854.356395722367	-1174737.931872554123	1496754.235291627469	1.12068791852975647	-2.55331821690765937	-3.10872393052602458
266686500.872252345085	3144827.679020596202	-1174736.134943884565	1496812.788104076637	1.12066629389926087	-2.55331997985895720	-3.10871480932107058
266686500.891027361155	3144801.000674247742	-1174734.337635219330	1496871.340574086877	1.12064466930829054	-2.55332174297738090	-3.10870568814500992
266686500.909802347422	3144774.321390082594	-1174732.539872155758	1496929.892481206218	1.12062304476001540	-2.55332350627275506	-3.10869656700355579
266686500.928577333689	3144747.641186865978	-1174730.741702267900	1496988.443939874647	1.12060176028487213	-2.55332457847194139	-3.10868795852675950
266686500.947352349758	3144720.959999870975	-1174728.943111140281	1497046.995042866329	1.12058060725698283	-2.55332538364247164	-3.10867954819722048
266686500.966127336025	3144694.277884339448	-1174727.144070490729	1497105.545579880010	1.12055945424427073	-2.55332618897054830	-3.10867113786892979
266686500.984902352095	3144667.594793643802	-1174725.344615632901	1497164.095755160321	1.12053830111382746	-2.55332699446561850	-3.10866272749100947
266686501.003677338362	3144640.910789858084	-1174723.544715419179	1497222.645377820358	1.12051714813253467	-2.55332780011206362	-3.10865431716713303
266686501.022452354431	3144614.225810911041	-1174721.744400987169	1497281.194638745859	1.12049582174085494	-2.55332846571736916	-3.10864589777470179
266686501.041227340698	3144587.539927164558	-1174719.943693864392	1497339.743360289605	1.12047413571655152	-2.55332884074937461	-3.10863745956782944
266686501.060002356768	3144560.853048800491	-1174718.142504234565	1497398.291693507694	1.12045244969757407	-2.55332921594673623	-3.10862902135026165
266686501.078777343035	3144534.165906846058	-1174716.340675381245	1497456.839418302989	1.12043076368287187	-2.55332959130617931	-3.10862058312010126
266686501.097552359104	3144507.477163975593	-1174714.538682990707	1497515.386863758788	1.12040907767244668	-2.55332996682770386	-3.10861214487735182
266686501.116327345371	3144480.787499685772	-1174712.736236700555	1497573.933743180940	1.12038739166630386	-2.55333034251131075	-3.10860370662201912
266686501.135102361441	3144454.096836967859	-1174710.933348580264	1497632.480250659632	1.12036573707855336	-2.55333174763405024	-3.10859578436701023
266686501.153877347708	3144427.405284908134	-1174709.130071911262	1497691.026232104283	1.12034408526106954	-2.55333323786932098	-3.10858790478487235
266686501.172652333975	3144400.712787978817	-1174707.326352208853	1497749.571735480567	1.12032243347307547	-2.55333472825325591	-3.10858002522256571
266686501.191427350044	3144374.019266401418	-1174705.522170215845	1497808.116862641880	1.12030078171563208	-2.55333621878913197	-3.10857214568199991
266686501.210202336311	3144347.324866926298	-1174703.717613793211	1497866.661457658978	1.12027912998768864	-2.55333770947367444	-3.10856426616127646
266686501.228977352381	3144320.629487968516	-1174701.912624637363	1497925.205697001657	1.12025866087058423	-2.55333937574910008	-3.10855742896957032
266686501.247752338648	3144293.933206721209	-1174700.107206352288	1497983.749374637613	1.12023877918541848	-2.55334112928581591	-3.10855110952840263
266686501.266527354717	3144267.235927720554	-1174698.301344058942	1498042.292683298467	1.12021889753105874	-2.55334288293654366	-3.10854479011295481
266686501.285302340984	3144240.537739991676	-1174696.495054831961	1498100.835433282657	1.12019901590750592	-2.55334463670128331	-3.10853847072322909
266686501.304077357054	3144213.838562733028	-1174694.688344346127	1498159.377833588049	1.12017913419098303	-2.55334639059877677	-3.10853215132352956
266686501.322852343321	3144187.138497855980	-1174692.881225269753	1498217.919688454363	1.12015987006522266	-2.55334834536688016	-3.10852600075222352
266686501.341627359390	3144160.437436078675	-1174691.073675701860	1498276.461165374843	1.12014148524056312	-2.55335058615127508	-3.10852009054663636
266686501.360402345657	3144133.735468342900	-1174689.265676363604	1498335.002089618705	1.12012310045653374	-2.55335282704136812	-3.10851418038146088
266686501.379177331924	3144107.032574371435	-1174687.457288689911	1498393.542571352562	1.12010471570890946	-2.55335506802406087	-3.10850827024908183
266686501.397952347994	3144080.328672720585	-1174685.648454241455	1498452.082684225403	1.12008633100086463	-2.55335730910917835	-3.10850236015521642
266686501.416727334261	3144053.623873069417	-1174683.839179194300	1498510.622235393850	1.12006791726398003	-2.55335955356339417	-3.10849643097427819
266686501.435502350330	3144026.918087573722	-1174682.029503484024	1498569.161427857587	1.12004806197786566	-2.55336196012654293	-3.10848955333535937
266686501.454277336597	3144000.212028342299	-1174680.219125100411	1498627.699982219841	1.12002820674001180	-2.55336436681586987	-3.10848267574373027
266686501.473052352667	3143973.504355334211	-1174678.408587488346	1498686.238263298757	1.12000835142574884	-2.55336677365098774	-3.10847579815824471
266686501.491827338934	3143946.795781174675	-1174676.597647802206	1498744.776002023136	1.11998849628230568	-2.55336918058612072	-3.10846892065739322
266686501.510602355003	3143920.086208166089	-1174674.786236955319	1498803.313352420693	1.11996864118607276	-2.55337158764415673	-3.10846204320193564
266686501.529377341270	3143893.375735334586	-1174672.974419729551	1498861.850166405085	1.11994817194987073	-2.55337342640914722	-3.10845429821705599
266686501.548152357340	3143866.664264951367	-1174671.162174123339	1498920.386599477846	1.11992751066798046	-2.55337508754867093	-3.10844628193379569
266686501.566927343607	3143839.951899684034	-1174669.349508545827	1498978.922499108594	1.11990684942204499	-2.55337674883866006	-3.10843826567923465
266686501.585702359676	3143813.238555810414	-1174667.536423693178	1499037.458034091396	1.11988618808228235	-2.55337841029399604	-3.10843024940500223
266686501.604477345943	3143786.524290557019	-1174665.722884844057	1499095.993003042648	1.11986552690615371	-2.55338007187836924	-3.10842223320404498
266686501.623252332211	3143759.809092762414	-1174663.908945581410	1499154.527526626829	1.11984418952069786	-2.55338158284165084	-3.10841364096431816
266686501.642027348280	3143733.092910793610	-1174662.094555683667	1499213.061678151367	1.11982157729111220	-2.55338280974958742	-3.10840396272883890
266686501.660802334547	3143706.375813684426	-1174660.279740978265	1499271.595274026273	1.11979896509088661	-2.55338403684959037	-3.10839428450980604
266686501.679577350616	3143679.657746195793	-1174658.464529734803	1499330.128524551168	1.11977635292002686	-2.55338526414166012	-3.10838460630722624
266686501.698352336884	3143652.938756015152	-1174656.648868769174	1499388.661203098716	1.11975374077854006	-2.55338649162579667	-3.10837492812110705
266686501.717127352953	3143626.218777844217	-1174654.832797843963	1499447.193525968585	1.11973122457528440	-2.55338776727800765	-3.10836517183940142
266686501.735902339220	3143599.497908803634	-1174653.016281908145	1499505.725287078181	1.11970948741655496	-2.55338943282909181	-3.10835478115297770
266686501.754677355289	3143572.776043164544	-1174651.199348969851	1499564.256698564859	1.11968775016577915	-2.55339109859552726	-3.10834439043707844
266686501.773452341557	3143546.053290274460	-1174649.381961723324	1499622.787545316853	1.11966601309619751	-2.55339276454750186	-3.10833399981861547
266686501.792227357626	3143519.329538355581	-1174647.564223767025	1499681.318058715668	1.11964427606590800	-2.55339443068355010	-3.10832360922460982
266686501.811002343893	3143492.604889458511	-1174645.745997357648	1499739.847994084004	1.11962253908232112	-2.55339609702659009	-3.10831321866841348
266686501.829777359962	3143465.879895966966	-1174643.927123717731	1499798.377501709852	1.11960100982149990	-2.55339761051045588	-3.10830416543724786
266686501.848552346230	3143439.153349749278	-1174642.108062423998	1499856.906519750366	1.11957956350375598	-2.55339906305951736	-3.10829564610163667
266686501.867327332497	3143412.425863450859	-1174640.288575768238	1499915.435076102382	1.11955811721764054	-2.55340051577028371	-3.10828712678765706
266686501.886102348566	3143385.697369606700	-1174638.468625064474	1499973.963256066432	1.11953667096210152	-2.55340196863948243	-3.10827860749340790
