266686492.512967556715 0.000093875000
266686492.512967556715	3156611.685194992926	-1175494.058460734086	1470698.033350640908	1.12988824154127299	-2.55280617823193268	-3.11216276188751273
266686492.531742542982	3156585.428974592593	-1175492.450717159547	1470756.787629992235	1.12986792166717764	-2.55280772426050850	-3.11215453835235678
266686492.550517559052	3156559.171770188026	-1175490.842583319172	1470815.541570048779	1.12984767125198182	-2.55280922584225278	-3.11214642366218008
266686492.569292545319	3156532.913630943745	-1175489.233970299596	1470874.294936715625	1.12982742086806764	-2.55281072756959615	-3.11213830899392274
266686492.588067561388	3156506.654537420720	-1175487.624992421828	1470933.047971273540	1.12980717038823197	-2.55281222945642439	-3.11213019429853599
266686492.606842547655	3156480.394501904026	-1175486.015509672696	1470991.800438555656	1.12978692006896386	-2.55281373148154334	-3.11212207967786458
266686492.625617563725	3156454.133501267526	-1175484.405690058134	1471050.552582639735	1.12976580071136379	-2.55281485846184797	-3.11211386275089197
266686492.644392549992	3156427.871555153746	-1175482.795360581717	1471109.304156531813	1.12974380350322079	-2.55281560663399132	-3.11210554247832993
266686492.663167566061	3156401.608652847353	-1175481.184655590914	1471168.055381875252	1.12972180630523056	-2.55281635495834314	-3.11209722219896845
266686492.681942552328	3156375.344820928294	-1175479.573518422199	1471226.806066595484	1.12969980912154666	-2.55281710344806134	-3.11208890192028287
266686492.700717568398	3156349.080011648592	-1175477.961957349209	1471285.556395580992	1.12967781195113615	-2.55281785209985879	-3.11208058164041201
266686492.719492554665	3156322.814294247888	-1175476.349966756068	1471344.306171831442	1.12965607619068242	-2.55281843210511239	-3.11207262681545016
266686492.738267570734	3156296.547568131704	-1175474.737529725535	1471403.055597047089	1.12963508046002836	-2.55281853427025451	-3.11206570674513960
266686492.757042557001	3156270.279956995044	-1175473.124722181819	1471461.804493147647	1.12961408485472070	-2.55281863655439123	-3.11205878669079361
266686492.775817543268	3156244.011381555814	-1175471.511447767261	1471520.552929288009	1.12959308924697277	-2.55281873897568135	-3.11205186661841893
266686492.794592559338	3156217.742455026601	-1175469.897496263497	1471579.300930273952	1.12957209363367772	-2.55281884152425720	-3.11204494652241781
266686492.813367545605	3156191.471999584232	-1175468.283414044417	1471638.048471241724	1.12955109801483733	-2.55281894420011968	-3.11203802640279337
266686492.832142561674	3156165.200504580978	-1175466.668832852505	1471696.795634636190	1.12953089042050348	-2.55281910073511220	-3.11203182910344101
266686492.850917547941	3156138.928135279100	-1175465.053867443232	1471755.542265889701	1.12951080531501491	-2.55281926573371321	-3.11202574414420186
266686492.869692564011	3156112.654770626221	-1175463.438480414916	1471814.288556436542	1.12949072020570584	-2.55281943084344842	-3.11201965916544676
266686492.888467550278	3156086.380503650289	-1175461.822663771221	1471873.034288246650	1.12947063509258028	-2.55281959606431830	-3.11201357416717972
266686492.907242566347	3156060.105226650834	-1175460.206404957455	1471931.779663082678	1.12945054985052229	-2.55281976140501365	-3.11200748911510727
266686492.926017552614	3156033.829062004574	-1175458.589737067930	1471990.524495451245	1.12943096723411696	-2.55282059956289542	-3.11200123272537699
266686492.944792568684	3156007.551897079684	-1175456.972661171341	1472049.268984138034	1.12941171305466437	-2.55282187749511991	-3.11199486434882733
266686492.963567554951	3155981.273819724564	-1175455.355137149803	1472108.012926146621	1.12939245889797446	-2.55282315554483041	-3.11198849598829641
266686492.982342571020	3155954.994761786424	-1175453.737182826037	1472166.756490042200	1.12937320475989988	-2.55282443369886991	-3.11198212763631377
266686493.001117557287	3155928.714782498777	-1175452.118819007417	1472225.499532607384	1.12935395064355593	-2.55282571196710562	-3.11197575929848735
266686493.019892543554	3155902.433864381164	-1175450.500025158981	1472284.242122390307	1.12933456017197331	-2.55282712902016939	-3.11196911134499832
266686493.038667559624	3155876.151947809849	-1175448.880789002404	1472342.984343204880	1.12931465955041022	-2.55282906497851236	-3.11196141732872622
266686493.057442545891	3155849.869118499104	-1175447.261150414357	1472401.726036633598	1.12929475896872900	-2.55283100107307703	-3.11195372334611831
266686493.076217561960	3155823.585318301339	-1175445.641085640993	1472460.467371299397	1.12927485830299057	-2.55283293732379635	-3.11194602935267017
266686493.094992548227	3155797.300583777018	-1175444.020570836961	1472519.208148960024	1.12925495780108420	-2.55283487369080353	-3.11193833543740439
266686493.113767564297	3155771.014874560758	-1175442.399670574581	1472577.948584241094	1.12923505733803120	-2.55283681019074216	-3.11193064155394605
266686493.132542550564	3155744.728254915215	-1175440.778315705247	1472636.688481751131	1.12921476221681383	-2.55283879685399695	-3.11192222465118640
266686493.151317566633	3155718.440633392893	-1175439.156543557998	1472695.428001322318	1.12919437562594993	-2.55284079526075436	-3.11191364013984595
266686493.170092552900	3155692.152752626222	-1175437.534088376677	1472754.166902031982	1.12917398908113631	-2.55284279382522739	-3.11190505566822395
266686493.188867568970	3155665.863232637290	-1175435.911451302236	1472812.905531128170	1.12915360258133868	-2.55284479254412666	-3.11189647123445656
266686493.207642555237	3155639.572817925364	-1175434.288409443572	1472871.643617810216	1.12913321612656281	-2.55284679141745352	-3.11188788683854911
266686493.226417571306	3155613.281413671561	-1175432.664945840836	1472930.381357789272	1.12911194912732293	-2.55284815024828982	-3.11187881922270027
266686493.245192557573	3155586.989091604017	-1175431.041018435964	1472989.118531735148	1.12908998106004077	-2.55284899935436904	-3.11186936683238535
266686493.263967543840	3155560.695812904742	-1175429.416678990936	1473047.855255985633	1.12906801301033921	-2.55284984863936160	-3.11185991444380594
266686493.282742559910	3155534.401559345890	-1175427.791938332142	1473106.591649798676	1.12904604497925964	-2.55285069810655552	-3.11185046205883742
266686493.301517546177	3155508.106383699458	-1175426.166745339753	1473165.327477578539	1.12902407696680829	-2.55285154775595213	-3.11184100967748645
266686493.320292562246	3155481.810218706261	-1175424.541146297939	1473224.062946709571	1.12900196318662571	-2.55285233529553990	-3.11183164600143947
266686493.339067548513	3155455.513152374420	-1175422.915128937457	1473282.797888400266	1.12897951000792185	-2.55285297800056998	-3.11182248884361146
266686493.357842564583	3155429.215088278987	-1175421.288667049957	1473341.532464087708	1.12895705684150860	-2.55285362088647449	-3.11181333168194474
266686493.376617550850	3155402.916138370987	-1175419.661820947193	1473400.266519627301	1.12893460368739218	-2.55285426395325565	-3.11180417451644553
266686493.395392566919	3155376.616182465572	-1175418.034507565666	1473459.000189873390	1.12891215040542470	-2.55285490721263386	-3.11179501729332175
266686493.414167553186	3155350.315299174283	-1175416.406771134818	1473517.733316466212	1.12888969727591304	-2.55285555064116609	-3.11178586012017577
266686493.432942569256	3155324.013429188170	-1175414.778620038647	1473576.466096295044	1.12886754878972440	-2.55285540014516954	-3.11177832005793720
266686493.451717555523	3155297.710673710797	-1175413.150039006257	1473635.198336682748	1.12884543209704846	-2.55285516690051750	-3.11177094879126903
266686493.470492571592	3155271.406922644470	-1175411.521022700472	1473693.930208042031	1.12882331539058711	-2.55285493379841633	-3.11176357748931043
266686493.489267557859	3155245.102245703340	-1175409.891594755929	1473752.661529749865	1.12880119867034434	-2.55285470083886823	-3.11175620615206627
266686493.508042544127	3155218.796620703302	-1175408.261731761275	1473811.392401762540	1.12877908193840293	-2.55285446802845195	-3.11174883478328468
266686493.526817560196	3155192.490007509012	-1175406.631442660466	1473870.122933010804	1.12875811813997506	-2.55285461687869963	-3.11174227511420609
266686493.545592546463	3155166.183160022832	-1175405.000495200977	1473928.852843727684	1.12873778077887454	-2.55285497314225296	-3.11173615647395918
266686493.564367562532	3155139.874629657716	-1175403.369347671513	1473987.582456291420	1.12871744328915913	-2.55285532952226246	-3.11173003778113522
266686493.583142548800	3155113.565210193396	-1175401.737779517658	1474046.311532389605	1.12869710592737826	-2.55285568600879165	-3.11172391911035673
266686493.601917564869	3155087.254806341138	-1175400.105791629292	1474105.040252812207	1.12867676856578036	-2.55285604260845345	-3.11171780042525192
266686493.620692551136	3155060.943495574873	-1175398.473401140654	1474163.768439849606	1.12865670058016843	-2.55285673435463467	-3.11171179124392916
266686493.639467567205	3155034.631180159748	-1175396.840539019089	1474222.496247529751	1.12863751419864533	-2.55285852266922753	-3.11170614049232919
266686493.658242553473	3155008.317974674981	-1175395.207304110518	1474281.223535067169	1.12861832784492577	-2.55286031107983469	-3.11170048976365177
266686493.677017569542	3154982.003748171497	-1175393.573596995324	1474339.950446390547	1.12859914152109164	-2.55286209959303356	-3.11169483906164368
266686493.695792555809	3154955.688647439703	-1175391.939505492104	1474398.676825569943	1.12857995522610599	-2.55286388820553611	-3.11168918838443576
266686493.714567542076	3154929.372580191586	-1175390.304951966973	1474457.402753700968	1.12856076896100843	-2.55286567692062860	-3.11168353773390249
266686493.733342558146	3154903.055511781946	-1175388.669978886377	1474516.128306860104	1.12854253361378820	-2.55286863777842532	-3.11167722342262820
266686493.752117544413	3154876.737575404812	-1175387.034603485605	1474574.853336789180	1.12852430387697167	-2.55287160542301850	-3.11167090540807489
266686493.770892560482	3154850.418613742106	-1175385.398767337669	1474633.577990506077	1.12850607419501037	-2.55287457317178212	-3.11166458744980190
266686493.789667546749	3154824.098745840602	-1175383.762526406907	1474692.302113809623	1.12848784456790696	-2.55287754102471531	-3.11165826954781188
266686493.808442562819	3154797.777900008950	-1175382.125863495748	1474751.025878408691	1.12846961499566234	-2.55288050898181762	-3.11165195170210707
266686493.827217549086	3154771.456130315084	-1175380.488782425877	1474809.749102266040	1.12845003664739796	-2.55288298489969101	-3.11164463948840186
266686493.845992565155	3154745.133381187916	-1175378.851267948514	1474868.471973420586	1.12842956262038108	-2.55288513420618690	-3.11163666699478858
266686493.864767551422	3154718.809718575329	-1175377.213278072421	1474927.194278541720	1.12840908876932433	-2.55288728364286666	-3.11162869459234015
266686493.883542567492	3154692.485069168732	-1175375.574934854172	1474985.916244251886	1.12838861496041121	-2.55288943321128636	-3.11162072222355413
266686493.902317553759	3154666.159517466556	-1175373.936131801922	1475044.637657284969	1.12836814120092255	-2.55289158293445784	-3.11161274990154224
266686493.921092569828	3154639.833601907361	-1175372.296655879356	1475103.358641216764	1.12834726472909663	-2.55289345813439006	-3.11160418365768843
266686493.939867556095	3154613.506141989958	-1175370.657014847035	1475162.079157831846	1.12832561817493682	-2.55289480831423887	-3.11159448171812070
266686493.958642542362	3154587.177736213896	-1175369.016947954660	1475220.799221728230	1.12830397165346108	-2.55289615867801212	-3.11158477979893222
266686493.977417558432	3154560.848333388101	-1175367.376434259582	1475279.518922592746	1.12828232516467430	-2.55289750922571113	-3.11157507790012833
266686493.996192544699	3154534.518035901710	-1175365.735515628709	1475338.238081046613	1.12826067870858227	-2.55289885995733501	-3.11156537602171657
266686494.014967560768	3154508.186744668055	-1175364.094186559319	1475396.956892791903	1.12823903214912491	-2.55290021088581121	-3.11155567410458067
266686494.033742547035	3154481.854527077638	-1175362.452386470046	1475455.675144561334	1.12821636919105250	-2.55290043484681783	-3.11154617552224622
266686494.052517563105	3154455.521337700076	-1175360.810207847506	1475514.393053894164	1.12819364572218550	-2.55290059189927954	-3.11153668901562730
266686494.071292549372	3154429.187230580486	-1175359.167565257754	1475573.110397191951	1.12817092225409832	-2.55290074914425835	-3.11152720249093084
266686494.090067565441	3154402.852142222691	-1175357.524523494300	1475631.827413079562	1.12814819878575356	-2.55290090657846713	-3.11151771594628812
266686494.108842551708	3154376.516123428009	-1175355.881037883693	1475690.543857048033	1.12812547531715968	-2.55290106420190677	-3.11150822938170846
266686494.127617567778	3154350.179142724257	-1175354.237146474654	1475749.259964520577	1.12810301522306045	-2.55290122444766698	-3.11149907139078774
266686494.146392554045	3154323.841248237528	-1175352.592825315660	1475807.975525257410	1.12808077700739995	-2.55290138692074953	-3.11149019020257667
266686494.165167570114	3154297.502344679553	-1175350.948075292865	1475866.690720049432	1.12805853865114702	-2.55290154957333604	-3.11148130894074137
266686494.183942556381	3154271.162543841172	-1175349.302881773794	1475925.405359077035	1.12803630043394953	-2.55290171239466623	-3.11147242771310983
266686494.202717542648	3154244.821803234052	-1175347.657275820151	1475984.119567704154	1.12801406221703227	-2.55290187539340874	-3.11146354646765211
266686494.221492558718	3154218.480059999973	-1175346.011238787323	1476042.833407360595	1.12799238231913135	-2.55290219902237947	-3.11145517334599608
266686494.240267544985	3154192.137412068434	-1175344.364808302606	1476101.546710605035	1.12797206003073791	-2.55290291296423222	-3.11144803581206375
266686494.259042561054	3154165.793764478061	-1175342.717892430956	1476160.259637462674	1.12795173775361324	-2.55290362703933571	-3.11144089827720416
266686494.277817547321	3154139.449201604817	-1175341.070582479006	1476218.972025051247	1.12793141548671905	-2.55290434124440235	-3.11143376073954592
266686494.296592563391	3154113.104333638679	-1175339.422622548649	1476277.684000995476	1.12791109323005712	-2.55290505557943259	-3.11142662319909258
266686494.315367549658	3154086.757880430203	-1175337.774456434650	1476336.395489085233	1.12789084582811849	-2.55290580566285330	-3.11141955089499644
266686494.334142565727	3154060.410439279396	-1175336.125879760832	1476395.106624467531	1.12787253332410753	-2.55290747673319851	-3.11141416523134140
266686494.352917551994	3154034.062112047337	-1175334.476875134045	1476453.817217441276	1.12785422096132359	-2.55290914788263379	-3.11140877962192830
266686494.371692568064	3154007.712760115974	-1175332.827421784168	1476512.527443056228	1.12783590862175087	-2.55291081911625684	-3.11140339402942123
266686494.390467554331	3153981.362507904880	-1175331.177549175220	1476571.237126372522	1.12781759630955625	-2.55291249044721580	-3.11139800846132220
266686494.409242570400	3153955.011293019634	-1175329.527287160978	1476629.946476109093	1.12779928402057461	-2.55291416186236209	-3.11139262291013186
266686494.428017556667	3153928.659153125715	-1175327.876596865244	1476688.655273279874	1.12778028876841274	-2.55291566719852181	-3.11138666803150432
266686494.446792542934	3153902.306049447972	-1175326.225423688302	1476747.363585137064	1.12776091221613228	-2.55291707986738947	-3.11138039529359789
266686494.465567559004	3153875.951982909348	-1175324.573892491637	1476806.071576822549	1.12774153568501978	-2.55291849263983606	-3.11137412256779378
266686494.484342545271	3153849.596978206187	-1175322.921876760665	1476864.778992208187	1.12772215917820118	-2.55291990552572123	-3.11136784985972081
266686494.503117561340	3153823.241006029304	-1175321.269470926840	1476923.486065157223	1.12770278257298795	-2.55292131853507787	-3.11136157713016148
266686494.521892547607	3153796.884125827812	-1175319.616605195217	1476982.192591422936	1.12768286411346619	-2.55292247525771199	-3.11135475075915524
266686494.540667563677	3153770.526252762880	-1175317.963342487579	1477040.898762014695	1.12766199475946172	-2.55292318228698267	-3.11134695295832975
266686494.559442549944	3153744.167480626144	-1175316.309670489281	1477099.604402135359	1.12764112541686368	-2.55292388946103488	-3.11133915515501869
266686494.578217566013	3153717.807705893647	-1175314.655567334266	1477158.309673281154	1.12762025608463468	-2.55292459677658234	-3.11133135734735244
266686494.596992552280	3153691.447014590260	-1175313.001027217135	1477217.014397748280	1.12759938676486060	-2.55292530424019848	-3.11132355953908535
266686494.615767568350	3153665.085325630382	-1175311.346042314311	1477275.718756212853	1.12757851745650317	-2.55292601184859702	-3.11131576172834734
266686494.634542554617	3153638.722749168985	-1175309.690647992771	1477334.422572206473	1.12755606123188290	-2.55292627713892673	-3.11130723585647084
266686494.653317570686	3153612.359174389392	-1175308.034811032005	1477393.126019231044	1.12753355556130863	-2.55292652886075899	-3.11129868729641634
266686494.672092556953	3153585.995358485263	-1175306.378347730963	1477451.828879985493	1.12751105003201957	-2.55292678074350343	-3.11129013876886251
266686494.690867543221	3153559.629925963469	-1175304.721679854440	1477510.531349872937	1.12748854450354408	-2.55292703279639088	-3.11128159022389417
266686494.709642559290	3153533.263501576148	-1175303.064567117020	1477569.233447758481	1.12746603897588615	-2.55292728501942401	-3.11127304166151797
266686494.728417545557	3153506.896170364227	-1175301.407051559072	1477627.935012261383	1.12744381202199717	-2.55292707465412105	-3.11126444100480093
266686494.747192561626	3153480.527838553768	-1175299.749098363565	1477686.636216702638	1.12742168796212683	-2.55292669350602131	-3.11125582107369514
266686494.765967547894	3153454.158641995862	-1175298.090751191135	1477745.336880032206	1.12739956388820728	-2.55292631252971525	-3.11124720110707687
266686494.784742563963	3153427.788421561010	-1175296.431938764639	1477804.037173090735	1.12737743979919847	-2.55292593172191706	-3.11123858110307250
266686494.803517550230	3153401.417294310872	-1175294.772723500617	1477862.736932764528	1.12735531569510661	-2.55292555108262764	-3.11122996106169003
266686494.822292566299	3153375.045175865293	-1175293.113061201293	1477921.436323405011	1.12733337865961225	-2.55292576183254161	-3.11122123812717533
266686494.841067552567	3153348.672157045454	-1175291.452993857441	1477980.135177636752	1.12731181721474627	-2.55292715831366301	-3.11121230908811608
266686494.859842568636	3153322.298142755404	-1175289.792490946595	1478038.833662838442	1.12729025580033460	-2.55292855496109761	-3.11120338006771391
266686494.878617554903	3153295.923230868299	-1175288.131560091162	1478097.531617626315	1.12726869441950805	-2.55292995178470328	-3.11119445107160431
266686494.897392570972	3153269.547303062398	-1175286.470173167996	1478156.229193113977	1.12724713306914470	-2.55293134877462258	-3.11118552209416244
266686494.916167557240	3153243.170497315470	-1175284.808442341397	1478214.926252842881	1.12722570363556995	-2.55293281895494761	-3.11117666756475320
266686494.934942543507	3153216.792741654441	-1175283.146235519554	1478273.622852494940	1.12720588348015704	-2.55293518031177324	-3.11116872123659682
266686494.953717559576	3153190.413958041463	-1175281.483590589836	1478332.319069933845	1.12718606337339677	-2.55293754180181631	-3.11116077495122090
266686494.972492545843	3153164.034314788878	-1175279.820565856993	1478391.014783438761	1.12716624331841864	-2.55293990343493293	-3.11115282871426047
266686494.991267561913	3153137.653651009314	-1175278.157052962342	1478449.710095378570	1.12714642319076086	-2.55294226523046497	-3.11114488247775034
266686495.010042548180	3153111.272087533027	-1175276.493132837350	1478508.404873875901	1.12712660323727221	-2.55294462714315751	-3.11113693633387900
266686495.028817564249	3153084.889546694700	-1175274.828819736373	1478567.099310053047	1.12710717629397728	-2.55294691474852486	-3.11112989376271853
266686495.047592550516	3153058.506734292489	-1175273.163812042214	1478625.793108073529	1.12708793263393359	-2.55294916775753533	-3.11112327255253573
266686495.066367566586	3153032.122277011164	-1175271.498622035142	1478684.486640478484	1.12706868901618629	-2.55295142088141080	-3.11111665138194482
266686495.085142552853	3153005.736926003359	-1175269.833040440455	1478743.179621502757	1.12704944543969576	-2.55295367411686502	-3.11111003024907307
266686495.103917568922	3152979.350561863743	-1175268.166979850736	1478801.872229228029	1.12703020190654835	-2.55295592747046873	-3.11110340915767702
266686495.122692555189	3152952.963318808004	-1175266.500486807665	1478860.564294485375	1.12701090449456887	-2.55295795056122010	-3.11109700924483423
266686495.141467571259	3152926.575083284173	-1175264.833640197292	1478919.256026330637	1.12699146869821920	-2.55295938293154734	-3.11109117642794386
266686495.160242557526	3152900.185928408056	-1175263.166349396808	1478977.947211553343	1.12697203304722082	-2.55296081539525987	-3.11108534366312650
266686495.179017543793	3152873.795816252474	-1175261.498573364923	1479036.637908434495	1.12695259741955223	-2.55296224796579896	-3.11107951091583557
266686495.197792559862	3152847.404737808276	-1175259.830434188014	1479095.328282230068	1.12693316181312930	-2.55296368063659296	-3.11107367818231717
266686495.216567546129	3152821.012723427266	-1175258.161819600035	1479154.018076698296	1.12691369042867384	-2.55296506859117889	-3.11106783312752366
266686495.235342562199	3152794.619748358149	-1175256.492826091824	1479212.707554023014	1.12689302884304521	-2.55296496659225802	-3.11106157791616322
266686495.254117548466	3152768.225842477754	-1175254.823359257076	1479271.396443048958	1.12687236724764750	-2.55296486471065309	-3.11105532267700680
266686495.272892564535	3152741.830956965219	-1175253.153504415182	1479330.084998662118	1.12685170551267566	-2.55296476295006469	-3.11104906737282638
266686495.291667550802	3152715.435164994560	-1175251.483200951945	1479388.773001597961	1.12683104389879096	-2.55296466130638011	-3.11104281207996802
266686495.310442566872	3152689.038380887825	-1175249.812498193467	1479447.460651827510	1.12681038227305930	-2.55296455977344339	-3.11103655675556645
266686495.329217553139	3152662.640700064600	-1175248.141380968736	1479506.147762673208	1.12678974799001796	-2.55296412320322386	-3.11102968808298463
266686495.347992569208	3152636.242008296773	-1175246.469793962315	1479564.834497190546	1.12676912174046961	-2.55296358810609947	-3.11102263883647012
266686495.366767555475	3152609.842423301656	-1175244.797797453124	1479623.520695240237	1.12674849547235079	-2.55296305313945870	-3.11101558955002000
266686495.385542571545	3152583.441833614837	-1175243.125360350357	1479682.206527342321	1.12672786918566592	-2.55296251830330334	-3.11100854022363915
266686495.404317557812	3152557.040348719805	-1175241.452520182822	1479740.891814065864	1.12670724288041635	-2.55296198359763338	-3.11100149085733113
266686495.423092544079	3152530.638563351706	-1175239.779009870254	1479799.576584913768	1.12668607740457727	-2.55296179215314245	-3.11099383510571892
266686495.441867560148	3152504.235124418046	-1175238.105312260799	1479858.261055940995	1.12666402164655288	-2.55296216738144555	-3.11098517820323384
266686495.460642546415	3152477.830815491267	-1175236.431202735985	1479916.945006764727	1.12664196603269362	-2.55296254277496937	-3.11097652134230751
266686495.479417562485	3152451.425479976926	-1175234.756650695112	1479975.628581318771	1.12661991042121201	-2.55296291833058486	-3.11096786446482598
266686495.498192548752	3152425.019239528105	-1175233.081661403645	1480034.311597194988	1.12659785481524466	-2.55296329405814948	-3.11095920757643452
266686495.516967564821	3152398.612050637137	-1175231.406290875748	1480092.994286899921	1.12657574381053394	-2.55296380727882077	-3.11095039866139977
266686495.535742551088	3152372.203893164638	-1175229.730426635360	1480151.676396032562	1.12655321002918285	-2.55296536865276646	-3.11094042968747164
266686495.554517567158	3152345.794785927981	-1175228.054185452405	1480210.358173056040	1.12653067628725667	-2.55296693022326648	-3.11093046074168056
266686495.573292553425	3152319.384769488592	-1175226.377518470865	1480269.039391399361	1.12650814258476162	-2.55296849199032172	-3.11092049182403452
266686495.592067569494	3152292.973746079952	-1175224.700415879022	1480327.720252711559	1.12648560878000836	-2.55297005396819365	-3.11091052287372971
266686495.610842555761	3152266.561836693902	-1175223.022885095328	1480386.400571613573	1.12646307515743382	-2.55297161613164247	-3.11090055401427223
266686495.629617542028	3152240.148964431137	-1175221.344943984179	1480445.080443848856	1.12644141968567402	-2.55297397626991929	-3.11089110794004364
266686495.648392558098	3152213.735082756728	-1175219.666544441134	1480503.759933756432	1.12642014503022203	-2.55297668250413823	-3.11088188859290238
266686495.667167544365	3152187.320345295593	-1175217.987771355547	1480562.438904820243	1.12639887044205089	-2.55297938891401310	-3.11087266931018203
266686495.685942560434	3152160.904563583899	-1175216.308512332151	1480621.117495342856	1.12637759592012010	-2.55298209549625987	-3.11086345009000809
266686495.704717546701	3152134.487900238018	-1175214.628843624145	1480679.795537395403	1.12635632146443543	-2.55298480225087809	-3.11085423093238767
266686495.723492562771	3152108.070254463702	-1175212.948779704748	1480738.473246098030	1.12633580568883263	-2.55298748243447848	-3.11084584161926925
266686495.742267549038	3152081.651680371724	-1175211.268265165389	1480797.150391794974	1.12631617297593145	-2.55299013163100419	-3.11083841820433316
266686495.761042565107	3152055.232124898117	-1175209.587337562814	1480855.827181756962	1.12629654019461700	-2.55299278097878890	-3.11083099479800795
266686495.779817551374	3152028.811680166982	-1175207.905945373466	1480914.503412985941	1.12627690759352550	-2.55299543044206656	-3.11082357149334987
266686495.798592567444	3152002.390894853044	-1175206.223939011572	1480973.179238737794	1.12625727504521000	-2.55299808002886541	-3.11081614823819352
266686495.817367553711	3151975.968522949610	-1175204.541744676651	1481031.854576577898	1.12623760297595599	-2.55300061104500120	-3.11080879499123553
266686495.836142569780	3151949.545165659860	-1175202.859073050553	1481090.529545443133	1.12621740173537344	-2.55300155493305692	-3.11080237731259457
266686495.854917556047	3151923.120916687883	-1175201.176003237022	1481149.203971843235	1.12619720050736749	-2.55300249893517917	-3.11079595963500832
266686495.873692542315	3151896.695726759732	-1175199.492524956819	1481207.877961902646	1.12617699929403114	-2.55300344305793825	-3.11078954196224355
266686495.892467558384	3151870.269517388195	-1175197.808599713957	1481266.551575630670	1.12615679809223446	-2.55300438729148205	-3.11078312428866033
266686495.911242544651	3151843.842438234948	-1175196.124278185423	1481325.224657220067	1.12613659690511048	-2.55300533164566179	-3.11077670661990480
266686495.930017560720	3151817.414355095942	-1175194.439513803460	1481383.897375834873	1.12611674732553002	-2.55300541556554927	-3.11077080176680409
266686495.948792546988	3151790.985342996661	-1175192.754300907953	1481442.569528472144	1.12609697912664819	-2.55300530074969378	-3.11076501541621164
266686495.967567563057	3151764.555369602982	-1175191.068711093394	1481501.241360996617	1.12607721091789204	-2.55300518603845417	-3.11075922903853330
266686495.986342549324	3151738.124461847823	-1175189.382657121867	1481559.912608193234	1.12605744269822061	-2.55300507142854638	-3.11075344263189235
266686496.005117565393	3151711.692589511629	-1175187.696189856622	1481618.583518951200	1.12603767446972469	-2.55300495692654117	-3.11074765620005422
266686496.023892551661	3151685.259801568929	-1175186.009298906662	1481677.253874056973	1.12601768441232464	-2.55300494097251196	-3.11074160655334575
266686496.042667567730	3151658.826016090345	-1175184.321962880902	1481735.923863163451	1.12599738074814848	-2.55300506430872964	-3.11073518479742006
266686496.061442553997	3151632.391337443609	-1175182.634217208950	1481794.593315797392	1.12597707707966377	-2.55300518776297825	-3.11072876302086065
266686496.080217570066	3151605.955662391614	-1175180.946053553605	1481853.262421780964	1.12595677328038235	-2.55300531134366926	-3.11072234118726598
266686496.098992556334	3151579.519098631106	-1175179.257484491216	1481911.930979357334	1.12593646960328453	-2.55300543503397925	-3.11071591936944625
266686496.117767542601	3151553.081555391196	-1175177.568443791242	1481970.599063618109	1.12591615642331577	-2.55300556651162447	-3.11070948134270786
266686496.136542558670	3151526.643035078887	-1175175.878978484543	1482029.266792144161	1.12589524461950319	-2.55300618145883007	-3.11070202307191046
266686496.155317544937	3151500.203602459282	-1175174.189125835430	1482087.933981344569	1.12587433282310068	-2.55300679654207707	-3.11069456479353290
266686496.174092561007	3151473.763841656968	-1175172.498595304554	1482146.600748688448	1.12585342103620212	-2.55300741176793489	-3.11068710651134417
266686496.192867547274	3151447.322498887312	-1175170.807819557842	1482205.267008825205	1.12583250925881195	-2.55300802713640440	-3.11067964822534959
266686496.211642563343	3151420.880190754775	-1175169.116694010561	1482263.932936905185	1.12581159748779758	-2.55300864263763483	-3.11067218992990613
266686496.230417549610	3151394.436973950826	-1175167.425124684116	1482322.598321220605	1.12579050444210083	-2.55301038785100110	-3.11066362502427829
266686496.249192565680	3151367.992751400452	-1175165.733087481000	1482381.263320236001	1.12576935516220233	-2.55301248309417073	-3.11065471736912791
266686496.267967551947	3151341.547655293252	-1175164.040694636991	1482439.927803491708	1.12574820606328663	-2.55301457848238122	-3.11064580980849703
266686496.286742568016	3151315.101548981853	-1175162.347829671577	1482498.591913390905	1.12572705701350140	-2.55301667403656118	-3.11063690229020740
266686496.305517554283	3151288.654527748004	-1175160.654538817238	1482557.255470610922	1.12570590801285153	-2.55301876975671149	-3.11062799481426344
266686496.324292570353	3151262.206538529601	-1175158.960859629093	1482615.918682421092	1.12568483223526083	-2.55302066819375151	-3.11061883556627894
266686496.343067556620	3151235.757605525199	-1175157.266695594415	1482674.581323929597	1.12566382800112086	-2.55302237388078535	-3.11060943030729398
266686496.361842542887	3151209.307757836301	-1175155.572143436875	1482733.243533368921	1.12564282380895087	-2.55302407974445655	-3.11060002508118583
266686496.380617558956	3151182.856911854818	-1175153.877162558259	1482791.905379718868	1.12562181965561781	-2.55302578577491301	-3.11059061988230967
266686496.399392545223	3151156.405141029507	-1175152.181753010722	1482850.566673502326	1.12560081554426361	-2.55302749198200551	-3.11058121471632187
266686496.418167561293	3151129.952422026545	-1175150.485930647235	1482909.227627706947	1.12557972972490905	-2.55302912469668186	-3.11057188876543966
266686496.436942547560	3151103.498756605200	-1175148.789632010972	1482967.887999723200	1.12555795692102167	-2.55303013721426186	-3.11056323001108570
266686496.455717563629	3151077.044118089136	-1175147.092942918884	1483026.548035301035	1.12553618413697487	-2.55303114989508728	-3.11055457126270829
266686496.474492549896	3151050.588577348739	-1175145.395854901290	1483085.207525556209	1.12551441137381802	-2.55303216274243949	-3.11054591252219614
266686496.493267565966	3151024.132035694551	-1175143.698299626587	1483143.866639369167	1.12549263863051063	-2.55303317575303712	-3.11053725378767121
266686496.512042552233	3150997.674583874643	-1175142.000336211408	1483202.525216884213	1.12547086590914835	-2.55303418893344602	-3.11052859506290691
266686496.530817568302	3150971.216176125221	-1175140.301966452971	1483261.183451902587	1.12544980739442213	-2.55303396312791042	-3.11052035816759798
266686496.549592554569	3150944.757486372720	-1175138.602901260136	1483319.841045910493	1.12542887513305612	-2.55303351866145478	-3.11051219578191240
266686496.568367570639	3150918.297133935615	-1175136.903626449639	1483378.498335655779	1.12540794285378043	-2.55303307433994542	-3.11050403335517167
266686496.587142556906	3150891.835898894351	-1175135.203959623817	1483437.155099313240	1.12538701055973656	-2.55303263017323268	-3.11049587089303348
266686496.605917543173	3150865.373705993872	-1175133.503868656699	1483495.811419275356	1.12536607824988089	-2.55303218615803473	-3.11048770839361799
266686496.624692559242	3150838.910547618754	-1175131.803352878196	1483554.467371508945	1.12534530731745930	-2.55303210642854017	-3.11048032523954188
266686496.643467545509	3150812.446462127846	-1175130.102413399843	1483613.122780086938	1.12532474365435409	-2.55303249447454617	-3.11047394300483315
266686496.662242561579	3150785.981387760025	-1175128.401035772869	1483671.777816609479	1.12530417999146071	-2.55303288263618855	-3.11046756075491215
266686496.681017547846	3150759.515407515690	-1175126.699238509173	1483730.432316833176	1.12528361633192198	-2.55303327092331722	-3.11046117849543791
266686496.699792563915	3150733.048448794987	-1175124.997035099659	1483789.086461266736	1.12526305254341930	-2.55303365933289195	-3.11045479618272891
266686496.718567550182	3150706.580576832406	-1175123.294355743332	1483847.740039665019	1.12524263917058054	-2.55303404601415806	-3.11044855899581885
266686496.737342566252	3150680.111713313963	-1175121.591306039132	1483906.393281739904	1.12522282586568645	-2.55303442543637304	-3.11044290115806854
266686496.756117552519	3150653.641938723158	-1175119.887789645465	1483965.045954755507	1.12520301256194344	-2.55303480496467161	-3.11043724330860405
266686496.774892568588	3150627.171195338015	-1175118.183871264337	1484023.698291329201	1.12518319925830923	-2.55303518459577283	-3.11043158544554510
266686496.793667554855	3150600.699521739967	-1175116.479508497752	1484082.350055986084	1.12516338595478382	-2.55303556432967627	-3.11042592756889302
266686496.812442570925	3150574.226885790471	-1175114.774741538567	1484141.001481178217	1.12514357265136988	-2.55303594416638235	-3.11042026967865093
266686496.831217557192	3150547.753309575841	-1175113.069541700417	1484199.652340449858	1.12512339461094557	-2.55303776383953318	-3.11041317044706123
266686496.849992543459	3150521.278811627068	-1175111.363910892047	1484258.302766239038	1.12510312652697131	-2.55303993925066441	-3.11040571526230902
266686496.868767559528	3150494.803309951909	-1175109.657852742122	1484316.952817114303	1.12508285836038846	-2.55304211481488208	-3.11039826007326647
266686496.887542545795	3150468.326894726139	-1175107.951364291599	1484375.602321251528	1.12506259036476308	-2.55304429049259296	-3.11039080496773579
266686496.906317561865	3150441.849498876836	-1175106.244460388785	1484434.251472623786	1.12504232241279345	-2.55304646630195364	-3.11038334990087906
266686496.925092548132	3150415.371841513086	-1175104.536881489912	1484492.899993253872	1.12502180531132234	-2.55304850793507887	-3.11037547510381618
266686496.943867564201	3150388.892557395622	-1175102.829117494868	1484551.548233243870	1.12500108096231566	-2.55305043798762021	-3.11036725116013324
266686496.962642550468	3150362.412372421939	-1175101.120950174052	1484610.195933847455	1.12498035665546325	-2.55305236819119408	-3.11035902725180913
266686496.981417566538	3150335.931191313546	-1175099.412333287066	1484668.843274393119	1.12495963239076646	-2.55305429854579868	-3.11035080337884873
266686497.000192552805	3150309.449086912908	-1175097.703299023211	1484727.490056375740	1.12493890816822928	-2.55305622905143403	-3.11034257954125604
266686497.018967568874	3150282.966009001713	-1175095.993844931480	1484786.136485535651	1.12491815713851384	-2.55305809424294150	-3.11033426996520479
266686497.037742555141	3150256.482028390281	-1175094.283932574326	1484844.782359047793	1.12489725675426877	-2.55305959313675102	-3.11032548074708393
266686497.056517571211	3150229.997040333226	-1175092.573616421316	1484903.427866499871	1.12487635639938421	-2.55306109217941790	-3.11031669154474955
266686497.075292557478	3150203.511166880839	-1175090.862901049666	1484962.072847922333	1.12485545608014670	-2.55306259139063574	-3.11030790236952503
266686497.094067543745	3150177.024331659544	-1175089.151727224933	1485020.717366353376	1.12483455579551350	-2.55306409076712360	-3.11029911321952968
266686497.112842559814	3150150.536513379309	-1175087.440115103265	1485079.361506730085	1.12481365554339341	-2.55306559030231472	-3.11029032409099493
266686497.131617546082	3150124.047790260985	-1175085.728124634363	1485138.005136043765	1.12479185221566480	-2.55306621530321065	-3.11028187548187507
266686497.150392562151	3150097.558075020555	-1175084.015659547877	1485196.648376972880	1.12476971671462600	-2.55306651873846535	-3.11027355210293566
266686497.169167548418	3150071.067445390392	-1175082.302797657205	1485255.291081606643	1.12474758121555851	-2.55306682233701965	-3.11026522870847622
266686497.187942564487	3150044.575826267712	-1175080.589499654714	1485313.933411211940	1.12472544557930654	-2.55306712610514586	-3.11025690524815168
266686497.206717550755	3150018.083317504264	-1175078.875766765093	1485372.575213315198	1.12470331008524527	-2.55306743003358694	-3.11024858182455954
266686497.225492566824	3149991.589812609367	-1175077.161631360883	1485431.216656829696	1.12468116512228411	-2.55306759164610142	-3.11024051519899425
266686497.244267553091	3149965.095400818624	-1175075.447079083882	1485489.857538638869	1.12465901046370309	-2.55306760761552054	-3.11023271134900270
266686497.263042569160	3149938.599991413299	-1175073.732065772638	1485548.498066384578	1.12463685580007944	-2.55306762374226093	-3.11022490747568447
266686497.281817555428	3149912.103692075238	-1175072.016651116312	1485607.138039778918	1.12461470113036954	-2.55306764002304121	-3.11021710357715886
266686497.300592571497	3149885.607053484302	-1175070.300542817684	1485665.777577963192	1.12459254645457607	-2.55306765645786182	-3.11020929965342896
266686497.319367557764	3149859.108843665104	-1175068.584281686926	1485724.416654997272	1.12457091946038368	-2.55306799713859656	-3.11020179324497503
266686497.338142544031	3149832.609694712795	-1175066.867591807386	1485783.055276282597	1.12455098457436575	-2.55306937719182558	-3.11019524093696598
266686497.356917560101	3149806.109540768433	-1175065.150431678863	1485841.693515243474	1.12453104958771899	-2.55307075737944444	-3.11018868860732844
266686497.375692546368	3149779.608479555696	-1175063.432870348683	1485900.331217848230	1.12451111474872656	-2.55307213766868291	-3.11018213633050333
266686497.394467562437	3149753.106447817292	-1175061.714881951455	1485958.968561690301	1.12449117993325132	-2.55307351807592653	-3.11017558406927597
266686497.413242548704	3149726.603504536673	-1175059.996503806673	1486017.605369178345	1.12447124514024654	-2.55307489859789261	-3.11016903182176119
266686497.432017564774	3149700.099574555643	-1175058.277666634647	1486076.241807636339	1.12445188129168638	-2.55307656038354835	-3.11016274889687505
266686497.450792551041	3149673.594734021463	-1175056.558391887462	1486134.877693414688	1.12443262209716766	-2.55307827380292718	-3.11015651534879289
266686497.469567567110	3149647.088900871109	-1175054.838719528168	1486193.513223514659	1.12441336292997018	-2.55307998732467523	-3.11015028182093722
266686497.488342553377	3149620.582178943325	-1175053.118625786621	1486252.148217147449	1.12439410379323945	-2.55308170095863707	-3.11014404831897417
266686497.507117569447	3149594.074440661352	-1175051.398077571765	1486310.782828507712	1.12437484456503345	-2.55308341471675293	-3.11013781480393892
266686497.525892555714	3149567.565823461395	-1175049.677127852105	1486369.416910811095	1.12435618130163428	-2.55308564499059676	-3.11013104626640802
266686497.544667541981	3149541.056243081111	-1175047.955738158431	1486428.050530069508	1.12433793549991368	-2.55308823716985644	-3.11012390289928353
266686497.563442558050	3149514.545691523235	-1175046.233923513209	1486486.683787595714	1.12431968974920249	-2.55309082946573218	-3.11011675958077127
266686497.582217544317	3149488.034218048677	-1175044.511687074089	1486545.316492497455	1.12430144404950427	-2.55309342187822308	-3.11010961631087612
266686497.600992560387	3149461.521744878031	-1175042.789010249078	1486603.948840310099	1.12428319839977098	-2.55309601440404599	-3.11010247308771071
266686497.619767546654	3149435.008392136078	-1175041.065934050828	1486662.580656094942	1.12426448306758076	-2.55309850520525039	-3.11009511200794542
266686497.638542562723	3149408.494025879074	-1175039.342410459882	1486721.212089553243	1.12424353657529652	-2.55310051237075353	-3.11008671591711616
266686497.657317548990	3149381.978763095103	-1175037.618471948430	1486779.842983626528	1.12422259012887293	-2.55310251969518243	-3.11007831986647032
266686497.676092565060	3149355.462522702757	-1175035.894110667054	1486838.473518995335	1.12420164359670327	-2.55310452719562075	-3.11006992380520098
266686497.694867551327	3149328.946008848958	-1175034.169045129092	1486897.103419238236	1.12418069724096137	-2.55310653483461536	-3.11006152783304524
266686497.713642567396	3149302.427857579198	-1175032.443807962351	1486955.733041865984	1.12415975092899423	-2.55310854262597120	-3.11005313189731014
266686497.732417553663	3149275.908797084354	-1175030.718175969785	1487014.362119228812	1.12413891373617236	-2.55310970609905663	-3.11004503447461822
266686497.751192569733	3149249.388770241756	-1175028.992119648261	1487072.990843714215	1.12411808418925885	-2.55311081068794410	-3.11003695792497981
266686497.769967556000	3149222.867804660462	-1175027.265611690935	1487131.619002335239	1.12409725466508181	-2.55311191542944238	-3.11002888138726075
266686497.788742542267	3149196.345918262843	-1175025.538686136249	1487190.246718505630	1.12407642516364259	-2.55311302032354925	-3.11002080486146504
266686497.807517558336	3149169.823039476760	-1175023.811331500299	1487248.874065589625	1.12405559555198309	-2.55311412537506133	-3.11001272829503872
266686497.826292544603	3149143.299256411847	-1175022.083568412811	1487307.500870376127	1.12403390518463553	-2.55311473771162012	-3.11000394496354282
266686497.845067560673	3149116.774477287661	-1175020.355355575914	1487366.127315099584	1.12401148065309275	-2.55311492992730082	-3.10999455885124343
266686497.863842546940	3149090.248796056025	-1175018.626743535046	1487424.753214498749	1.12398905612229116	-2.55311512232795446	-3.10998517272049568
266686497.882617563009	3149063.722118103411	-1175016.897683888907	1487483.378750867443	1.12396663159223520	-2.55311531491358013	-3.10997578657130402
266686497.901392549276	3149037.194537585601	-1175015.168195778271	1487542.003725528950	1.12394420706293063	-2.55311550768418050	-3.10996640040367645
266686497.920167565346	3149010.665969422553	-1175013.438296357868	1487600.628347486723	1.12392214252760070	-2.55311576583765820	-3.10995724204202162
266686497.938942551613	3148984.136496144347	-1175011.707974913996	1487659.252436116338	1.12390099150792189	-2.55311618961924269	-3.10994866179521967
266686497.957717567682	3148957.606043376029	-1175009.977219948545	1487717.876149601070	1.12387984036032629	-2.55311661356495723	-3.10994008148410961
266686497.976492553949	3148931.074665889610	-1175008.246036008699	1487776.499310522107	1.12385868935167998	-2.55311703766402065	-3.10993150121454276
266686497.995267570019	3148904.542312143836	-1175006.514424936147	1487835.122118680272	1.12383753834908129	-2.55311746192346423	-3.10992292093454648
266686498.014042556286	3148878.009042955935	-1175004.782389781205	1487893.744371187873	1.12381638735253375	-2.55311788634328884	-3.10991434064412609
266686498.032817542553	3148851.474829576444	-1175003.049923639512	1487952.366176912095	1.12379582571664161	-2.55311891385154466	-3.10990671473115299
266686498.051592558622	3148824.939637293573	-1175001.317038949346	1488010.987617994193	1.12377534323901607	-2.55312002245986402	-3.10989921698211580
266686498.070367544889	3148798.404160211328	-1174999.583465752425	1488069.608424004400	1.12375486078158993	-2.55312113120531192	-3.10989171924238006
266686498.089142560959	3148771.867079731077	-1174997.849734772462	1488128.228959584842	1.12373437834331869	-2.55312224008460875	-3.10988422151006061
266686498.107917547226	3148745.329072377179	-1174996.115565539105	1488186.848945629550	1.12371389592735094	-2.55312334910759553	-3.10987672379083246
266686498.126692563295	3148718.790090942290	-1174994.380978398956	1488245.468575882493	1.12369379619746423	-2.55312481795809942	-3.10986953243674069
266686498.145467549562	3148692.250195584260	-1174992.645978550659	1488304.087644485757	1.12367411004576567	-2.55312667537180760	-3.10986267206321676
266686498.164242565632	3148665.709302023519	-1174990.910519637866	1488362.706356056500	1.12365442393003878	-2.55312853291026753	-3.10985581172114101
266686498.183017551899	3148639.167519925628	-1174989.174654905684	1488421.324519218877	1.12363473784923773	-2.55313039057020186	-3.10984895140862738
266686498.201792567968	3148612.624733372126	-1174987.438348998781	1488479.942316434579	1.12361505180336563	-2.55313224835160835	-3.10984209112567900
266686498.220567554235	3148586.081053831149	-1174985.701633017045	1488538.559577178210	1.12359545464495536	-2.55313412130335182	-3.10983525193608967
266686498.239342570305	3148559.536381394137	-1174983.964475751622	1488597.176459982526	1.12357614838182140	-2.55313604363685043	-3.10982848172943127
266686498.258117556572	3148532.990801761393	-1174982.226917108521	1488655.792806431651	1.12355684215451479	-2.55313796608801979	-3.10982171155364773
266686498.276892542839	3148506.444284399506	-1174980.488925227663	1488714.408703071065	1.12353753596303907	-2.55313988865685948	-3.10981494140874304
266686498.295667558908	3148479.896768367384	-1174978.750492102234	1488773.024227768648	1.12351822968725168	-2.55314181136319496	-3.10980817125612674
266686498.314442545176	3148453.348326862790	-1174977.011646344094	1488831.639202813385	1.12349892356639236	-2.55314373416409390	-3.10980140117109638
266686498.333217561245	3148426.798926288262	-1174975.272357522976	1488890.253819038626	1.12347932343405299	-2.55314498831373626	-3.10979474977838288
266686498.351992547512	3148400.248622136191	-1174973.532658001408	1488948.867895938922	1.12345971633951125	-2.55314622669981617	-3.10978810121786564
266686498.370767563581	3148373.697322153021	-1174971.792524322635	1489007.481600839179	1.12344010926462623	-2.55314746520021219	-3.10978145266718364
266686498.389542549849	3148347.145114984829	-1174970.051989237545	1489066.094769381452	1.12342050221045087	-2.55314870381820436	-3.10977480412823226
266686498.408317565918	3148320.591910022777	-1174968.310979334870	1489124.707555539673	1.12340089517698827	-2.55314994255379224	-3.10976815560101549
266686498.427092552185	3148294.037817663513	-1174966.569590667496	1489183.319812642643	1.12337988340356620	-2.55315080541881745	-3.10976038834941493
266686498.445867568254	3148267.483359462116	-1174964.827505576890	1489241.931615352863	1.12335785797809384	-2.55315139717558681	-3.10975181388283817
266686498.464642554522	3148240.927373310551	-1174963.085256260820	1489300.542967068497	1.12333583270200421	-2.55315198909457308	-3.10974323946424569
266686498.483417570591	3148214.370373054873	-1174961.342561519705	1489359.153933488065	1.12331380743369014	-2.55315258117403143	-3.10973466503602625
266686498.502192556858	3148187.812477000523	-1174959.599449547473	1489417.764363494935	1.12329178217630954	-2.55315317342380199	-3.10972609060386418
266686498.520967543125	3148161.253664651886	-1174957.855924075935	1489476.374339107657	1.12326966397288164	-2.55315372622191772	-3.10971724165071306
266686498.539742559195	3148134.693813757505	-1174956.111957676942	1489534.983947477071	1.12324734994033948	-2.55315419571922098	-3.10970781435073818
266686498.558517545462	3148108.133079292718	-1174954.367571781157	1489593.593010407872	1.12322503591716538	-2.55315466540462088	-3.10969838704356993
266686498.577292561531	3148081.571370124817	-1174952.622770030517	1489652.201714575524	1.12320272190126502	-2.55315513527156090	-3.10968895972543091
266686498.596067547798	3148055.008748994209	-1174950.877519082045	1489710.809872061247	1.12318040789579321	-2.55315560532987806	-3.10967953240200412
266686498.614842563868	3148028.445124946069	-1174949.131838276517	1489769.417657605140	1.12315809375836473	-2.55315607558033841	-3.10967010501215801
266686498.633617550135	3148001.880605955143	-1174947.385753761977	1489828.024897767231	1.12313621313284262	-2.55315726537974319	-3.10966049718295512
266686498.652392566204	3147975.315093603451	-1174945.639257834526	1489886.631791220047	1.12311437578255680	-2.55315852714952296	-3.10965087135669904
266686498.671167552471	3147948.748675457202	-1174943.892296940554	1489945.238106644945	1.12309253846343937	-2.55315978910693264	-3.10964124554977950
266686498.689942568541	3147922.181267563254	-1174942.144915321842	1490003.844072391046	1.12307070117444541	-2.55316105124869264	-3.10963161976031000
266686498.708717554808	3147895.612958952319	-1174940.397130034631	1490062.449498753762	1.12304886391557979	-2.55316231357480294	-3.10962199398829719
266686498.727492570877	3147869.043659478892	-1174938.648896911647	1490121.054556084564	1.12302832411203735	-2.55316380989263836	-3.10961336566269830
266686498.746267557144	3147842.473444621079	-1174936.900239562383	1490179.659057766665	1.12300842304769510	-2.55316542146116543	-3.10960522838254505
266686498.765042543411	3147815.902304757386	-1174935.151175874285	1490238.263116994407	1.12298852201725508	-2.55316703317326210	-3.10959709112751481
266686498.783817559481	3147789.330175154377	-1174933.401691442123	1490296.866826543817	1.12296862089680261	-2.55316864504677898	-3.10958895385034362
266686498.802592545748	3147762.757116165943	-1174931.651760074310	1490355.469967146870	1.12294871993417544	-2.55317025704601264	-3.10958081664557140
266686498.821367561817	3147736.183732271660	-1174929.901173215592	1490414.072673896095	1.12292877155942605	-2.55317200613938677	-3.10957279758316307
266686498.840142548084	3147709.608794607222	-1174928.150385895045	1490472.674900029786	1.12290869550545258	-2.55317412405235267	-3.10956509653056123
266686498.858917564154	3147683.032864762004	-1174926.399155012565	1490531.276751193684	1.12288861949571617	-2.55317624210302974	-3.10955739551717292
266686498.877692550421	3147656.456034031697	-1174924.647504732013	1490589.878074913053	1.12286854353127241	-2.55317836029469669	-3.10954969454489705
266686498.896467566490	3147629.878217043355	-1174922.895485732472	1490648.479053338524	1.12284846760896961	-2.55318047861751607	-3.10954199360805505
266686498.915242552757	3147603.299488503952	-1174921.143001768040	1490707.079459731234	1.12282839774046428	-2.55318258291442879	-3.10953431283461912
266686498.934017568827	3147576.719783121720	-1174919.390092627145	1490765.679510389920	1.12280877804586021	-2.55318362570640689	-3.10952813997808697
266686498.952792555094	3147550.139163036365	-1174917.636757069966	1490824.279008370591	1.12278915848857563	-2.55318466859422344	-3.10952196716188878
266686498.971567571163	3147523.557556841057	-1174915.882991427323	1490882.878153699916	1.12276953894753628	-2.55318571159539509	-3.10951579435312953
266686498.990342557430	3147496.975042447913	-1174914.128827108303	1490941.476737268968	1.12274991941853575	-2.55318675469680523	-3.10950962154423349
266686499.009117543697	3147470.391578607261	-1174912.374171754112	1491000.074854876148	1.12273029990893924	-2.55318779792140660	-3.10950344874846651
266686499.027892559767	3147443.807112225797	-1174910.619129956467	1491058.672622803831	1.12271044831978184	-2.55318838363820610	-3.10949702288952690
266686499.046667546034	3147417.221773487981	-1174908.863684170181	1491117.269858647836	1.12269045457603722	-2.55318868918674990	-3.10949044201834601
266686499.065442562103	3147390.635420696810	-1174907.107792829163	1491175.866709194379	1.12267046070584353	-2.55318899485716377	-3.10948386109111707
266686499.084217548370	3147364.048185040709	-1174905.351479741978	1491234.463017272530	1.12265046696136750	-2.55318930064017291	-3.10947728018829483
266686499.102992564440	3147337.459960334934	-1174903.594743697904	1491293.058978641406	1.12263047321705667	-2.55318960654205362	-3.10947069927060538
266686499.121767550707	3147310.870805611834	-1174901.837562798522	1491351.654368092772	1.12261012964497153	-2.55318984443498698	-3.10946377166723575
266686499.140542566776	3147284.280673400499	-1174900.079958831193	1491410.249398841290	1.12258854878812242	-2.55318984151315842	-3.10945561792779968
266686499.159317553043	3147257.689644001890	-1174898.321956053842	1491468.843893118436	1.12256696792463817	-2.55318983874425998	-3.10944746416178885
266686499.178092569113	3147231.097613840830	-1174896.563502602046	1491527.438018480781	1.12254538705662421	-2.55318983613484907	-3.10943931037299759
266686499.196867555380	3147204.505329498090	-1174894.804369464284	1491586.031513042515	1.12252380618408587	-2.55318983368492702	-3.10943115656143210
266686499.215642571449	3147177.911430452019	-1174893.045094057918	1491644.624737230828	1.12250222516929021	-2.55318983139226052	-3.10942300267404281
266686499.234417557716	3147151.316599231213	-1174891.285364528419	1491703.217392530525	1.12248037673697798	-2.55319065257884326	-3.10941413733891903
266686499.253192543983	3147124.720823254436	-1174889.525205916958	1491761.809598080115	1.12245851954021170	-2.55319150095948544	-3.10940524865461176
266686499.271967560053	3147098.124076244887	-1174887.764622006100	1491820.401441897033	1.12243666236070005	-2.55319234951149943	-3.10939635997323149
266686499.290742546320	3147071.526407458354	-1174886.003615957219	1491878.992733087623	1.12241480519844972	-2.55319319823488611	-3.10938747129478488
266686499.309517562389	3147044.927761859726	-1174884.242184658535	1491937.583668547682	1.12239294805346113	-2.55319404712964415	-3.10937858261927547
266686499.328292548656	3147018.328194484580	-1174882.480331217172	1491996.174051385373	1.12237126635939566	-2.55319509666917099	-3.10936899064703720
266686499.347067564726	3146991.727658913005	-1174880.718059557257	1492054.764072432183	1.12234965649245577	-2.55319622844072169	-3.10935911083530181
266686499.365842550993	3146965.126210778952	-1174878.955340704648	1492113.353543828009	1.12232804665498831	-2.55319736040573098	-3.10934923104097560
266686499.384617567062	3146938.523776628077	-1174877.192221629201	1492171.942656519124	1.12230643670802577	-2.55319849256588816	-3.10933935119815485
266686499.403392553329	3146911.920424527954	-1174875.428639693884	1492230.531200204976	1.12228482692425935	-2.55319962490142460	-3.10932947142918614
266686499.422167569399	3146885.316117851064	-1174873.664677936584	1492289.119420750067	1.12226339964445998	-2.55320112827528467	-3.10931978627766137
266686499.440942555666	3146858.710881185718	-1174871.900271260878	1492347.707069376949	1.12224237334380117	-2.55320344665085752	-3.10931052874212810
266686499.459717541933	3146832.104684455786	-1174870.135417059297	1492406.294249015860	1.12222134709933030	-2.55320576519751752	-3.10930127125661482
266686499.478492558002	3146805.497524935286	-1174868.370160265826	1492464.881086213281	1.12220032091105448	-2.55320808391526510	-3.10929201382112863
266686499.497267544270	3146778.889444312546	-1174866.604479150381	1492523.467373762513	1.12217929477897371	-2.55321040280409717	-3.10928275643567176
266686499.516042560339	3146752.280360392295	-1174864.838338734815	1492582.053272986319	1.12215835797203001	-2.55321267722690948	-3.10927359371079559
266686499.534817546606	3146725.670404158533	-1174863.071794234682	1492640.638640123187	1.12213887916841548	-2.55321422284658706	-3.10926597623655709
266686499.553592562675	3146699.059461077210	-1174861.304835933959	1492699.223657526309	1.12211940027304680	-2.55321576861264621	-3.10925835873852696
266686499.572367548943	3146672.448234194890	-1174859.537202435080	1492757.808030888904	1.12209992152839222	-2.55321731449023126	-3.10925074130462997
266686499.591142565012	3146645.835391452536	-1174857.769369528396	1492816.392120581586	1.12208044281532837	-2.55321886050332569	-3.10924312389470359
266686499.609917551279	3146619.221640962176	-1174856.001137123909	1492874.975670949556	1.12206096413280454	-2.55322040664865124	-3.10923550650685421
266686499.628692567348	3146592.606882185675	-1174854.232429052936	1492933.558836077340	1.12204064057323283	-2.55322157278008754	-3.10922821119475445
266686499.647467553616	3146565.991246711463	-1174852.463342568139	1492992.141475000419	1.12201984214368045	-2.55322252537517258	-3.10922109689963477
266686499.666242569685	3146539.374587960541	-1174850.693805508548	1493050.723731714301	1.12199904372860670	-2.55322347809979222	-3.10921398260667026
266686499.685017555952	3146512.757055785973	-1174848.923837234965	1493109.305436990689	1.12197824533117618	-2.55322443096378171	-3.10920686832155813
266686499.703792542219	3146486.138583303429	-1174847.153503239388	1493167.886728192680	1.12195744694823185	-2.55322538395730803	-3.10919975403860960
266686499.722567558289	3146459.519090250600	-1174845.382650849409	1493226.467601446435	1.12193687035197431	-2.55322610471928479	-3.10919289408606225
266686499.741342544556	3146432.898713856004	-1174843.611453633988	1493285.047964940080	1.12191662319222063	-2.55322648073660563	-3.10918641164695808
266686499.760117560625	3146406.277342071757	-1174841.839776321547	1493343.627937137149	1.12189637603489567	-2.55322685687599993	-3.10917992919653452
266686499.778892546892	3146379.655082158279	-1174840.067706432426	1493402.207389244344	1.12187612888000210	-2.55322723313746947	-3.10917344673479601
266686499.797667562962	3146353.031822258141	-1174838.295213532867	1493460.786469352199	1.12185588172438155	-2.55322760951118077	-3.10916696425605155
266686499.816442549229	3146326.407657119446	-1174836.522284691921	1493519.364987810375	1.12183562932811443	-2.55322798578808952	-3.10916047578277821
266686499.835217565298	3146299.782505824696	-1174834.748939837562	1493577.943159500835	1.12181483312981856	-2.55322833948593564	-3.10915336672597098
266686499.853992551565	3146273.156431337819	-1174832.975102138706	1493636.520736954408	1.12179403693537516	-2.55322869332305125	-3.10914625765919483
266686499.872767567635	3146246.529392260592	-1174831.200896024937	1493695.097997264005	1.12177324061203310	-2.55322904729946565	-3.10913914853603135
266686499.891542553902	3146219.901457019150	-1174829.426290248986	1493753.674706250196	1.12175244442004063	-2.55322940139873689	-3.10913203943984184
266686499.910317569971	3146193.272501174826	-1174827.651225246489	1493812.251044904580	1.12173164822875160	-2.55322975562744947	-3.10912493032800219
266686499.929092556238	3146166.642658766359	-1174825.875719826901	1493870.826809857972	1.12171071215894136	-2.55323048327266378	-3.10911723155571940
266686499.947867542505	3146140.012521070894	-1174824.099561360432	1493929.402075317223	1.12168972976972192	-2.55323133471106534	-3.10910933747190965
266686499.966642558575	3146113.380738729611	-1174822.323221475584	1493987.977034898475	1.12166874739348321	-2.55323218629029025	-3.10910144338634087
266686499.985417544842	3146086.748032701667	-1174820.546418673592	1494046.551431475207	1.12164776503338759	-2.55323303802016888	-3.10909354930471249
266686500.004192560911	3146060.114377267193	-1174818.769238023786	1494105.125495938351	1.12162678268838700	-2.55323388989742561	-3.10908565522513181
266686500.022967547178	3146033.479785451666	-1174816.991614541039	1494163.698991512414	1.12160595476705582	-2.55323518760600887	-3.10907738264656297
266686500.041742563248	3146006.844245757442	-1174815.213577508228	1494222.272147506475	1.12158540566638676	-2.55323729053843618	-3.10906842635268843
266686500.060517549515	3145980.207747251261	-1174813.435083581600	1494280.844715429703	1.12156485674290307	-2.55323939361199814	-3.10905947015333473
266686500.079292565584	3145953.570290154777	-1174811.656189742964	1494339.416946800426	1.12154430786752934	-2.55324149684438106	-3.10905051399415200
266686500.098067551851	3145926.931940732058	-1174809.876855503768	1494397.988610464847	1.12152375904237944	-2.55324360024213837	-3.10904155787894476
266686500.116842567921	3145900.292587468866	-1174808.097108949907	1494456.559924566187	1.12150321026640043	-2.55324570380199178	-3.10903260180581764
266686500.135617554188	3145873.652333149686	-1174806.316929192049	1494515.130682903109	1.12148168017596639	-2.55324869043538216	-3.10902332939413251
266686500.154392570257	3145847.011116093490	-1174804.536346705630	1494573.701098800637	1.12146010364679594	-2.55325171909176474	-3.10901404205997878
266686500.173167556524	3145820.368942882866	-1174802.755298711360	1494632.270938512171	1.12143852719291548	-2.55325474792433393	-3.10900475479948391
266686500.191942542791	3145793.725850561168	-1174800.973844035529	1494690.840329770232	1.12141695081433124	-2.55325777693309108	-3.10899546761265588
266686500.210717558861	3145767.081800625194	-1174799.191988719860	1494749.409369622590	1.12139537437649928	-2.55326080614487827	-3.10898618044494413
266686500.229492545128	3145740.436786795501	-1174797.409627293469	1494807.977828903357	1.12137387118155862	-2.55326273269156268	-3.10897723980521823
266686500.248267561197	3145713.790810094215	-1174795.626924451906	1494866.545953101711	1.12135239874616532	-2.55326419545483851	-3.10896844491507229
266686500.267042547464	3145687.143963444978	-1174793.843765304191	1494925.113534832839	1.12133092634775933	-2.55326565839791098	-3.10895965005496278
266686500.285817563534	3145660.496070365421	-1174792.060157779604	1494983.680718081305	1.12130945397896342	-2.55326712149784329	-3.10895085521159453
266686500.304592549801	3145633.847307859454	-1174790.276153123239	1495042.247369189048	1.12128798164399912	-2.55326858476774010	-3.10894206039257259
266686500.323367565870	3145607.198184641544	-1174788.491438140394	1495100.813568875194	1.12126663583270725	-2.55326970285819854	-3.10893371249488926
266686500.342142552137	3145580.547530162148	-1174786.706583476160	1495159.379308597185	1.12124544790974401	-2.55327039086274787	-3.10892592142217383
266686500.360917568207	3145553.895892516710	-1174784.921305544674	1495217.944695612416	1.12122425999763253	-2.55327107901437245	-3.10891813034626141
266686500.379692554474	3145527.243346067145	-1174783.135600860463	1495276.509523951216	1.12120307209637549	-2.55327176731307270	-3.10891033926715687
266686500.398467570543	3145500.589801790193	-1174781.349452346796	1495335.073983314913	1.12118188420597820	-2.55327245575885042	-3.10890254818486600
266686500.417242556810	3145473.935350881889	-1174779.562886315165	1495393.637880974449	1.12116071916895699	-2.55327313423154534	-3.10889481254213340
266686500.436017543077	3145447.279950979631	-1174777.775872476865	1495452.201334938407	1.12114001189743018	-2.55327361011620368	-3.10888818793684996
266686500.454792559147	3145420.623581649270	-1174775.988444489194	1495510.764421171742	1.12111930462847598	-2.55327408612155127	-3.10888156331907872
266686500.473567545414	3145393.966279924382	-1174774.200607772917	1495569.326957807876	1.12109859736209883	-2.55327456224759031	-3.10887493868882503
266686500.492342561483	3145367.308012200054	-1174772.412331918022	1495627.889135683654	1.12107788997138202	-2.55327503851150572	-3.10886831401224617
266686500.511117547750	3145340.648829904851	-1174770.623629335081	1495686.450760880252	1.12105718271332888	-2.55327551488875581	-3.10886168936273855
266686500.529892563820	3145313.988669576589	-1174768.834505543811	1495745.012024399592	1.12103714117073494	-2.55327710471348812	-3.10885456214990974
266686500.548667550087	3145287.327594885603	-1174767.044923615875	1495803.572721828474	1.12101727553301478	-2.55327898879055049	-3.10884730219694605
266686500.567442566156	3145260.665518561378	-1174765.254938523751	1495862.133066666545	1.12099740993131824	-2.55328087299347439	-3.10884004227338462
266686500.586217552423	3145234.002567561809	-1174763.464526345255	1495920.692854126217	1.12097754436881436	-2.55328275733208976	-3.10883278238493377
266686500.604992568493	3145207.338612648658	-1174761.673715984216	1495979.252297903644	1.12095767884128694	-2.55328464179329240	-3.10882552252399247
266686500.623767554760	3145180.673784386367	-1174759.882474237587	1496037.811190246372	1.12093769690595257	-2.55328667012848465	-3.10881825046609084
266686500.642542570829	3145154.007923749276	-1174758.090759650106	1496096.369695933769	1.12091752320245153	-2.55328893521795219	-3.10881095826642317
266686500.661317557096	3145127.341178184375	-1174756.298660854576	1496154.927663650131	1.12089734967167276	-2.55329120042041513	-3.10880366615325920
266686500.680092543364	3145100.673500207253	-1174754.506130438531	1496213.485172590939	1.12087717618692340	-2.55329346575458649	-3.10879637408281573
266686500.698867559433	3145074.005448671989	-1174752.712894035736	1496272.042236166075	1.12085700274820699	-2.55329573122046716	-3.10878908205509763
266686500.717642545700	3145047.335865236819	-1174750.919520009076	1496330.598836804973	1.12083682668771001	-2.55329811889166169	-3.10878175189355233
266686500.736417561769	3145020.665307278279	-1174749.125729677733	1496389.155078682117	1.12081663388113695	-2.55330127558401454	-3.10877418133007710
266686500.755192548037	3144993.993815307505	-1174747.331444286741	1496447.710741288960	1.12079644114451460	-2.55330443241934546	-3.10876661083993744
266686500.773967564106	3144967.321350115351	-1174745.536785370903	1496506.266052545980	1.12077624847362456	-2.55330758938455160	-3.10875904041552875
266686500.792742550373	3144940.647979587317	-1174743.741674637422	1496564.820814091479	1.12075605587269278	-2.55331074649273537	-3.10875147006446362
266686500.811517566442	3144913.973623822909	-1174741.946161228465	1496623.375219905516	1.12073586321174012	-2.55331390375844691	-3.10874389973548837
266686500.830292552710	3144887.298365347087	-1174740.150234486675	1496681.929089362966	1.12071462232136509	-2.55331604012495061	-3.10873519412851662
266686500.849067568779	3144860.622119525913	-1174738.353836616036	1496740.482558496762	1.12069299763840524	-2.55331780285850485	-3.10872607288128933
266686500.867842555046	3144833.944967382122	-1174736.557034700876	1496799.035494247684	1.12067137299707476	-2.55331956576573438	-3.10871695166675321
266686500.886617571115	3144807.266841507982	-1174734.759800065542	1496857.588068322977	1.12064974839843545	-2.55332132884991658	-3.10870783048681654
266686500.905392557383	3144780.587788939010	-1174732.962170793442	1496916.140092685120	1.12062812383826982	-2.55332309209794817	-3.10869870933387649
266686500.924167543650	3144753.907812641002	-1174731.164072734769	1496974.691652389243	1.12060672862244948	-2.55332438938248441	-3.10868993391148285
266686500.942942559719	3144727.226831793785	-1174729.365578573896	1497033.242865443230	1.12058557559099636	-2.55332519451601048	-3.10868152358165206
266686500.961717545986	3144700.544948634226	-1174727.566655339208	1497091.793516790029	1.12056442257471867	-2.55332599980708252	-3.10867311325306739
266686500.980492562056	3144673.862090972252	-1174725.767315748380	1497150.343809374608	1.12054326944070937	-2.55332680526514855	-3.10866470287485219
266686500.999267548323	3144647.178308386356	-1174723.967517339624	1497208.893533013063	1.12052211645479405	-2.55332761087131477	-3.10865629254877618
266686501.018042564392	3144620.493542690296	-1174722.167295529274	1497267.442903945222	1.12050091526350748	-2.55332837765365683	-3.10864787970277678
266686501.036817550659	3144593.807881587185	-1174720.366671679774	1497325.991726523265	1.12047922923925913	-2.55332875265086923	-3.10863944150076943
266686501.055592566729	3144567.121250258293	-1174718.565620021662	1497384.540190341417	1.12045754321927893	-2.55332912781016175	-3.10863100328616060
266686501.074367552996	3144540.434339555912	-1174716.763881487073	1497443.088010118576	1.12043585720357131	-2.55332950313153528	-3.10862256505895651
266686501.093142569065	3144513.745776997413	-1174714.961949900957	1497501.635536012007	1.12041417119108599	-2.55332987861171645	-3.10861412681726090
266686501.111917555332	3144487.056322464254	-1174713.159591292730	1497560.182522525778	1.12039248518499335	-2.55333025426052940	-3.10860568856678654
266686501.130692571402	3144460.365899882745	-1174711.356814097147	1497618.729147250066	1.12037082257221732	-2.55333139763941608	-3.10859763509542963
266686501.149467557669	3144433.674564743415	-1174709.553650683025	1497677.275229677092	1.12034917074544493	-2.55333288783244816	-3.10858975550437844
266686501.168242543936	3144406.982273958623	-1174707.750027953880	1497735.820843113819	1.12032751895027571	-2.55333437818069653	-3.10858187593696655
266686501.187017560005	3144380.288998750504	-1174705.945986088365	1497794.366097904043	1.12030586718565672	-2.55333586868088513	-3.10857399639129373
266686501.205792546272	3144353.594832631294	-1174704.141499312362	1497852.910790932132	1.12028421545264845	-2.55333735933629002	-3.10856611686926998
266686501.224567562342	3144326.899661984295	-1174702.336616370128	1497911.455137305893	1.12026333060172423	-2.55333896390178117	-3.10855891325684786
266686501.243342548609	3144300.203593322542	-1174700.531292863656	1497969.998921976658	1.12024344890932337	-2.55334071741171797	-3.10855259380963922
266686501.262117564678	3144273.506540453527	-1174698.725518799853	1498028.542334587080	1.12022356724772809	-2.55334247103566758	-3.10854627438815001
266686501.280892550945	3144246.808578649536	-1174696.919349202188	1498087.085201929323	1.12020368561693973	-2.55334422477362866	-3.10853995499238289
266686501.299667567015	3144220.109646641184	-1174695.112751744222	1498145.627710512141	1.12018380389317995	-2.55334597864434398	-3.10853363558664064
266686501.318442553282	3144193.409782968927	-1174693.305743236560	1498204.169672469608	1.12016418821985875	-2.55334781907067088	-3.10852738891919067
266686501.337217569351	3144166.708958488889	-1174691.498297518352	1498262.711266696686	1.12014580338720782	-2.55335005983505159	-3.10852147870691020
266686501.355992555618	3144140.007192166988	-1174689.690377348801	1498321.252284619724	1.12012741859307496	-2.55335230069858277	-3.10851556853123334
266686501.374767541885	3144113.304517999757	-1174687.882065879880	1498379.792867446784	1.12010903383851756	-2.55335454166453735	-3.10850965839406523
266686501.393542557955	3144086.600837541744	-1174686.073333255714	1498438.333081299905	1.12009064912036749	-2.55335678272309208	-3.10850374828969622
266686501.412317544222	3144059.896273085382	-1174684.264182731044	1498496.872746742098	1.12007226444179731	-2.55335902388407021	-3.10849783822384218
266686501.431092560291	3144033.190705107059	-1174682.454588220920	1498555.412049210630	1.12005272549955048	-2.55336139487076696	-3.10849116872152820
266686501.449867546558	3144006.484871796332	-1174680.644329475937	1498613.950720933266	1.12003287025060949	-2.55336380153122722	-3.10848429111923918
266686501.468642562628	3143979.777426032815	-1174678.833907204214	1498672.489125311607	1.12001301492525984	-2.55336620833747840	-3.10847741352309370
266686501.487417548895	3143953.069045062643	-1174677.023023940856	1498731.026938422583	1.11999315976967173	-2.55336861524047043	-3.10847053600967538
266686501.506192564964	3143926.359704413917	-1174675.211730534676	1498789.564403154189	1.11997330466234901	-2.55337102226963886	-3.10846365854355478
266686501.524967551231	3143899.649457823951	-1174673.399987323908	1498848.101315205451	1.11995302479082159	-2.55337303627101031	-3.10845618105310084
266686501.543742567301	3143872.938215347473	-1174671.587854913436	1498906.637874548789	1.11993236350073566	-2.55337469737596212	-3.10844816476354824
266686501.562517553568	3143846.226074218750	-1174669.775284025352	1498965.173869216815	1.11991170224660319	-2.55337635863137979	-3.10844014850269357
266686501.581292569637	3143819.512942140922	-1174667.962310345145	1499023.709514149697	1.11989104102525694	-2.55337802002744008	-3.10843213226482629
266686501.600067555904	3143792.798911353573	-1174666.148868264863	1499082.244600458769	1.11987037971431569	-2.55337968160194517	-3.10842411601491309
266686501.618842542171	3143766.083931256551	-1174664.335025892360	1499140.779222107027	1.11984950059150901	-2.55338129470128550	-3.10841591415167873
266686501.637617558241	3143739.367968304548	-1174662.520728593459	1499199.313477639342	1.11982688835502664	-2.55338252156411016	-3.10840623591233678
266686501.656392544508	3143712.651111777406	-1174660.706054087728	1499257.847207140410	1.11980427614790568	-2.55338374861900164	-3.10839655768944079
266686501.675167560577	3143685.933237473480	-1174658.890899273800	1499316.380532050505	1.11978166396909051	-2.55338497586268520	-3.10838687948109005
266686501.693942546844	3143659.214478804264	-1174657.075342227006	1499374.913333901437	1.11975905182176128	-2.55338620330498367	-3.10837720129301021
266686501.712717562914	3143632.494725431316	-1174655.259363850811	1499433.445754781133	1.11973643970169245	-2.55338743093280041	-3.10836752311758335
266686501.731492549181	3143605.774076525588	-1174653.442967617651	1499491.977639247198	1.11971459294622555	-2.55338904161649216	-3.10835722167256234
266686501.750267565250	3143579.052435684483	-1174651.626127229072	1499550.509148742538	1.11969285568522858	-2.55339070733661710	-3.10834683094913000
266686501.769042551517	3143552.329901482444	-1174649.808878212934	1499609.040118797682	1.11967111860330926	-2.55339237323573265	-3.10833644031931922
266686501.787817567587	3143525.606368908659	-1174647.991187231615	1499667.570716906572	1.11964938156491245	-2.55339403933201847	-3.10832604972159032
266686501.806592553854	3143498.881948094815	-1174646.173089710763	1499726.100766605698	1.11962764457004393	-2.55339570562547458	-3.10831565915595043
266686501.825367569923	3143472.157161788084	-1174644.354295209283	1499784.630361913936	1.11960604704604094	-2.55339726936149836	-3.10830616642400726
266686501.844142556190	3143445.430842143949	-1174642.535351424711	1499843.159500285052	1.11958460072086829	-2.55339872187257910	-3.10829764708331568
266686501.862917542458	3143418.703573354054	-1174640.715945991455	1499901.688166642096	1.11956315442838150	-2.55340017454863899	-3.10828912776616129
266686501.881692558527	3143391.975315472577	-1174638.896103460807	1499960.216457969742	1.11954170816646936	-2.55340162738312992	-3.10828060846873644
