266686492.455975979567 0.000093875000
266686492.455975979567	3156691.380296250805	-1175498.936154572992	1470519.681658088695	1.12995203994698334	-2.55280012652082089	-3.11219104301287475
266686492.474750965834	3156665.126945641823	-1175497.329679091927	1470578.437280467246	1.12993102250818733	-2.55280211998738293	-3.11218172619639866
266686492.493525981903	3156638.872613667510	-1175495.722804761026	1470637.192575432360	1.12991000511742934	-2.55280411362578441	-3.11217240941978002
266686492.512300968170	3156612.617384088691	-1175494.115518658655	1470695.947328043403	1.12988898777575164	-2.55280610743931513	-3.11216309268489155
266686492.531075984240	3156586.361156546045	-1175492.507802517852	1470754.701720538316	1.12986864067180681	-2.55280767094733640	-3.11215482646954245
266686492.549850970507	3156560.104010282550	-1175490.899656258291	1470813.455557438312	1.12984839012933191	-2.55280917254108797	-3.11214671173140145
266686492.568625986576	3156533.845884351991	-1175489.291091161314	1470872.209047517506	1.12982813974327101	-2.55281067425997232	-3.11213859706049956
266686492.587400972843	3156507.586833739188	-1175487.682080272818	1470930.961999943480	1.12980788939056698	-2.55281217613103406	-3.11213048241525447
266686492.606175988913	3156481.326807260048	-1175486.072656928794	1470989.714590638177	1.12978763906811386	-2.55281367814440419	-3.11212236779007023
266686492.624950975180	3156455.065862596966	-1175484.462815619772	1471048.466634594603	1.12976658173677924	-2.55281483189952096	-3.11211415816712478
266686492.643725991249	3156428.803932623472	-1175482.852541195927	1471107.218331842916	1.12974458452609072	-2.55281558005932974	-3.11210583789087059
266686492.662500977516	3156402.541100777686	-1175481.241866457742	1471165.969486739486	1.12972258732866626	-2.55281632838121597	-3.11209751761341868
266686492.681275993586	3156376.277265519835	-1175479.630715988576	1471224.720268222038	1.12970059000725165	-2.55281707687757375	-3.11208919728628430
266686492.700050979853	3156350.012530849781	-1175478.019187997794	1471283.470532641746	1.12967859283637040	-2.55281782552361758	-3.11208087700645564
266686492.718825966120	3156323.746842643246	-1175476.407209500438	1471342.220328018768	1.12965682152098879	-2.55281842848417329	-3.11207287247318787
266686492.737600982189	3156297.480170638300	-1175474.794809295097	1471400.969770688796	1.12963582592139566	-2.55281853063639019	-3.11206595244325035
266686492.756375968456	3156271.212578956038	-1175473.181979671353	1471459.718672619201	1.12961483031728571	-2.55281863291918087	-3.11205903239154491
266686492.775150984526	3156244.944002815057	-1175471.568730486091	1471518.467218875187	1.12959383470866070	-2.55281873533254577	-3.11205211231807510
266686492.793925970793	3156218.675131280441	-1175469.954805151792	1471577.215136058396	1.12957283909448769	-2.55281883787319552	-3.11204519222097797
266686492.812700986862	3156192.404670807067	-1175468.340729606571	1471635.962793197017	1.12955184347684456	-2.55281894054771152	-3.11203827210399364
266686492.831475973129	3156166.133276648819	-1175466.726201931946	1471694.709896297893	1.12953160355401971	-2.55281909487428971	-3.11203204515105281
266686492.850250989199	3156139.860891785473	-1175465.111225484870	1471753.456633341499	1.12951151832354801	-2.55281925987763270	-3.11202596015821031
266686492.869025975466	3156113.587599287275	-1175463.495848736027	1471812.202834029915	1.12949143321437484	-2.55281942498342174	-3.11201987518014800
266686492.887800991535	3156087.313304711133	-1175461.880039037904	1471870.948668714846	1.12947134810034688	-2.55281959019705740	-3.11201379018070501
266686492.906575977802	3156061.038132834248	-1175460.263822258217	1471929.693983254256	1.12945126298458076	-2.55281975552840734	-3.11200770516549063
266686492.925350993872	3156034.761942700017	-1175458.647140555084	1471988.438921525609	1.12943165086650410	-2.55282055418979414	-3.11200145883829515
266686492.944125980139	3156008.484861307777	-1175457.030059103156	1472047.183320298092	1.12941239668735482	-2.55282183212137070	-3.11199509046317857
266686492.962900966406	3155982.206806096714	-1175455.412581568351	1472105.927275434136	1.12939314252681688	-2.55282311015727492	-3.11198872209660493
266686492.981675982475	3155955.927793478128	-1175453.794641276821	1472164.670874780277	1.12937388839008301	-2.55282438831395497	-3.11198235374792320
266686493.000450968742	3155929.647859221324	-1175452.176277964842	1472223.413924475666	1.12935463427404192	-2.55282566658154231	-3.11197598541152987
266686493.019225984812	3155903.366914163344	-1175450.557488912717	1472282.156620105729	1.12933526663315975	-2.55282706030392736	-3.11196938448158233
266686493.038000971079	3155877.085077980533	-1175448.938285787823	1472340.898770357482	1.12931536601018090	-2.55282899625743465	-3.11196169046411519
266686493.056775987148	3155850.802258683834	-1175447.318658743287	1472399.640570873627	1.12929546542708392	-2.55283093234716318	-3.11195399648031268
266686493.075550973415	3155824.518511976115	-1175445.698608715786	1472458.381827735109	1.12927556488387371	-2.55283286857311298	-3.11194630253017923
266686493.094325989485	3155798.233773924410	-1175444.078112011077	1472517.122715566540	1.12925566438055247	-2.55283480493528447	-3.11193860861371840
266686493.113100975752	3155771.948141799774	-1175442.457208402222	1472575.863063960802	1.12923576391712110	-2.55283674143367501	-3.11193091473093331
266686493.131875991821	3155745.661503159907	-1175440.835867548827	1472634.603058290435	1.12921548605562849	-2.55283872589748029	-3.11192252944804126
266686493.150650978088	3155719.373960522003	-1175439.214117008960	1472693.342513296520	1.12919509946420416	-2.55284072430204345	-3.11191394493722617
266686493.169425994158	3155693.086091562640	-1175437.591698324773	1472752.081543416716	1.12917471279076231	-2.55284272288136282	-3.11190536041409738
266686493.188200980425	3155666.796642222442	-1175435.969060107600	1472810.820088653592	1.12915432629040557	-2.55284472159806919	-3.11189677598085623
266686493.206975966692	3155640.506251764949	-1175434.346043981379	1472869.558191493619	1.12913393983299226	-2.55284672046262440	-3.11188819158173446
266686493.225750982761	3155614.214874250349	-1175432.722569672624	1472928.295925304992	1.12911272911813310	-2.55284812010248929	-3.11187915483554667
266686493.244525969028	3155587.922590452246	-1175431.098690689774	1472987.033128703712	1.12909076104915185	-2.55284896919881055	-3.11186970244323335
266686493.263300985098	3155561.629315986764	-1175429.474362845998	1473045.769966040971	1.12906879299878860	-2.55284981847733405	-3.11186025005452560
266686493.282075971365	3155535.335121700075	-1175427.849636876956	1473104.506276048953	1.12904682496704911	-2.55285066793805937	-3.11185079766942962
266686493.300850987434	3155509.039938909467	-1175426.224471317604	1473163.242216972634	1.12902485695289689	-2.55285151757769757	-3.11184134528607936
266686493.319625973701	3155482.743857736234	-1175424.598880256061	1473221.977624509251	1.12900276040148606	-2.55285231247800493	-3.11183197113165688
266686493.338400989771	3155456.446776024532	-1175422.972867579665	1473280.712660048157	1.12898030708115638	-2.55285295518504407	-3.11182281391829729
266686493.357175976038	3155430.148803034332	-1175421.346425042022	1473339.447162145516	1.12895785391534531	-2.55285359806781642	-3.11181365675863697
266686493.375950992107	3155403.849825523328	-1175419.719585887622	1473398.181320563657	1.12893540075975229	-2.55285424112488668	-3.11180449959140226
266686493.394725978374	3155377.549929550383	-1175418.092285048682	1473456.914909976069	1.12891294761749883	-2.55285488436612162	-3.11179534242221223
266686493.413500994444	3155351.249065168668	-1175416.464580763597	1473515.648165922379	1.12889049448755019	-2.55285552778823188	-3.11178618524920125
266686493.432275980711	3155324.947277391329	-1175414.836428418290	1473574.380849895068	1.12886833405700138	-2.55285540842828196	-3.11177858177842648
266686493.451050966978	3155298.644545509480	-1175413.207875261782	1473633.113103465410	1.12884621736373969	-2.55285517517516380	-3.11177121051107441
266686493.469825983047	3155272.340812256560	-1175411.578886889853	1473691.844994008308	1.12882410065669125	-2.55285494206459607	-3.11176383920843058
266686493.488600969315	3155246.036180161405	-1175409.949443734717	1473750.576334785903	1.12880198393897890	-2.55285470910644641	-3.11175646787611493
266686493.507375985384	3155219.730554457754	-1175408.319605970057	1473809.307316914434	1.12877986706843680	-2.55285447629372308	-3.11174909646419051
266686493.526150971651	3155193.424035982229	-1175406.689326891443	1473868.037771601463	1.12875884010546468	-2.55285460424351829	-3.11174249232708222
266686493.544925987720	3155167.117132548708	-1175405.058386694640	1473926.767777894856	1.12873850274124043	-2.55285496049319116	-3.11173637368173006
266686493.563700973988	3155140.808706637938	-1175403.427283365512	1473985.497327197110	1.12871816537927216	-2.55285531686257139	-3.11173025502578815
266686493.582475990057	3155114.499282801989	-1175401.795719741611	1474044.226522435667	1.12869782801852470	-2.55285567334837227	-3.11172413635738998
266686493.601250976324	3155088.188945320901	-1175400.163742195582	1474102.955158997793	1.12867749065692058	-2.55285602994401684	-3.11171801767279455
266686493.620025992393	3155061.877631214913	-1175398.531338410918	1474161.683442797745	1.12865738180553032	-2.55285667085997225	-3.11171199187739189
266686493.638800978661	3155035.565383305773	-1175396.898513732478	1474220.411185968667	1.12863819542298405	-2.55285845917103993	-3.11170634112491218
266686493.657575964928	3155009.252215745393	-1175395.265283690533	1474279.138480691938	1.12861900906927959	-2.55286024758140950	-3.11170069039722597
266686493.676350980997	3154982.938045329880	-1175393.631606963463	1474337.865418383386	1.12859982262501468	-2.55286203611007556	-3.11169503966280692
266686493.695125967264	3154956.622960437555	-1175391.997502720449	1474396.591806363314	1.12858063632900496	-2.55286382471905249	-3.11168938898471925
266686493.713900983334	3154930.306887547486	-1175390.362988051958	1474455.317841640208	1.12856145006080455	-2.55286561342404417	-3.11168373832956213
266686493.732675969601	3154903.989904457703	-1175388.728034383385	1474514.043327207910	1.12854318087332306	-2.55286853241095768	-3.11167744774828359
266686493.751450985670	3154877.671944094356	-1175387.092656598892	1474572.768457042985	1.12852495113455831	-2.55287150005185204	-3.11167112973173232
266686493.770225971937	3154851.353062817827	-1175385.456853487296	1474631.493040195433	1.12850672145065012	-2.55287446779691729	-3.11166481177146137
266686493.789000988007	3154825.033185604960	-1175383.820630716858	1474690.217279669363	1.12848849182159849	-2.55287743564615210	-3.11165849386747251
266686493.807775974274	3154798.712419690099	-1175382.183971591527	1474748.940957322251	1.12847026224740743	-2.55288040359955648	-3.11165217601976973
266686493.826550990343	3154772.390646465123	-1175380.546908626100	1474807.664291353198	1.12845076345967765	-2.55288290861064837	-3.11164492250924241
266686493.845325976610	3154746.067967324052	-1175378.909395165043	1474866.387075676816	1.12843028955963831	-2.55288505789400499	-3.11163695006231222
266686493.864100992680	3154719.744307964575	-1175377.271464744350	1474925.109510208480	1.12840981570485832	-2.55288720731896479	-3.11162897765465774
266686493.882875978947	3154693.419722763821	-1175375.633122599684	1474983.831395087065	1.12838934189534079	-2.55288935688552732	-3.11162100528628249
266686493.901650965214	3154667.094199591316	-1175373.994333799696	1475042.552824275801	1.12836886813420767	-2.55289150660355491	-3.11161303296280911
266686493.920425981283	3154640.768327607773	-1175372.354876998113	1475101.273815282388	1.12834803330355093	-2.55289341019426042	-3.11160452812931432
266686493.939200967550	3154614.440902659670	-1175370.715248016408	1475159.994345027721	1.12832638674822983	-2.55289476036757801	-3.11159482618902228
266686493.957975983620	3154588.112480662763	-1175369.075172234792	1475218.714511739556	1.12830474009056836	-2.55289611074103240	-3.11158512421185973
266686493.976750969887	3154561.783151119016	-1175367.434695932316	1475277.434142097831	1.12828309360062118	-2.55289746128220196	-3.11157542231233242
266686493.995525985956	3154535.452851425391	-1175365.793791107601	1475336.153416664572	1.12826144714336918	-2.55289881200729774	-3.11156572043319768
266686494.014300972223	3154509.121630837675	-1175364.152460909449	1475394.872144549852	1.12823980071881635	-2.55290016291631794	-3.11155601857446040
266686494.033075988293	3154482.789394252934	-1175362.510674830293	1475453.590493138647	1.12821717600039628	-2.55290042926616190	-3.11154651234210089
266686494.051850974560	3154456.456289535854	-1175360.868517771829	1475512.308331907960	1.12819445253257822	-2.55290058631519257	-3.11153702583806346
266686494.070625990629	3154430.122188439127	-1175359.225911742076	1475571.025810615160	1.12817172906450036	-2.55290074355345276	-3.11152753931407533
266686494.089400976896	3154403.787151116878	-1175357.582861927804	1475629.742723404896	1.12814900559616493	-2.55290090098094247	-3.11151805277014049
266686494.108175992966	3154377.451150565408	-1175355.939410617808	1475688.459293758497	1.12812628198571518	-2.55290105860630012	-3.11150856615038585
266686494.126950979233	3154351.114235568792	-1175354.295531707583	1475747.175314402673	1.12810380466545057	-2.55290121868634046	-3.11149938666831538
266686494.145725965500	3154324.776349158492	-1175352.651204310358	1475805.890881024534	1.12808156644981894	-2.55290138115324217	-3.11149050548080508
266686494.164500981569	3154298.437499522232	-1175351.006475406932	1475864.606105209561	1.12805932823341593	-2.55290154379426681	-3.11148162427358121
266686494.183275967836	3154272.097744840663	-1175349.361309510656	1475923.320770719089	1.12803709001728603	-2.55290170661270199	-3.11147274304852317
266686494.202050983906	3154245.756960509811	-1175347.715708550764	1475982.035065896809	1.12801485179727345	-2.55290186959540044	-3.11146386179814227
266686494.220825970173	3154219.415318112820	-1175346.069725051755	1476040.748845259193	1.12799310387316032	-2.55290217366790761	-3.11145542676432951
266686494.239600986242	3154193.072662509978	-1175344.423262730939	1476099.462251320947	1.12797278158648506	-2.55290288761172013	-3.11144828923424566
266686494.258375972509	3154166.729092475958	-1175342.776372781489	1476158.175107672345	1.12795245931003851	-2.55290360168549624	-3.11144115170136004
266686494.277150988579	3154140.384550011717	-1175341.129106402630	1476216.887618618319	1.12793213691512317	-2.55290431589483102	-3.11143401412096088
266686494.295925974846	3154114.039734402206	-1175339.481134126894	1476275.599497406511	1.12791181465809798	-2.55290503022524762	-3.11142687658060657
266686494.314700990915	3154087.693278982304	-1175337.832981822547	1476334.311101610307	1.12789149590787963	-2.55290574634964473	-3.11141974208529204
266686494.333475977182	3154061.345901374705	-1175336.184408375993	1476393.022153190337	1.12787318351786636	-2.55290741740180982	-3.11141435645261932
266686494.352250993252	3154034.997553646564	-1175334.535406336421	1476451.732848979998	1.12785487115314398	-2.55290908854473608	-3.11140897084059853
266686494.371025979519	3154008.648294788320	-1175332.886013022857	1476510.443011386553	1.12783655881267331	-2.55291075977513682	-3.11140358524735783
266686494.389800965786	3153982.298078869004	-1175331.236148169264	1476569.152713772375	1.12781824649958029	-2.55291243110287347	-3.11139819967852516
266686494.408575981855	3153955.946863825899	-1175329.585857170634	1476627.862050100928	1.12779993420970071	-2.55291410251479656	-3.11139281412660118
266686494.427350968122	3153929.594775399193	-1175327.935165195493	1476686.570851374650	1.12778097674688960	-2.55291561704501424	-3.11138689075078068
266686494.446125984192	3153903.241690305993	-1175326.284069868037	1476745.279311879538	1.12776160007109016	-2.55291702972000101	-3.11138061797308829
266686494.464900970459	3153876.887659944128	-1175324.632494363934	1476803.987196142320	1.12774222354019305	-2.55291844249182320	-3.11137434524859646
266686494.483675986528	3153850.532673953101	-1175322.980542185251	1476862.694754291559	1.12772284703254888	-2.55291985537379817	-3.11136807253996084
266686494.502450972795	3153824.176771099214	-1175321.328139527934	1476921.401737439679	1.12770347054816078	-2.55292126836592503	-3.11136179984718453
266686494.521225988865	3153797.819865463767	-1175319.675290006213	1476980.108363551088	1.12768360509252119	-2.55292245015235286	-3.11135502762264826
266686494.540000975132	3153771.462090281304	-1175318.022088010330	1477038.814479789929	1.12766273573707032	-2.55292315717319651	-3.11134722982003531
266686494.558775991201	3153745.103301258758	-1175316.368409276707	1477097.520219757454	1.12764186639406683	-2.55292386434210794	-3.11133943201681218
266686494.577550977468	3153718.743594345637	-1175314.714297879254	1477156.225407100981	1.12762099706351604	-2.55292457165908804	-3.11133163421298509
266686494.596325993538	3153692.382902335376	-1175313.059782990953	1477214.930241683265	1.12760012761220674	-2.55292527912640344	-3.11132383635777554
266686494.615100979805	3153666.021299538668	-1175311.404831080465	1477273.634523586603	1.12757925830344430	-2.55292598672966209	-3.11131603854712546
266686494.633875966072	3153639.658731807955	-1175309.749428381212	1477332.338348441524	1.12755686016378265	-2.55292626820958413	-3.11130753932419957
266686494.652650982141	3153613.295214904007	-1175308.093646768481	1477391.041844154242	1.12753435463365692	-2.55292651991614505	-3.11129899081468420
266686494.671425968409	3153586.931405283511	-1175306.437152280007	1477449.744688472943	1.12751184910433899	-2.55292677179284855	-3.11129044228774854
266686494.690200984478	3153560.565962317865	-1175304.780475465581	1477508.447255180217	1.12748934357583419	-2.55292702383969505	-3.11128189374339792
266686494.708975970745	3153534.199632325675	-1175303.123418468283	1477567.149295797106	1.12746683804814829	-2.55292727605668768	-3.11127334518164078
266686494.727750986814	3153507.832287523896	-1175301.465932546649	1477625.850976470858	1.12744459754864979	-2.55292708818225522	-3.11126474705598843
266686494.746525973082	3153481.464042194653	-1175299.807966650929	1477684.552085056668	1.12742247349139912	-2.55292670703474522	-3.11125612712996347
266686494.765300989151	3153455.094818696845	-1175298.149624271085	1477743.252854231279	1.12740034927891930	-2.55292632605438419	-3.11124750711242282
266686494.784075975418	3153428.724658849649	-1175296.490822251886	1477801.953069428215	1.12737822519044650	-2.55292594524060368	-3.11123888710974628
266686494.802850991488	3153402.353556282818	-1175294.831639087526	1477860.652952457312	1.12735610108688977	-2.55292556459533282	-3.11123026706969030
266686494.821625977755	3153375.981511773076	-1175293.172012045514	1477919.352275566198	1.12733414421217937	-2.55292571224819298	-3.11122155515645238
266686494.840400993824	3153349.608483172487	-1175291.511933613336	1477978.051229586126	1.12731258276619561	-2.55292710872329343	-3.11121262611666483
266686494.859175980091	3153323.234552034177	-1175289.851440863218	1478036.749650223181	1.12729102135274983	-2.55292850537127824	-3.11120369709928735
266686494.877950966358	3153296.859669519123	-1175288.190537831280	1478095.447612195974	1.12726945996976324	-2.55292990218557669	-3.11119476810057183
266686494.896725982428	3153270.483765964396	-1175286.529176638462	1478154.145203839056	1.12724789861723940	-2.55293129916618788	-3.11118583912052316
266686494.915500968695	3153244.107005060185	-1175284.867430628277	1478212.842282637721	1.12722640736497581	-2.55293273511818830	-3.11117694970652714
266686494.934275984764	3153217.729226447642	-1175283.205203590682	1478271.538959814236	1.12720658708329502	-2.55293509648939043	-3.11116900332874780
266686494.953050971031	3153191.350525004324	-1175281.542616664898	1478330.235129012261	1.12718676697473441	-2.55293745797447125	-3.11116105704172030
266686494.971825987101	3153164.970877750311	-1175279.879580790177	1478388.930936309276	1.12716694691795416	-2.55293981960262517	-3.11115311080310741
266686494.990600973368	3153138.590301919263	-1175278.216125847772	1478447.626194011187	1.12714712691191732	-2.55294218137056639	-3.11114516461103685
266686495.009375989437	3153112.208720895462	-1175276.552201139508	1478506.321069387021	1.12712730695662611	-2.55294454327829490	-3.11113721846551217
266686495.028150975704	3153085.826260437258	-1175274.887921088142	1478565.015434999019	1.12710785955329706	-2.55294683475486561	-3.11113012885322737
266686495.046925991774	3153059.443435106426	-1175273.222940880805	1478623.709352161502	1.12708861589070919	-2.55294908775651219	-3.11112350763976053
266686495.065700978041	3153033.059060030617	-1175271.557749649277	1478682.402788708685	1.12706937227250359	-2.55295134087959541	-3.11111688646964257
266686495.084475994110	3153006.673678786959	-1175269.892136475537	1478741.095859253779	1.12705012857474873	-2.55295359413291001	-3.11111026529768653
266686495.103250980377	3152980.287413313985	-1175268.226120162988	1478799.788409712724	1.12703088504114213	-2.55295584748572146	-3.11110364420676344
266686495.122025966644	3152953.900173075497	-1175266.559680200880	1478858.480497180950	1.12701159444801124	-2.55295789971518916	-3.11109721630475367
266686495.140800982714	3152927.511980409268	-1175264.892824856332	1478917.172239184147	1.12699215877393799	-2.55295933207168613	-3.11109138352373682
266686495.159575968981	3152901.122852930799	-1175263.225521213841	1478975.863421210786	1.12697272312214825	-2.55296076453172249	-3.11108555075836390
266686495.178350985050	3152874.732755866833	-1175261.557818062138	1479034.554263828089	1.12695328749264512	-2.55296219709529915	-3.11107971800863892
266686495.197125971317	3152848.341736217495	-1175259.889664345887	1479093.244537441991	1.12693385188542949	-2.55296362976241609	-3.11107388527456319
266686495.215900987387	3152821.949723581783	-1175258.221097789938	1479151.934467317536	1.12691441617848165	-2.55296506254651678	-3.11106805252159280
266686495.234675973654	3152795.556816704571	-1175256.552080365131	1479210.623835489387	1.12689376231633531	-2.55296497021429625	-3.11106179997415699
266686495.253450989723	3152769.162916183006	-1175254.882652240572	1479269.312856951728	1.12687310072128488	-2.55296486832852709	-3.11105554473598778
266686495.272225975990	3152742.768107093871	-1175253.212796232197	1479328.001322707161	1.12685243911646849	-2.55296476656007476	-3.11104928947002612
266686495.291000992060	3152716.372297256719	-1175251.542533874745	1479386.689441813855	1.12683177750084429	-2.55296466490565388	-3.11104303417439665
266686495.309775978327	3152689.975590233691	-1175249.871827801690	1479445.377005156362	1.12681111587650218	-2.55296456337183697	-3.11103677885286034
266686495.328550994396	3152663.577894508373	-1175248.200697397813	1479504.064224761212	1.12679048033693485	-2.55296414220012569	-3.11102993836786679
266686495.347325980663	3152637.179295806680	-1175246.529170441208	1479562.750896072015	1.12676985408804420	-2.55296360709836812	-3.11102288912276892
266686495.366100966930	3152610.779718223494	-1175244.857169851894	1479621.437097038142	1.12674922782058484	-2.55296307212709417	-3.11101583983773677
266686495.384875983000	3152584.379183954094	-1175243.184765302110	1479680.122952539008	1.12672860140601738	-2.55296253729054046	-3.11100879047237910
266686495.403650969267	3152557.977722466923	-1175241.511937302537	1479738.808264384978	1.12670797510142817	-2.55296200258023864	-3.11100174110748906
266686495.422425985336	3152531.575934225228	-1175239.838442950742	1479797.493148375070	1.12668686036502530	-2.55296177883928932	-3.11099414241952754
266686495.441200971603	3152505.172572376207	-1175238.164742029738	1479856.177532515256	1.12666480474550124	-2.55296215405487681	-3.11098548556997700
266686495.459975987673	3152478.768216899596	-1175236.490630366839	1479914.861569946399	1.12664274912939666	-2.55296252943584179	-3.11097682870574621
266686495.478750973940	3152452.362986491062	-1175234.816120405216	1479973.545084206155	1.12662069351879968	-2.55296290498875411	-3.11096817183059837
266686495.497525990009	3152425.956744489260	-1175233.141142780427	1480032.228219167562	1.12659863791267334	-2.55296328071033019	-3.11095951494266032
266686495.516300976276	3152399.549629854970	-1175231.465761825209	1480090.910822041798	1.12657654388878559	-2.55296375184691060	-3.11095075261815124
266686495.535075992346	3152373.141485682689	-1175229.789945511846	1480149.593054588418	1.12655400996433963	-2.55296531322813625	-3.11094078358241344
266686495.553850978613	3152346.732430801261	-1175228.113691993523	1480208.274734455626	1.12653147622101368	-2.55296687479165874	-3.11093081463562360
266686495.572625964880	3152320.322436443996	-1175226.437041481724	1480266.955971984658	1.12650894251711842	-2.55296843655173555	-3.11092084571697791
266686495.591400980949	3152293.911451618187	-1175224.759941628901	1480325.636843452230	1.12648640885265916	-2.55296999850836803	-3.11091087682648348
266686495.610175967216	3152267.499573585112	-1175223.082432223950	1480384.317178450990	1.12646387522764124	-2.55297156066155395	-3.11090090796414653
266686495.628950983286	3152241.086686602794	-1175221.404493645765	1480442.997147506103	1.12644217505619304	-2.55297388018185512	-3.11089143527760381
266686495.647725969553	3152214.672907205764	-1175219.726129070856	1480501.676577176433	1.12642090040047771	-2.55297658641652303	-3.11088221593200220
266686495.666500985622	3152188.258137022145	-1175218.047360829543	1480560.355660083937	1.12639962580891018	-2.55297929281699343	-3.11087299664518113
266686495.685275971889	3152161.842452185228	-1175216.368121139938	1480619.034171017120	1.12637835128567154	-2.55298199939640424	-3.11086377742466746
266686495.704050987959	3152135.425783475861	-1175214.688504819525	1480677.712348537985	1.12635707669393614	-2.55298470616643325	-3.11085455820877677
266686495.722825974226	3152109.008210509550	-1175213.008449058980	1480736.389970352873	1.12633650263973273	-2.55298738839864781	-3.11084610515007443
266686495.741600990295	3152082.589625972789	-1175211.327925586840	1480795.067212869413	1.12631686992488422	-2.55299003759055543	-3.11083868173324785
266686495.760375976562	3152056.170155149885	-1175209.647019577445	1480853.743932270212	1.12629723726489495	-2.55299268691255543	-3.11083125836967733
266686495.779150992632	3152029.749707225244	-1175207.965689034434	1480912.420295933262	1.12627760465976889	-2.55299533636464604	-3.11082383505936777
266686495.797925978899	3152003.328969329130	-1175206.283683955437	1480971.096021558857	1.12625797210846068	-2.55299798594354188	-3.11081641180043889
266686495.816700965166	3151976.906645218376	-1175204.601467281347	1481029.771372526651	1.12623832023536297	-2.55300057753599807	-3.11080902285649508
266686495.835475981236	3151950.483322108164	-1175202.918824151857	1481088.446357434150	1.12621811899220781	-2.55300152141331838	-3.11080260517398788
266686495.854250967503	3151924.059087454807	-1175201.235777308000	1481147.120800103527	1.12619791776371825	-2.55300246541127374	-3.11079618749629683
266686495.873025983572	3151897.633883467875	-1175199.552299412433	1481205.794889953220	1.12617771642301445	-2.55300340954020522	-3.11078976978516808
266686495.891800969839	3151871.207784977742	-1175197.868416203884	1481264.468437389936	1.12615751522177776	-2.55300435377286661	-3.11078335211336121
266686495.910575985909	3151844.780691388529	-1175196.184110749280	1481323.141644119984	1.12613731403417017	-2.55300529812288080	-3.11077693444450087
266686495.929350972176	3151818.352673954330	-1175194.499358880799	1481381.814275904791	1.12611744920694523	-2.55300541963961125	-3.11077100721196054
266686495.948125988245	3151791.923680089880	-1175192.814180296846	1481440.486554926727	1.12609768100841290	-2.55300530482004140	-3.11076522086232865
266686495.966900974512	3151765.493764834478	-1175191.128578092903	1481499.158284293022	1.12607791280000891	-2.55300519010508742	-3.11075943448561354
266686495.985675990582	3151739.062862433493	-1175189.442562838085	1481557.829663928133	1.12605814458068787	-2.55300507549146571	-3.11075364807993360
266686496.004450976849	3151712.631045404822	-1175187.756076073973	1481616.500471588224	1.12603837635358728	-2.55300496098902974	-3.11074786165093897
266686496.023225992918	3151686.198237622622	-1175186.069185563130	1481675.170932483161	1.12601840517940444	-2.55300493659948380	-3.11074183452270603
266686496.042000979185	3151659.764538960997	-1175184.381880394882	1481733.840847997461	1.12599810151538149	-2.55300505993151194	-3.11073541276751309
266686496.060775965452	3151633.329896404874	-1175182.694173892261	1481792.510333113605	1.12597779784704866	-2.55300518338156968	-3.11072899099168509
266686496.079550981522	3151606.894241646864	-1175181.006001753034	1481851.179435958620	1.12595749417440905	-2.55300530694965833	-3.11072256919522561
266686496.098325967789	3151580.457713512238	-1175179.317442607600	1481909.848009634065	1.12593719049746355	-2.55300543063577745	-3.11071614737813817
266686496.117100983858	3151554.020199226215	-1175177.628422551090	1481968.516217250144	1.12591688681726065	-2.55300555444321242	-3.11070972554230796
266686496.135875970125	3151527.581731073558	-1175175.938976311823	1482027.183862027945	1.12589598710645244	-2.55300615962114597	-3.11070228788218062
266686496.154650986195	3151501.142284396105	-1175174.249124046182	1482085.851151019335	1.12587507530870434	-2.55300677469616266	-3.11069482960212218
266686496.173425972462	3151474.702592728194	-1175172.558581006713	1482144.517840501154	1.12585416352359591	-2.55300738992364096	-3.11068737132390050
266686496.192200988531	3151448.261265228037	-1175170.867893847171	1482203.184234432643	1.12583325161346570	-2.55300800529213090	-3.11067991299136049
266686496.210975974798	3151421.819022151642	-1175169.176735857967	1482261.850071241846	1.12581233984319651	-2.55300862079169910	-3.11067245469800158
266686496.229750990868	3151395.375808250625	-1175167.485182443168	1482320.515562701505	1.12579125522530621	-2.55301031348153629	-3.11066394124254453
266686496.248525977135	3151368.931645426434	-1175165.793189212913	1482379.180494297994	1.12577010607551875	-2.55301240869788293	-3.11065503363807494
266686496.267300993204	3151342.486526847351	-1175164.100758293644	1482437.845069987699	1.12574895697485866	-2.55301450408020036	-3.11064612607594126
266686496.286075979471	3151316.040520701557	-1175162.407949034823	1482496.509116622852	1.12572780792332905	-2.55301659962848770	-3.11063721855614794
266686496.304850965738	3151289.593513319269	-1175160.714651903603	1482555.172673731111	1.12570665892093391	-2.55301869534274450	-3.11062831107870030
266686496.323625981808	3151263.145564663224	-1175159.020969016477	1482613.835904608946	1.12568557800595226	-2.55302060763748218	-3.11061916950801143
266686496.342400968075	3151236.696679973044	-1175157.326841894537	1482672.498569571879	1.12566457377036011	-2.55302231331836138	-3.11060976424792646
266686496.361175984144	3151210.246821518056	-1175155.632326484192	1482731.160895125009	1.12564356944371058	-2.55302401918776800	-3.11060035896160825
266686496.379950970411	3151183.796045514755	-1175153.937346659368	1482789.822654645192	1.12562256528997029	-2.55302572521535431	-3.11059095376351546
266686496.398725986481	3151157.344278913923	-1175152.241948728450	1482848.484061514726	1.12560156117716259	-2.55302743141629307	-3.11058154859642677
266686496.417500972748	3151130.891612730455	-1175150.546143288957	1482907.144934944343	1.12558050278280275	-2.55302908874856138	-3.11057219619978831
266686496.436275988817	3151104.437946596649	-1175148.849869883154	1482965.805417078082	1.12555872997712703	-2.55303010125694518	-3.11056353744327074
266686496.455050975084	3151077.983368002810	-1175147.153193362989	1483024.465371824102	1.12553695719233859	-2.55303111393185800	-3.11055487869461444
266686496.473825991154	3151051.527814525645	-1175145.456101432443	1483083.124967810931	1.12551518429158026	-2.55303212678407165	-3.11054621990133695
266686496.492600977421	3151025.071374484338	-1175143.758583289105	1483141.784018414095	1.12549341154962379	-2.55303313979532431	-3.11053756117030122
266686496.511375993490	3150998.613906438462	-1175142.060610996792	1483200.442698746454	1.12547163882751944	-2.55303415296982195	-3.11052890244525715
266686496.530150979757	3150972.155567022972	-1175140.362292268313	1483259.100860288600	1.12545055060657484	-2.55303397890741612	-3.11052064797533312
266686496.548925966024	3150945.696901714429	-1175138.663221409777	1483317.758457041578	1.12542961834472521	-2.55303353443229808	-3.11051248558908799
266686496.567700982094	3150919.236590303015	-1175136.963972158264	1483376.415782237425	1.12540868606705624	-2.55303309010869217	-3.11050432316555492
266686496.586475968361	3150892.775393178686	-1175135.264310235623	1483435.072553081671	1.12538775377461997	-2.55303264593988333	-3.11049616070662482
266686496.605250984430	3150866.313198903110	-1175133.564246648457	1483493.728980190586	1.12536682146427891	-2.55303220191602165	-3.11048799820664712
266686496.624025970697	3150839.850106891245	-1175131.863741241395	1483552.384848564630	1.12534603744256190	-2.55303209264842268	-3.11048055184220784
266686496.642800986767	3150813.386026286520	-1175130.162811231101	1483611.040373200085	1.12532547365127611	-2.55303248070029598	-3.11047416957182676
266686496.661575973034	3150786.921029464342	-1175128.461459561950	1483669.695339216385	1.12530490998938415	-2.55303286886099956	-3.11046778732426343
266686496.680350989103	3150760.455043390859	-1175126.759685430443	1483728.349958522944	1.12528434632875562	-2.55303325714062401	-3.11046140506337832
266686496.699125975370	3150733.988144128583	-1175125.057465343736	1483787.004005743423	1.12526378266834337	-2.55303364553588574	-3.11045502278728714
266686496.717900991440	3150707.520285926759	-1175123.354863164481	1483845.657723935088	1.12524334265261228	-2.55303403253653904	-3.11044875987633285
266686496.736675977707	3150681.051491923165	-1175121.651785268914	1483904.310862799641	1.12522352934876091	-2.55303441195838676	-3.11044310204095042
266686496.755450993776	3150654.581715575885	-1175119.948311946820	1483962.963668309385	1.12520371604501435	-2.55303479148303536	-3.11043744419196866
266686496.774225980043	3150628.111027498730	-1175118.244374075439	1484021.615901785903	1.12518390274242286	-2.55303517111376932	-3.11043178633127759
266686496.793000966311	3150601.639403532259	-1175116.540043930057	1484080.267695839982	1.12516408943889301	-2.55303555084402189	-3.11042612845510780
266686496.811775982380	3150575.166781434324	-1175114.835270694690	1484138.919120921055	1.12514427601210354	-2.55303593068711443	-3.11042047053380255
266686496.830550968647	3150548.693253346719	-1175113.130092069739	1484197.570015587145	1.12512411411798396	-2.55303768662624320	-3.11041343510740065
266686496.849325984716	3150522.218733575661	-1175111.424468141282	1484256.220538249705	1.12510384603137847	-2.55303986202930266	-3.11040597991932444
266686496.868100970984	3150495.743301091716	-1175109.718427474843	1484314.870505208615	1.12508357798841985	-2.55304203756400971	-3.11039852476991285
266686496.886875987053	3150469.266903438140	-1175108.011975489790	1484373.520132757723	1.12506330999120729	-2.55304421323693065	-3.11039106966294243
266686496.905650973320	3150442.789588281885	-1175106.305058983155	1484432.169194271788	1.12504304203974392	-2.55304638904806502	-3.11038361459841672
266686496.924425989389	3150416.311939095147	-1175104.597525915364	1484490.817847283324	1.12502254114348332	-2.55304843940887016	-3.11037576710036179
266686496.943200975657	3150389.832694448996	-1175102.889754003379	1484549.465996172978	1.12500181679297961	-2.55305036945604868	-3.11036754315542252
266686496.961975991726	3150363.352499028202	-1175101.181577754440	1484608.113793597557	1.12498109235547572	-2.55305229967413938	-3.11035931919800701
266686496.980750977993	3150336.871410976630	-1175099.473020934965	1484666.761070935754	1.12496036808928190	-2.55305423002338250	-3.11035109532379073
266686496.999525994062	3150310.389291010331	-1175097.763975646580	1484725.407958705677	1.12493964386524814	-2.55305616052365636	-3.11034287148494260
266686497.018300980330	3150283.906277294271	-1175096.054522673599	1484784.054307036102	1.12491889922188371	-2.55305804102902512	-3.11033458203399160
266686497.037075966597	3150257.422323097941	-1175094.344645306468	1484842.700193672441	1.12489799883435548	-2.55305953991051959	-3.11032579281127131
266686497.055850982666	3150230.937381184194	-1175092.634356812574	1484901.345727606444	1.12487709847932660	-2.55306103895071734	-3.11031700360999475
266686497.074625968933	3150204.451532960404	-1175090.923619356006	1484959.990708860802	1.12485619815994475	-2.55306253815946604	-3.11030821443582761
266686497.093400985003	3150177.964699853677	-1175089.212477869121	1485018.635337350657	1.12483529787202574	-2.55306403752363797	-3.11029942528123104
266686497.112175971270	3150151.476950385142	-1175087.500898927450	1485077.279419160448	1.12481439761871371	-2.55306553705307770	-3.11029063615186629
266686497.130950987339	3150124.988216158468	-1175085.788901678286	1485135.923142323503	1.12479263801181517	-2.55306620453762045	-3.11028217095764692
266686497.149725973606	3150098.498574184719	-1175084.076474019559	1485194.566312747775	1.12477050251070576	-2.55306650796707801	-3.11027384757925818
266686497.168500989676	3150072.007948115468	-1175082.363625897793	1485253.209127497394	1.12474836701156811	-2.55306681155983517	-3.11026552418534941
266686497.187275975943	3150045.516407858115	-1175080.650349562056	1485311.851392538287	1.12472623151440665	-2.55306711531589414	-3.11025720077592771
266686497.206050992012	3150019.023873658385	-1175078.936632865341	1485370.493294486543	1.12470409601818044	-2.55306741923197356	-3.11024887734911237
266686497.224825978279	3149992.530441568233	-1175077.222505634418	1485429.134651113534	1.12468195173551555	-2.55306759107405901	-3.11024079227487871
266686497.243600994349	3149966.036032494158	-1175075.507953573484	1485487.775652007665	1.12465979707819885	-2.55306760704129099	-3.11023298842766938
266686497.262375980616	3149939.540712853428	-1175073.792963971850	1485546.416100221919	1.12463764241583908	-2.55306762316584379	-3.11022518455713382
266686497.281150966883	3149913.044417971279	-1175072.077552406816	1485605.056082473136	1.12461548774529740	-2.55306763943787329	-3.11021738065761522
266686497.299925982952	3149886.547164392658	-1175070.361727237934	1485663.695722289616	1.12459333293148500	-2.55306765587495166	-3.11020957668961451
266686497.318700969219	3149860.049653491937	-1175068.645229824120	1485722.334737246158	1.12457162713660530	-2.55306794815297344	-3.11020202584951511
266686497.337475985289	3149833.550472981296	-1175066.928512669634	1485780.973442111630	1.12455169224975249	-2.55306932820201338	-3.11019547354095227
266686497.356250971556	3149807.050407635048	-1175065.211408368079	1485839.611629803665	1.12453175738641109	-2.55307070836905714	-3.11018892124798008
266686497.375025987625	3149780.549345708918	-1175063.493872267194	1485898.249442524510	1.12451182254553528	-2.55307208865082425	-3.11018236896871336
266686497.393800973892	3149754.047402229626	-1175061.775896175765	1485956.886712830747	1.12449188773132214	-2.55307346906044197	-3.11017581671070831
266686497.412575989962	3149727.544438447803	-1175060.057520615403	1486015.523623136804	1.12447195293643443	-2.55307484957493713	-3.11016926446075148
266686497.431350976229	3149701.040597384796	-1175058.338693602709	1486074.159991031513	1.12445256510341540	-2.55307649955166793	-3.11016297022484922
266686497.450125992298	3149674.535745420959	-1175056.619457745692	1486132.795989953680	1.12443330578590706	-2.55307821297911719	-3.11015673663694470
266686497.468900978565	3149648.029990010429	-1175054.899779956089	1486191.431436136831	1.12441404661871314	-2.55307992650027993	-3.11015050311012509
266686497.487675964832	3149621.523295940366	-1175053.179702640744	1486250.066442953888	1.12439478748093791	-2.55308164013037464	-3.11014426960731027
266686497.506450980902	3149595.015590450261	-1175051.459157246863	1486308.701070472598	1.12437552837258359	-2.55308335386940133	-3.11013803612850293
266686497.525225967169	3149568.507011041045	-1175049.738226709887	1486367.335165847559	1.12435682913149027	-2.55308555295450601	-3.11013129989660708
266686497.544000983238	3149541.997423504479	-1175048.016864446457	1486425.968898249324	1.12433858332691017	-2.55308814512634408	-3.11012415652586816
266686497.562775969505	3149515.486936142202	-1175046.295050925808	1486484.602074943017	1.12432033757543648	-2.55309073742136095	-3.11011701320751888
266686497.581550985575	3149488.975460448768	-1175044.572828310775	1486543.234895957401	1.12430209187392771	-2.55309332982971160	-3.11010986993589800
266686497.600325971842	3149462.463071260136	-1175042.850175254513	1486601.867170236073	1.12428384622343103	-2.55309592235467564	-3.11010272671289423
266686497.619100987911	3149435.949699521996	-1175041.127113044960	1486660.499082840513	1.12426522665548667	-2.55309843395814706	-3.11009541006586288
266686497.637875974178	3149409.435411465820	-1175039.403613277478	1486719.130448763724	1.12424428016266020	-2.55310044112140622	-3.11008701397556342
266686497.656650990248	3149382.920138235204	-1175037.679665840697	1486777.761439655907	1.12422333371464589	-2.55310244844030931	-3.11007861792355822
266686497.675425976515	3149356.403958421666	-1175035.955314995022	1486836.391897165682	1.12420238731144595	-2.55310445591485413	-3.11007022190985083
266686497.694200992584	3149329.887451419607	-1175034.230299586430	1486895.021923848195	1.12418144095306394	-2.55310646354504200	-3.11006182593444613
266686497.712975978851	3149303.369379194919	-1175032.505099795759	1486953.651469971752	1.12416049463950474	-2.55310847133087160	-3.11005342999735035
266686497.731750965118	3149276.850361425430	-1175030.779473380418	1487012.280563375447	1.12413965330199117	-2.55310966687805330	-3.11004532123541644
266686497.750525981188	3149250.330353371333	-1175029.053397181444	1487070.909290718613	1.12411882362553905	-2.55311077147955556	-3.11003724464041875
266686497.769300967455	3149223.809436757583	-1175027.326923998771	1487129.537475764751	1.12409799410059152	-2.55311187621575231	-3.11002916810234398
266686497.788075983524	3149197.287525583990	-1175025.600012486335	1487188.165294752689	1.12407716459628571	-2.55311298109799667	-3.11002109157241380
266686497.806850969791	3149170.764723674860	-1175023.872685973067	1487246.792568359990	1.12405633511472214	-2.55311408613285051	-3.11001301505441186
266686497.825625985861	3149144.240931485314	-1175022.144909662893	1487305.419475907227	1.12403470138109451	-2.55311473088580554	-3.11000427822077574
266686497.844400972128	3149117.716231406201	-1175020.416734202998	1487364.045844126493	1.12401227684952554	-2.55311492309491905	-3.10999489210913138
266686497.863175988197	3149091.190528164618	-1175018.688113345997	1487422.671852342784	1.12398985231869686	-2.55311511548900416	-3.10998550597903778
266686497.881950974464	3149064.663942140527	-1175016.959086673800	1487481.297306152526	1.12396742778861425	-2.55311530806806264	-3.10997611983050071
266686497.900725990534	3149038.136349346954	-1175015.229623899097	1487539.922402926255	1.12394500311828871	-2.55311550083765892	-3.10996673360643117
266686497.919500976801	3149011.607862997800	-1175013.499738999177	1487598.546954377554	1.12392289337649975	-2.55311575080319786	-3.10995754663847945
266686497.938275992870	3148985.078382764477	-1175011.769413584145	1487657.171142737847	1.12390174235555840	-2.55311617457580864	-3.10994896639015872
266686497.957050979137	3148958.547982149292	-1175010.038677704753	1487715.794772477588	1.12388059133960683	-2.55311659850551775	-3.10994038612950785
266686497.975825965405	3148932.016643053386	-1175008.307480837218	1487774.417955495883	1.12385944033284524	-2.55311702260544804	-3.10993180586409235
266686497.994600981474	3148905.484320837073	-1175006.575906848302	1487833.040767813101	1.12383828932793239	-2.55311744685263609	-3.10992322558068546
266686498.013375967741	3148878.951094835065	-1175004.843906524824	1487891.663052743766	1.12381713833116947	-2.55311787126676570	-3.10991464529063499
266686498.032150983810	3148852.416882846039	-1175003.111444904236	1487950.284971613204	1.12379655296059378	-2.55311887449100272	-3.10990698094319429
266686498.050925970078	3148825.881756923161	-1175001.378570599481	1488008.906328835757	1.12377607048225059	-2.55311998309445265	-3.10989948319382625
266686498.069700986147	3148799.346284061670	-1174999.645009028260	1488067.527247932972	1.12375558789649466	-2.55312109184969183	-3.10989198541054623
266686498.088475972414	3148772.809267774224	-1174997.911279179389	1488126.147702680901	1.12373510545855515	-2.55312220072740148	-3.10988448767978731
266686498.107250988483	3148746.271266810130	-1174996.177130822791	1488184.767798782792	1.12371462304082170	-2.55312330974224011	-3.10987698995833828
266686498.126025974751	3148719.732339695096	-1174994.442572021391	1488243.387342262315	1.12369449516652020	-2.55312475200704103	-3.10986977601675596
266686498.144800990820	3148693.192453493830	-1174992.707570195431	1488302.006526922807	1.12367480901463068	-2.55312660941971625	-3.10986291564407313
266686498.163575977087	3148666.651632534340	-1174990.972150865709	1488360.625165017089	1.12365512289766389	-2.55312846695386364	-3.10985605530094800
266686498.182350993156	3148640.109840651043	-1174989.236275060335	1488419.243427968817	1.12363543681562295	-2.55313032460948452	-3.10984919498738455
266686498.201125979424	3148613.567135126330	-1174987.500000090338	1488477.861157593550	1.12361575076851050	-2.55313218238657846	-3.10984233470338678
266686498.219900965691	3148587.023475673515	-1174985.763307040790	1488536.478428609436	1.12359614012691811	-2.55313405305059948	-3.10983549231665179
266686498.238675981760	3148560.478847744875	-1174984.026180310640	1488595.095349778421	1.12357683374236794	-2.55313597539974557	-3.10982872207030425
266686498.257450968027	3148533.933296169154	-1174982.288606698625	1488653.711696001701	1.12355752751378946	-2.55313789784673695	-3.10982195189342470
266686498.276225984097	3148507.386768819299	-1174980.550635145046	1488712.327705841744	1.12353822132104186	-2.55313982041139909	-3.10981518174742400
266686498.295000970364	3148480.839319148567	-1174978.812212405261	1488770.943146677688	1.12351891516412650	-2.55314174309373110	-3.10980841163230437
266686498.313775986433	3148454.290902975015	-1174977.073396621039	1488829.558248048881	1.12349960904199486	-2.55314366589045250	-3.10980164154617711
266686498.332550972700	3148427.741551261861	-1174975.334090533666	1488888.172764204210	1.12348001959804478	-2.55314494434838668	-3.10979498584142577
266686498.351325988770	3148401.191221671179	-1174973.594407197554	1488946.786940951366	1.12346041250066708	-2.55314618272373162	-3.10978833727670789
266686498.370100975037	3148374.640023163054	-1174971.854324953398	1489005.400588527787	1.12344080542504710	-2.55314742121995186	-3.10978168872560978
266686498.388875991106	3148348.087799766101	-1174970.113780999789	1489064.013859889470	1.12342119824808284	-2.55314865984925143	-3.10977504014842188
266686498.407650977373	3148321.534687852021	-1174968.372831180226	1489122.626582840458	1.12340159121388439	-2.55314989858066488	-3.10976839162078855
266686498.426425993443	3148294.980558153708	-1174966.631415294716	1489181.238929521525	1.12338066528734126	-2.55315078441836496	-3.10976069273696432
266686498.445200979710	3148268.426185254008	-1174964.889349689241	1489239.850664639380	1.12335863999997621	-2.55315137616110865	-3.10975211832253429
266686498.463975965977	3148241.870215781964	-1174963.147101207636	1489298.462016184116	1.12333661472248592	-2.55315196807088540	-3.10974354390225738
266686498.482750982046	3148215.313278497197	-1174961.404463945655	1489357.073022325058	1.12331458945382145	-2.55315256014441250	-3.10973496947424533
266686498.501525968313	3148188.755407469813	-1174959.661361304345	1489415.683465574170	1.12329256419713985	-2.55315315239153273	-3.10972639504418247
266686498.520300984383	3148162.196557660121	-1174957.917822872987	1489474.293536649784	1.12327045624504951	-2.55315370954763798	-3.10971757636855006
266686498.539075970650	3148135.636818957049	-1174956.173894255655	1489532.903084667632	1.12324814221326230	-2.55315417904165898	-3.10970814907078985
266686498.557850986719	3148109.076081608888	-1174954.429524337640	1489591.512260741787	1.12322582805055404	-2.55315464873109743	-3.10969872170848305
266686498.576625972986	3148082.514435968827	-1174952.684725875966	1489650.120881108800	1.12320351403540730	-2.55315511859475475	-3.10968929439255870
266686498.595400989056	3148055.951793672517	-1174950.939479659777	1489708.729138441849	1.12318120002858945	-2.55315558864323178	-3.10967986706756161
266686498.614175975323	3148029.388249326963	-1174949.193834091071	1489767.336850451538	1.12315888603010361	-2.55315605887652719	-3.10967043973349755
266686498.632950991392	3148002.823710495606	-1174947.447750012623	1489825.944196402095	1.12313698848049004	-2.55315722057529415	-3.10966083895008527
266686498.651725977659	3147976.258303554729	-1174945.701250559883	1489884.551010264317	1.12311515113228833	-2.55315848234836817	-3.10965121312889003
266686498.670500993729	3147949.691855972633	-1174943.954330856679	1489943.157453856664	1.12309331380999966	-2.55315974429267323	-3.10964158731756468
266686498.689275979996	3147923.124518712051	-1174942.206948177656	1490001.763335743221	1.12307147652098704	-2.55316100643116739	-3.10963196152936883
266686498.708050966263	3147896.556264845654	-1174940.459197618999	1490060.368782531936	1.12304963926105161	-2.55316226875073227	-3.10962233575673563
266686498.726825982332	3147869.987000329420	-1174938.710976579459	1490118.973852991126	1.12302903058885839	-2.55316375269212870	-3.10961365453473748
266686498.745600968599	3147843.416820430197	-1174936.962331315968	1490177.578367801616	1.12300912952331311	-2.55316536425555896	-3.10960551725369294
266686498.764375984669	3147816.845677679405	-1174935.213283607271	1490236.182540174108	1.12298922849166871	-2.55316697596255837	-3.10959737999777053
266686498.783150970936	3147790.273613772355	-1174933.463811716065	1490294.786162892822	1.12296932749393052	-2.55316858781312650	-3.10958924276697557
266686498.801925987005	3147763.700554728974	-1174931.713903428987	1490353.389416583581	1.12294942652904739	-2.55317019980398419	-3.10958110555941625
266686498.820700973272	3147737.127245743293	-1174929.963304057717	1490411.992039471399	1.12292948437452944	-2.55317193094610406	-3.10957307101607539
266686498.839475989342	3147710.552298750728	-1174928.212534918217	1490470.594381775707	1.12290940831898522	-2.55317404885418053	-3.10956536996208133
266686498.858250975609	3147683.976438553073	-1174926.461350779748	1490529.196165404283	1.12288933230662691	-2.55317616689668903	-3.10955766894540675
266686498.877025991678	3147657.399601326324	-1174924.709725782042	1490587.797605238156	1.12286925621453326	-2.55317828510125278	-3.10954996792534732
266686498.895800977945	3147630.821861411445	-1174922.957703521708	1490646.398496776354	1.12284918029171132	-2.55318040342246322	-3.10954226698900715
266686498.914575994015	3147604.243137090933	-1174921.205231186934	1490704.999016255373	1.12282910441313710	-2.55318252188138306	-3.10953456609189294
266686498.933350980282	3147577.663490299601	-1174919.452338938368	1490763.598980142502	1.12280947465115943	-2.55318358867881834	-3.10952835914743764
266686498.952125966549	3147551.082905832678	-1174917.699013318634	1490822.198494221782	1.12278985509333573	-2.55318463156272646	-3.10952218633104271
266686498.970900982618	3147524.501330320258	-1174915.945271212375	1490880.797652679496	1.12277023555070521	-2.55318567455671053	-3.10951601352019180
266686498.989675968885	3147497.918846548069	-1174914.191100482130	1490939.396255431231	1.12275061602326831	-2.55318671766077010	-3.10950984071488801
266686499.008450984955	3147471.335385941900	-1174912.436504558194	1490997.994502448477	1.12273099638890095	-2.55318776088914623	-3.10950366788034271
266686499.027225971222	3147444.751005042344	-1174910.681497948710	1491056.592190843308	1.12271115808502486	-2.55318837279689248	-3.10949725650755449
266686499.046000987291	3147418.165638238192	-1174908.926029843977	1491115.189513181103	1.12269116434022287	-2.55318867833793783	-3.10949067563500670
266686499.064775973558	3147391.579356740694	-1174907.170135298744	1491173.786282839021	1.12267117059557986	-2.55318898399785432	-3.10948409474758414
266686499.083550989628	3147364.992119522765	-1174905.413833895698	1491232.382710002130	1.12265117685109850	-2.55318928977664195	-3.10947751384529036
266686499.102325975895	3147338.403973855544	-1174903.657135240966	1491290.978594866814	1.12263118310678145	-2.55318959567430293	-3.10947093292812848
266686499.121100991964	3147311.814816246275	-1174901.899970325409	1491349.574097463163	1.12261089588607943	-2.55318984453713327	-3.10946406116812923
266686499.139875978231	3147285.224750391673	-1174900.142376752570	1491408.169044352137	1.12258931502942882	-2.55318984160975804	-3.10945590742956979
266686499.158650994301	3147258.633704763837	-1174898.384365107631	1491466.763641446596	1.12256773403156140	-2.55318983884291129	-3.10944775361706593
266686499.177425980568	3147232.041773245670	-1174896.625955999596	1491525.357709540986	1.12254615316479800	-2.55318983623123463	-3.10943959983104667
266686499.196200966835	3147205.449501305819	-1174894.866835147841	1491583.951203933917	1.12252457229035363	-2.55318983376920983	-3.10943144601656574
266686499.214975982904	3147178.855613939930	-1174893.107544230996	1491642.544431038899	1.12250299141138887	-2.55318983146667611	-3.10942329217931634
266686499.233750969172	3147152.260836615693	-1174891.347835891414	1491701.137115733931	1.12248115279119087	-2.55319062245848816	-3.10941445293692142
266686499.252525985241	3147125.665061042178	-1174889.587729610968	1491759.729450750630	1.12245929559275970	-2.55319147082976716	-3.10940556425061487
266686499.271300971508	3147099.068379726261	-1174887.827158245258	1491818.321207737317	1.12243743841263521	-2.55319231937569624	-3.10939667556913024
266686499.290075987577	3147072.470708714798	-1174886.066166030476	1491876.912615043577	1.12241558124977070	-2.55319316809299801	-3.10938778689057838
266686499.308850973845	3147045.872133746278	-1174884.304733679164	1491935.503466644790	1.12239372410522131	-2.55319401698495030	-3.10937889821686042
266686499.327625989914	3147019.272570589557	-1174882.542891869554	1491994.093962568557	1.12237203349738213	-2.55319505650180201	-3.10936934137747834
266686499.346400976181	3146992.672105648555	-1174880.780619158875	1492052.683899755822	1.12235042363052262	-2.55319618826999628	-3.10935946156715604
266686499.365175992250	3146966.070652522612	-1174879.017936981749	1492111.273481265875	1.12232881378997984	-2.55319732022181434	-3.10934958176855503
266686499.383950978518	3146939.468282561749	-1174877.254819055554	1492169.862513125176	1.12230720397786143	-2.55319845236381182	-3.10933970198547227
266686499.402725964785	3146912.864983695559	-1174875.491260461276	1492228.451083235675	1.12228559419417540	-2.55319958469599007	-3.10932982221791621
266686499.421500980854	3146886.260686592199	-1174873.727303891443	1492287.039303669473	1.12226414619787063	-2.55320104596177888	-3.10932011497283645
266686499.440275967121	3146859.655478440225	-1174871.962911507115	1492345.626968452241	1.12224311989521652	-2.55320336433127748	-3.10931085743552726
266686499.459050983191	3146833.049279484898	-1174870.198071138700	1492404.214264205191	1.12222209364875125	-2.55320568287186278	-3.10930159994823807
266686499.477825969458	3146806.442200986203	-1174868.432845294941	1492462.801033811877	1.12220106745847881	-2.55320800158353522	-3.10929234251097464
266686499.496600985527	3146779.834108131938	-1174866.667130307294	1492521.387395858066	1.12218004119334536	-2.55321032048863072	-3.10928308506936890
266686499.515375971794	3146753.225109966937	-1174864.901038645767	1492579.973243870540	1.12215904945991563	-2.55321262237072100	-3.10927386413199525
266686499.534150987864	3146726.615142961033	-1174863.134530872572	1492638.558727119816	1.12213957065311298	-2.55321416797914935	-3.10926624665318041
266686499.552925974131	3146700.004265574273	-1174861.367585119093	1492697.143657692708	1.12212009187789219	-2.55321571372308576	-3.10925862919832641
266686499.571700990200	3146673.393040740862	-1174859.599954007892	1492755.728147169109	1.12210061313320608	-2.55321725959925372	-3.10925101176554275
266686499.590475976467	3146646.780281971674	-1174857.832144899992	1492814.312163328053	1.12208113442011159	-2.55321880561093106	-3.10924339435673014
266686499.609250992537	3146620.166489867959	-1174856.063896728447	1492872.895803274820	1.12206165573545036	-2.55322035174828388	-3.10923577696619979
266686499.628025978804	3146593.551814281382	-1174854.295228853123	1492931.478897781810	1.12204137903412748	-2.55322153895554349	-3.10922846379001383
266686499.646800965071	3146566.936213097535	-1174852.526156611973	1492990.061546865851	1.12202058060402221	-2.55322249154591141	-3.10922134949474938
266686499.665575981140	3146540.319615348242	-1174850.756636395585	1493048.643832916161	1.12199978205984063	-2.55322344428275683	-3.10921423516277473
266686499.684350967407	3146513.702101632487	-1174848.986693914048	1493107.225560347084	1.12197898366080517	-2.55322439713875360	-3.10920712087562112
266686499.703125983477	3146487.083614425734	-1174847.216362446779	1493165.806948368205	1.12195818527625590	-2.55322535012428764	-3.10920000659063112
266686499.721900969744	3146460.464212909807	-1174845.445558758685	1493224.387764411513	1.12193758923937148	-2.55322609136614309	-3.10919312424646943
266686499.740675985813	3146433.843812061474	-1174843.674329925096	1493282.968211427564	1.12191734207956895	-2.55322646737924597	-3.10918664180783422
266686499.759450972080	3146407.222539576702	-1174841.902694819495	1493341.548129328759	1.12189709492324807	-2.55322684351769968	-3.10918015935977765
266686499.778225988150	3146380.600239556748	-1174840.130620554322	1493400.127665015403	1.12187684776619934	-2.55322721976839606	-3.10917367689471247
266686499.797000974417	3146353.977064290084	-1174838.358149309643	1493458.706674559973	1.12185660061158288	-2.55322759614116679	-3.10916719441833456
266686499.815775990486	3146327.352883583866	-1174836.585209455574	1493517.285298806615	1.12183635333223997	-2.55322797264273937	-3.10916071189199927
266686499.834550976753	3146300.727809152566	-1174834.811892758356	1493575.863397024339	1.12181557138259391	-2.55322832693394064	-3.10915361909650123
266686499.853325992823	3146274.101763280109	-1174833.038121390389	1493634.441117125796	1.12179477518703585	-2.55322868076306753	-3.10914651002831599
266686499.872100979090	3146247.474771617446	-1174831.263916571857	1493693.018277308438	1.12177397899217368	-2.55322903472163310	-3.10913940094447172
266686499.890875965357	3146220.846855821088	-1174829.489288794808	1493751.594992125174	1.12175318280117242	-2.55322938881946992	-3.10913229185066875
266686499.909650981426	3146194.217963265721	-1174827.714235638734	1493810.171351203695	1.12173238661192931	-2.55322974305002504	-3.10912518274311500
266686499.928425967693	3146167.588143588509	-1174825.938744566869	1493868.747138311388	1.12171145715358200	-2.55323045304669405	-3.10911751184171958
266686499.947200983763	3146140.957976178732	-1174824.162613721797	1493927.322503617732	1.12169047476066597	-2.55323130447003122	-3.10910961775214156
266686499.965975970030	3146114.326289186720	-1174822.386281847488	1493985.897389607970	1.12166949238599889	-2.55323215605057774	-3.10910172367029736
266686499.984750986099	3146087.693608939648	-1174820.609538282035	1494044.471928891726	1.12164850989459053	-2.55323300778824347	-3.10909382954288471
266686500.003525972366	3146061.060005194042	-1174818.832347485004	1494103.045893230708	1.12162752754905348	-2.55323385966026795	-3.10908593546323120
266686500.022300988436	3146034.425418253057	-1174817.054733490106	1494161.619504862465	1.12160668424446230	-2.55323511296349670	-3.10907770059148714
266686500.041075974703	3146007.789915379602	-1174815.276697155787	1494220.192557872040	1.12158613527007311	-2.55323721586920582	-3.10906874434857450
266686500.059850990772	3145981.153453250416	-1174813.498263063608	1494278.765271359589	1.12156558634378989	-2.55323931893373546	-3.10905978814582795
266686500.078625977039	3145954.516055732500	-1174811.719338333467	1494337.337399631040	1.12154503746877987	-2.55324142216691730	-3.10905083198895049
266686500.097400993109	3145927.877700926270	-1174809.940056478372	1494395.909198761219	1.12152448864082954	-2.55324352555564271	-3.10904187587035041
266686500.116175979376	3145901.238407118712	-1174808.160293279216	1494454.480415649945	1.12150393986310526	-2.55324562910974073	-3.10903291979572893
266686500.134950965643	3145874.598208656069	-1174806.380175365368	1494513.051213764353	1.12148244626595606	-2.55324858290297918	-3.10902365914776091
266686500.153725981712	3145847.956984544173	-1174804.599536872935	1494571.621602900792	1.12146086959956381	-2.55325161157994751	-3.10901437175643558
266686500.172500967979	3145821.314880736172	-1174802.818544171518	1494630.191479305737	1.12143929314301083	-2.55325464040626260	-3.10900508449332591
266686500.191275984049	3145794.671779082157	-1174801.037107685814	1494688.760986736743	1.12141771676175273	-2.55325766940876431	-3.10899579730388220
266686500.210050970316	3145768.027763036080	-1174799.255213132361	1494747.329928077757	1.12139614045579350	-2.55326069858745131	-3.10898651018810934
266686500.228825986385	3145741.382770895958	-1174797.472938074032	1494805.898518124362	1.12137463357266354	-2.55326268075027230	-3.10897755206941850
266686500.247600972652	3145714.736893816385	-1174795.690231804736	1494864.466568732401	1.12135316113926997	-2.55326414351746056	-3.10896875718417576
266686500.266375988722	3145688.089987278450	-1174793.907045629108	1494923.034226742573	1.12133168873759193	-2.55326560644806122	-3.10895996231946947
266686500.285150974989	3145661.442188559566	-1174792.123493909836	1494981.601352724712	1.12131021636763251	-2.55326706954207516	-3.10895116747530453
266686500.303925991058	3145634.793409160804	-1174790.339482540032	1495040.168103679549	1.12128874389761801	-2.55326853282295563	-3.10894237260405770
266686500.322700977325	3145608.144380304031	-1174788.554823363898	1495098.734246099368	1.12126738812273619	-2.55326967842838082	-3.10893398911944896
266686500.341475993395	3145581.493717155419	-1174786.769984739367	1495157.300104963128	1.12124620019938748	-2.55327036642770766	-3.10892619804684678
266686500.360250979662	3145554.842151643243	-1174784.984717163490	1495215.865402122261	1.12122501228688964	-2.55327105457411019	-3.10891840697104760
266686500.379025965929	3145528.189619701356	-1174783.199004075490	1495274.430233320454	1.12120382438524713	-2.55327174286758840	-3.10891061589205586
266686500.397800981998	3145501.536111037713	-1174781.412865511840	1495332.994708785089	1.12118263649446392	-2.55327243130814319	-3.10890282480987779
266686500.416575968266	3145474.881701137871	-1174779.626325084828	1495391.558641893324	1.12116145439409642	-2.55327311733615270	-3.10889504775232428
266686500.435350984335	3145448.226292293053	-1174777.839313720586	1495450.122186676366	1.12114074699235866	-2.55327359322376557	-3.10888842310786950
266686500.454125970602	3145421.569971496239	-1174776.051914133830	1495508.685192134464	1.12112003972222096	-2.55327406922143618	-3.10888179848857327
266686500.472900986671	3145394.912685364019	-1174774.264073261525	1495567.247841800097	1.12109933245676929	-2.55327454534635034	-3.10887517386059553
266686500.491675972939	3145368.254497996997	-1174772.475830514915	1495625.809949113056	1.12107862519495116	-2.55327502159523156	-3.10886854922203915
266686500.510450989008	3145341.595298146829	-1174770.687123366864	1495684.371671186294	1.12105791793676923	-2.55327549796807984	-3.10886192457290722
266686500.529225975275	3145314.935218836647	-1174768.898030536482	1495742.932867112570	1.12103784651263005	-2.55327703781599302	-3.10885481991734336
266686500.548000991344	3145288.274150320329	-1174767.108500889735	1495801.493688012240	1.12101798087253757	-2.55327892188519279	-3.10884755996136652
266686500.566775977612	3145261.612152509391	-1174765.318494026083	1495860.053946020314	1.12099811527269022	-2.55328080609336050	-3.10884030004239742
266686500.585550993681	3145234.949189889710	-1174763.528105032630	1495918.613858563593	1.12097824958413206	-2.55328269044368872	-3.10883304010925432
266686500.604325979948	3145208.285324268509	-1174761.737289184239	1495977.173206428066	1.12095838405634263	-2.55328457490358263	-3.10882578024910261
266686500.623100966215	3145181.620496849995	-1174759.946059821406	1496035.732110596728	1.12093841305595543	-2.55328658972559364	-3.10881850933523607
266686500.641875982285	3145154.954695016146	-1174758.154399938649	1496094.290650121402	1.12091823947751390	-2.55328885479166967	-3.10881121717783682
266686500.660650968552	3145128.287975336891	-1174756.362276950153	1496152.848620639415	1.12089806594615604	-2.55329111999273239	-3.10880392506505743
266686500.679425984621	3145101.620270412415	-1174754.569751314120	1496211.406235426199	1.12087789245871683	-2.55329338531895189	-3.10879663299119535
266686500.698200970888	3145074.952319016680	-1174752.776570671471	1496269.963235735660	1.12085771901836617	-2.55329565078015541	-3.10878934096196069
266686500.716975986958	3145048.282719349954	-1174750.983187783044	1496328.519939192105	1.12083754364753618	-2.55329800681241004	-3.10878202069195453
266686500.735750973225	3145021.612210908439	-1174749.189378071111	1496387.076083973283	1.12081735083960865	-2.55330116350319392	-3.10877445012791220
266686500.754525989294	3144994.940752663650	-1174747.395161109045	1496445.631880260305	1.12079715797376300	-2.55330432035805810	-3.10876687958975184
266686500.773300975561	3144968.268353642430	-1174745.600496918196	1496504.187119597569	1.12077696530152027	-2.55330747732169705	-3.10875930916477694
266686500.792075991631	3144941.594985018019	-1174743.805449903477	1496562.742004611297	1.12075677269606944	-2.55331063441848638	-3.10875173880743949
266686500.810850977898	3144914.920685878489	-1174742.009912762325	1496621.296313268365	1.12073658015952127	-2.55331379165497507	-3.10874416852154534
266686500.829625993967	3144888.245416950434	-1174740.213977107778	1496679.850279545411	1.12071539012046761	-2.55331597753993211	-3.10873551798436454
266686500.848400980234	3144861.569253263529	-1174738.417637303937	1496738.403700439027	1.12069376543602939	-2.55331774026731972	-3.10872639673597639
266686500.867175966501	3144834.892155855894	-1174736.620870136889	1496796.956656615948	1.12067214079322097	-2.55331950316838308	-3.10871727552027899
266686500.885950982571	3144808.214040877298	-1174734.823636393994	1496855.509236521088	1.12065051619204725	-2.55332126624312261	-3.10870815433727943
266686500.904725968838	3144781.535024699289	-1174733.026000692509	1496914.061274071690	1.12062889163251311	-2.55332302949153833	-3.10869903318698215
266686500.923500984907	3144754.855023624841	-1174731.227916653035	1496972.612936592428	1.12060747954185347	-2.55332436080683722	-3.10869023247427512
266686500.942275971174	3144728.174122014083	-1174729.429428501520	1497031.164059730945	1.12058632650986167	-2.55332516593477044	-3.10868182214439948
266686500.961050987244	3144701.492252133787	-1174727.630553196883	1497089.714834490791	1.12056517349198925	-2.55332597121697447	-3.10867341181386792
266686500.979825973511	3144674.809441824444	-1174725.831184984650	1497148.265033001313	1.12054402049140922	-2.55332677666327656	-3.10866500148839453
266686500.998600989580	3144648.125665621366	-1174724.031407455681	1497206.814866699046	1.12052286750389829	-2.55332758226057388	-3.10865659116037119
266686501.017375975847	3144621.440972511657	-1174722.231225257041	1497265.364164154278	1.12050168523882965	-2.55332836433764943	-3.10864817930391490
266686501.036150991917	3144594.755295838695	-1174720.430590399308	1497323.913092520554	1.12047999921442987	-2.55332873932910731	-3.10863974110235430
266686501.054925978184	3144568.068724420853	-1174718.629551354330	1497382.461475506192	1.12045831319429823	-2.55332911448264532	-3.10863130288819312
266686501.073700994253	3144541.381811487488	-1174716.827826660359	1497441.009411398321	1.12043662704319980	-2.55332948980825458	-3.10862286461227999
266686501.092475980520	3144514.693327113055	-1174715.025918954285	1497499.556869759923	1.12041494103161732	-2.55332986528595640	-3.10861442637293317
266686501.111250966787	3144488.003923702985	-1174713.223604385043	1497558.103879668983	1.12039325502431719	-2.55333024092574057	-3.10860598812100308
266686501.130025982857	3144461.313524694182	-1174711.420855079312	1497616.650517578470	1.12037159133272368	-2.55333134472406353	-3.10859791486137338
266686501.148800969124	3144434.622212611139	-1174709.617660385789	1497675.196602862794	1.12034993950698025	-2.55333283491825114	-3.10859003527335842
266686501.167575985193	3144407.929942209274	-1174707.814081238117	1497733.742339654360	1.12032828770967008	-2.55333432525783000	-3.10858215570327090
266686501.186350971460	3144381.236739796121	-1174706.010047584539	1497792.287507558009	1.12030663594396618	-2.55333581575262381	-3.10857427615682624
266686501.205125987530	3144354.542574730702	-1174704.205610992853	1497850.832333024126	1.12028498420881650	-2.55333730639935874	-3.10856639663212597
266686501.223900973797	3144327.847470100503	-1174702.400694981683	1497909.376573273679	1.12026403651459106	-2.55333890164315669	-3.10855913763279768
266686501.242675989866	3144301.151393427979	-1174700.595385369146	1497967.920480055967	1.12024415469731453	-2.55334065516778619	-3.10855281814897477
266686501.261450976133	3144274.454413144849	-1174698.789650921710	1498026.463819191558	1.12022427303462502	-2.55334240878768748	-3.10854649872657207
266686501.280225992203	3144247.756442211568	-1174696.983468116261	1498085.006789296633	1.12020439140274242	-2.55334416252160068	-3.10854017932989146
266686501.299000978470	3144221.057570113800	-1174695.176883273525	1498143.549217045540	1.12018450980167028	-2.55334591636952624	-3.10853385995893694
266686501.317775964737	3144194.357752771582	-1174693.369871081319	1498202.091192074819	1.12016484098692448	-2.55334773951475569	-3.10852759876708751
266686501.336550980806	3144167.656950357370	-1174691.562441865448	1498260.632805482950	1.12014645615290664	-2.55334998027561610	-3.10852168855350763
266686501.355325967073	3144140.955242054071	-1174689.754592788639	1498319.173860156443	1.12012807135634951	-2.55335222113235227	-3.10851577837462578
266686501.374100983143	3144114.252547381446	-1174687.946283899248	1498377.714545801049	1.12010968659936738	-2.55335446209151140	-3.10850986823425357
266686501.392875969410	3144087.548957992345	-1174686.137570753926	1498436.254686063621	1.12009130188090600	-2.55335670314982055	-3.10850395813048941
266686501.411650985479	3144060.844364419114	-1174684.328415772179	1498494.794460378587	1.12007291708669277	-2.55335894432911470	-3.10849804803023533
266686501.430425971746	3144034.138868572190	-1174682.518831626279	1498553.333672989160	1.12005343035021276	-2.55336130944464967	-3.10849141287626241
266686501.449200987816	3144007.433038808871	-1174680.708586673951	1498611.872454829514	1.12003357509959534	-2.55336371610074631	-3.10848453527236179
266686501.467975974083	3143980.725665838458	-1174678.898172621382	1498670.410772322677	1.12001371989618148	-2.55336612287974596	-3.10847765771384710
266686501.486750990152	3143954.017288872972	-1174677.087332397001	1498728.948711928213	1.11999386473891827	-2.55336852977837481	-3.10847078019881806
266686501.505525976419	3143927.308020173572	-1174675.276033672970	1498787.486098740250	1.11997400963097737	-2.55337093680645477	-3.10846390273299189
266686501.524300992489	3143900.597758532502	-1174673.464338617632	1498846.023126905551	1.11995375838174427	-2.55337297728723067	-3.10845646567270517
266686501.543075978756	3143873.886585357599	-1174671.652209484251	1498904.559596447973	1.11993309709147670	-2.55337463839023115	-3.10844844938410647
266686501.561850965023	3143847.174492335878	-1174669.839659868740	1498963.095626509981	1.11991243583716260	-2.55337629964369706	-3.10844043312420615
266686501.580625981092	3143820.461384817492	-1174668.026666302932	1499021.631268303609	1.11989177448690480	-2.55337796105596038	-3.10843241684082106
266686501.599400967360	3143793.747393772006	-1174666.213284052676	1499080.166378066875	1.11987111330133882	-2.55337962260053608	-3.10842440063261671
266686501.618175983429	3143767.032394490670	-1174664.399439963279	1499138.701108475216	1.11985030345201242	-2.55338125113650261	-3.10841625777978914
266686501.636950969696	3143740.316521283705	-1174662.585166443838	1499197.235284476308	1.11982769121554560	-2.55338247799578166	-3.10840657954176969
266686501.655725985765	3143713.599628078286	-1174660.770462580724	1499255.769106527558	1.11980507900738102	-2.55338370504385326	-3.10839690131828883
266686501.674500972033	3143686.881845960394	-1174658.955354352482	1499314.302377197193	1.11978246682858185	-2.55338493228399210	-3.10838722311126059
266686501.693275988102	3143660.163067630958	-1174657.139813414775	1499372.835272894707	1.11975985453697913	-2.55338615972832184	-3.10837754486176099
266686501.712050974369	3143633.443399545271	-1174655.323854574235	1499431.367626182735	1.11973724241692452	-2.55338738735259518	-3.10836786668765530
266686501.730825990438	3143606.722747745458	-1174653.507474333514	1499489.899623792153	1.11971536460108823	-2.55338898249198420	-3.10835759053635430
266686501.749600976706	3143580.001173918135	-1174651.690642216709	1499548.431052398868	1.11969362747410672	-2.55339064818692796	-3.10834719987332919
266686501.768375992775	3143553.278622158803	-1174649.873388640117	1499606.962119330186	1.11967189039064197	-2.55339231407904288	-3.10833680924237976
266686501.787150979042	3143526.555169935804	-1174648.055730779422	1499665.492646875791	1.11965015335070017	-2.55339398016832853	-3.10832641864351178
266686501.805925965309	3143499.830778290052	-1174646.237645419547	1499724.022715703119	1.11962841635428534	-2.55339564645478312	-3.10831602807673191
266686501.824700981379	3143473.105398988351	-1174644.419104452012	1499782.552409558790	1.11960680851330396	-2.55339721779418838	-3.10830646891046491
