266686492.458981961012 0.000093875000
266686492.458981961012	3156687.177028489765	-1175498.678965122905	1470529.088785957312	1.12994867493236795	-2.55280044567258990	-3.11218955133410180
266686492.477756947279	3156660.923549347091	-1175497.072455824120	1470587.844369174913	1.12992765750229962	-2.55280243916995442	-3.11218023452587378
266686492.496531963348	3156634.669073875062	-1175495.465513604227	1470646.599580391077	1.12990664011923414	-2.55280443283586900	-3.11217091775563715
266686492.515306949615	3156608.413692059461	-1175493.858166857157	1470705.354261194821	1.12988564890656784	-2.55280640989550456	-3.11216164197029554
266686492.534081965685	3156582.157299055718	-1175492.250350912800	1470764.108565670904	1.12986539833782285	-2.55280791136696683	-3.11215352721374794
266686492.552856951952	3156555.899999713060	-1175490.642130431486	1470822.862339733168	1.12984514792652480	-2.55280941296685393	-3.11214541252630239
266686492.571631968021	3156529.641732738819	-1175489.033520248951	1470881.615771357203	1.12982489754547233	-2.55281091470904897	-3.11213729785891058
266686492.590406954288	3156503.382539288141	-1175487.424439320806	1470940.368643005844	1.12980464719777718	-2.55281241660342273	-3.11212918321717558
266686492.609181970358	3156477.122359916568	-1175485.814957474126	1470999.121158919064	1.12978439687929733	-2.55281391863681417	-3.11212106859363580
266686492.627956956625	3156450.861258030869	-1175484.205039104680	1471057.873134150170	1.12976305985852044	-2.55281495167458505	-3.11211282604470352
266686492.646731972694	3156424.599185219500	-1175482.594694641884	1471116.624750622781	1.12974106264995511	-2.55281569986034329	-3.11210450576825659
266686492.665506958961	3156398.336187414825	-1175480.983950084541	1471175.375848734751	1.12971906545465473	-2.55281644820817899	-3.11209618549061373
266686492.684281975031	3156372.072202219162	-1175479.372733925236	1471234.126549494918	1.12969706813536552	-2.55281719673048713	-3.11208786516328972
266686492.703056961298	3156345.807304915506	-1175477.761113255750	1471292.876725840848	1.12967507096660924	-2.55281794540247997	-3.11207954488327099
266686492.721831947565	3156319.541496783495	-1175476.149108008482	1471351.626476002857	1.12965346000752431	-2.55281844483188758	-3.11207176453950085
266686492.740606963634	3156293.274631632492	-1175474.536606174195	1471410.375826328062	1.12963246440616905	-2.55281854700171973	-3.11206484450420939
266686492.759381949902	3156267.006901862565	-1175472.923724274617	1471469.124663861701	1.12961146880237351	-2.55281864930870572	-3.11205792445088703
266686492.778156965971	3156240.738157311454	-1175471.310382459778	1471527.873128038598	1.12959047319302730	-2.55281875174297701	-3.11205100437393423
266686492.796931952238	3156214.469178735744	-1175469.696425964357	1471586.620993950870	1.12956947757813220	-2.55281885430453270	-3.11204408427335322
266686492.815706968307	3156188.198529396672	-1175468.082237300696	1471645.368558741873	1.12954848195976920	-2.55281895699995509	-3.11203716415288723
266686492.834481954575	3156161.926985960919	-1175466.467641785974	1471704.115584094543	1.12952838781578313	-2.55281912128474042	-3.11203107091686526
266686492.853256970644	3156135.654453615192	-1175464.852622449165	1471762.862265710719	1.12950830258469992	-2.55281928630587673	-3.11202498592089771
266686492.872031956911	3156109.381012503989	-1175463.237175705144	1471821.608391618123	1.12948821747491612	-2.55281945142945998	-3.11201890093971167
266686492.890806972980	3156083.106563532259	-1175461.621296071913	1471880.354157523485	1.12946813236027710	-2.55281961666088852	-3.11201281593714496
266686492.909581959248	3156056.831236598548	-1175460.005011505214	1471939.099400314270	1.12944804724389902	-2.55281978201003135	-3.11200673091880642
266686492.928356975317	3156030.554910414852	-1175458.388301111059	1471997.844277045224	1.12942856816052650	-2.55282075878117398	-3.11200043922163649
266686492.947131961584	3156004.277664699592	-1175456.771146945190	1472056.588607150363	1.12940931398572708	-2.55282203673379682	-3.11199407085035462
266686492.965906947851	3155977.999458241276	-1175455.153560884297	1472115.332474152092	1.12939005982954033	-2.55282331479074820	-3.11198770248761702
266686492.984681963921	3155951.720292073209	-1175453.535564227030	1472174.075995748397	1.12937080569508153	-2.55282459296189534	-3.11198133413903388
266686493.003456950188	3155925.440192045644	-1175451.917146805441	1472232.818976717303	1.12935155158131684	-2.55282587124395155	-3.11197496580273958
266686493.022231966257	3155899.159109091386	-1175450.298274074215	1472291.561594543047	1.12933208042761857	-2.55282737024992645	-3.11196815262252047
266686493.041006952524	3155872.877111413516	-1175448.679005359299	1472350.303676070645	1.12931217981102483	-2.55282930622524340	-3.11196045861044279
266686493.059781968594	3155846.594126347918	-1175447.059324203525	1472409.045407861238	1.12929227923327646	-2.55283124233349357	-3.11195276463016191
266686493.078556954861	3155820.310252461582	-1175445.439176807646	1472467.786583889509	1.12927237869852792	-2.55283317858783088	-3.11194507068915760
266686493.097331970930	3155794.025360016618	-1175443.818610162940	1472526.527402942535	1.12925247820159180	-2.55283511497181115	-3.11193737677808713
266686493.116106957197	3155767.739579941146	-1175442.197634402895	1472585.267679528100	1.12923257774454822	-2.55283705149201179	-3.11192968290069460
266686493.134881973267	3155741.452786061913	-1175440.576257152716	1472644.007615515031	1.12921222204448490	-2.55283904584431154	-3.11192115501754829
266686493.153656959534	3155715.165101914201	-1175438.954432257218	1472702.746995684225	1.12919183546026725	-2.55284104427359937	-3.11191257051279235
266686493.172431975603	3155688.877063889522	-1175437.331923082238	1472761.485940756509	1.12917144879403297	-2.55284304287764341	-3.11190398599572449
266686493.191206961870	3155662.587461003568	-1175435.709228490014	1472820.224408241455	1.12915106229984596	-2.55284504161578552	-3.11189540156667466
266686493.209981948137	3155636.296920429915	-1175434.086130936397	1472878.962442302611	1.12913067585067806	-2.55284704050835387	-3.11188681717548388
266686493.228756964207	3155610.005403200164	-1175432.462607224239	1472937.700123600429	1.12910921190526681	-2.55284825603670606	-3.11187764145462165
266686493.247531950474	3155583.712950338610	-1175430.838637746172	1472996.437241949141	1.12908724383926673	-2.55284910516219909	-3.11186818906288565
266686493.266306966543	3155557.419534176588	-1175429.214266944909	1473055.174017862417	1.12906527579188420	-2.55284995446989349	-3.11185873667475521
266686493.285081952810	3155531.125176601578	-1175427.589450428030	1473113.910236825934	1.12904330776312545	-2.55285080395979014	-3.11184928429023699
266686493.303856968880	3155504.829853437375	-1175425.964237611508	1473172.646122264676	1.12902133975195662	-2.55285165362860056	-3.11183983190746671
266686493.322631955147	3155478.533625161741	-1175424.338587965816	1473231.381449022563	1.12899916551912760	-2.55285241536358143	-3.11183050501809433
266686493.341406971216	3155452.236386897508	-1175422.712496061577	1473290.116418807767	1.12897671220180396	-2.55285305810286856	-3.11182134780598973
266686493.360181957483	3155425.938245503232	-1175421.085960877826	1473348.850838827668	1.12895425903796109	-2.55285370101459996	-3.11181219064571524
266686493.378956973553	3155399.639132739045	-1175419.459076554514	1473407.584932790603	1.12893180588433806	-2.55285434410062972	-3.11180303347786857
266686493.397731959820	3155373.339082376566	-1175417.831705763470	1473466.318453423446	1.12890935274405368	-2.55285498737082328	-3.11179387630806570
266686493.416506975889	3155347.038056877907	-1175416.203920199536	1473525.051615296397	1.12888690973217232	-2.55285560444699922	-3.11178477283727251
266686493.435281962156	3155320.736127223819	-1175414.575709166937	1473583.784249781165	1.12886479305065635	-2.55285537107467908	-3.11177740159986271
266686493.454056948423	3155294.433239631355	-1175412.947090355447	1473642.516428632895	1.12884267635535229	-2.55285513784490981	-3.11177003032715893
266686493.472831964493	3155268.129364873748	-1175411.318027618807	1473701.248244339600	1.12882055964626415	-2.55285490475769228	-3.11176265901916560
266686493.491606950760	3155241.824569970835	-1175409.688523153542	1473759.979510447942	1.12879844292651343	-2.55285467182289416	-3.11175528768150178
266686493.510381966829	3155215.518790540285	-1175408.058613284025	1473818.710426768055	1.12877632605393163	-2.55285443903352061	-3.11174791626422831
266686493.529156953096	3155189.212104508653	-1175406.428255125880	1473877.440790408757	1.12875558397818265	-2.55285466127260907	-3.11174151269782717
266686493.547931969166	3155162.905070098583	-1175404.797258278588	1473936.170732248574	1.12873524661502556	-2.55285501754368260	-3.11173539405205135
266686493.566706955433	3155136.596490464173	-1175403.166082839482	1473994.900215739617	1.12871490925308704	-2.55285537393117634	-3.11172927539381572
266686493.585481971502	3155110.286913745571	-1175401.534460680094	1474053.629336199723	1.12869457189132882	-2.55285573043180136	-3.11172315672125155
266686493.604256957769	3155083.976421218365	-1175399.902415322606	1474112.357901010429	1.12867423452975402	-2.55285608704555989	-3.11171703803436284
266686493.623031973839	3155057.664939187001	-1175398.269948132103	1474171.086119112559	1.12865430995466243	-2.55285695717006522	-3.11171108715720113
266686493.641806960106	3155031.352565289009	-1175396.637083203066	1474229.813794748625	1.12863512357569284	-2.55285874549374281	-3.11170543640681840
266686493.660581946373	3155005.039227166213	-1175395.003751231357	1474288.541010422865	1.12861593722764564	-2.55286053392329970	-3.11169978568497374
266686493.679356962442	3154978.724903874565	-1175393.370015959255	1474347.267873330507	1.12859675078696142	-2.55286232246457789	-3.11169413495265434
266686493.698131948709	3154952.409678267315	-1175391.735820892267	1474405.994183563162	1.12857756449764901	-2.55286411109602929	-3.11168848428228095
266686493.716906964779	3154926.093445396516	-1175390.101252034539	1474464.720144117251	1.12855849196961922	-2.55286603998469408	-3.11168275425704444
266686493.735681951046	3154899.776332654059	-1175388.466237414163	1474523.445571173215	1.12854026218582248	-2.55286900754138379	-3.11167643619509704
266686493.754456967115	3154873.458189881407	-1175386.830744273961	1474582.170605632709	1.12852203245584093	-2.55287197519895681	-3.11167011818755679
266686493.773231953382	3154847.139181588311	-1175385.194918735418	1474640.895143627888	1.12850380278071549	-2.55287494296069983	-3.11166380023629641
266686493.792006969452	3154820.819147540256	-1175383.558603192680	1474699.619289027993	1.12848557316044662	-2.55287791082661286	-3.11165748234131900
266686493.810781955719	3154794.498223436531	-1175381.921914828010	1474758.342914281413	1.12846734359399914	-2.55288087879340742	-3.11165116450075585
266686493.829556971788	3154768.176293193363	-1175380.284743372817	1474817.066166179255	1.12844748546967821	-2.55288325271414118	-3.11164364607311628
266686493.848331958055	3154741.853479465935	-1175378.647182580549	1474875.788889018586	1.12842701157705250	-2.55288540202069658	-3.11163567363277460
266686493.867106974125	3154715.529646773357	-1175377.009173121536	1474934.511238502571	1.12840653772864519	-2.55288755146556623	-3.11162770122983545
266686493.885881960392	3154689.204916587565	-1175375.370751623297	1474993.233045631088	1.12838606392758134	-2.55288970105861424	-3.11161972886992233
266686493.904656946659	3154662.879234757740	-1175373.731904329732	1475051.954406038625	1.12836559017282223	-2.55289185079655168	-3.11161175655116606
266686493.923431962729	3154636.553219581023	-1175372.092393126804	1475110.675341618014	1.12834456756589363	-2.55289362635362060	-3.11160297479321990
266686493.942206948996	3154610.225646034349	-1175370.452694116393	1475169.395796581171	1.12832292101580700	-2.55289497655638664	-3.11159327285619147
266686493.960981965065	3154583.897062552627	-1175368.812552717980	1475228.115894571645	1.12830127436337779	-2.55289632695928814	-3.11158357088229209
266686493.979756951332	3154557.567590851337	-1175367.172004183521	1475286.835447123274	1.12827962787866465	-2.55289767752990482	-3.11157386898602883
266686493.998531967402	3154531.237131839618	-1175365.531043012626	1475345.554649939993	1.12825798142560663	-2.55289902828115967	-3.11156416710828543
266686494.017306953669	3154504.905766927637	-1175363.889631308150	1475404.273303046124	1.12823626131380816	-2.55290029751240999	-3.11155447999042822
266686494.036081969738	3154478.573387152515	-1175362.247790822526	1475462.991596205393	1.12821353784621525	-2.55290045440250957	-3.11154499350315428
266686494.054856956005	3154452.240115546156	-1175360.605552515946	1475521.709346899530	1.12819081437731539	-2.55290061147854930	-3.11153550699404891
266686494.073631972075	3154425.905858749524	-1175358.962880807463	1475580.426750884159	1.12816809090919579	-2.55290076874710614	-3.11152602046686644
266686494.092406958342	3154399.570693284739	-1175357.319781452650	1475639.143599163508	1.12814536744081995	-2.55290092620489295	-3.11151653391973948
266686494.111181974411	3154373.234518561047	-1175355.676237525651	1475697.860093438067	1.12812264383033112	-2.55290108386054726	-3.11150704729679362
266686494.129956960678	3154346.897449187934	-1175354.032288636547	1475756.576045299415	1.12810024420188348	-2.55290124468784807	-3.11149796474207863
266686494.148731946945	3154320.559433972463	-1175352.387913847109	1475815.291544442065	1.12807800598612662	-2.55290140718262748	-3.11148908355141085
266686494.167506963015	3154294.220421064179	-1175350.743094364181	1475874.006677582394	1.12805576776960015	-2.55290156985152983	-3.11148020234103084
266686494.186281949282	3154267.880501287989	-1175349.097872168757	1475932.721277338685	1.12803352955230762	-2.55290173269455600	-3.11147132111094438
266686494.205056965351	3154241.539572636597	-1175347.452189695789	1475991.435497735394	1.12801129133321520	-2.55290189570842063	-3.11146243985928406
266686494.223831951618	3154215.197775863577	-1175345.806136215804	1476050.149208316812	1.12798985015974385	-2.55290228796642893	-3.11145428400606683
266686494.242606967688	3154188.854966728017	-1175344.159617481753	1476108.862536628963	1.12796952787366545	-2.55290300192776254	-3.11144714647365950
266686494.261381953955	3154162.511243822984	-1175342.512668970739	1476167.575318200747	1.12794920559781486	-2.55290371601905886	-3.11144000893845041
266686494.280156970024	3154136.166551917791	-1175340.865318984957	1476226.287763336208	1.12792888320557916	-2.55290443025248903	-3.11143287135947855
266686494.298931956291	3154109.821573509369	-1175339.217285376508	1476284.999567459105	1.12790856095019265	-2.55290514460371343	-3.11142573381867749
266686494.317706972361	3154083.474958778825	-1175337.569076709216	1476343.711099909851	1.12788856398735460	-2.55290601388321292	-3.11141887981068344
266686494.336481958628	3154057.127457966562	-1175335.920440092683	1476402.422089951811	1.12787025160243015	-2.55290768495319575	-3.11141349418319102
266686494.355256974697	3154030.778950924054	-1175334.271381693194	1476461.132713991450	1.12785193924071558	-2.55290935610736636	-3.11140810857260197
266686494.374031960964	3154004.429541966412	-1175332.621906919871	1476519.842807617271	1.12783362690533551	-2.55291102735558484	-3.11140272298454335
266686494.392806947231	3153978.079183234833	-1175330.971971967723	1476578.552429223666	1.12781531459629347	-2.55291269869785342	-3.11139733741901869
266686494.411581963301	3153951.727830783930	-1175329.321626500227	1476637.261704126606	1.12779700231150493	-2.55291437012759515	-3.11139195187227724
266686494.430356949568	3153925.375567528885	-1175327.670844045468	1476695.970426350366	1.12777787444988853	-2.55291584321407283	-3.11138588644929026
266686494.449131965637	3153899.022327401675	-1175326.019680878846	1476754.678815103602	1.12775849777781145	-2.55291725590669571	-3.11137961367413585
266686494.467906951904	3153872.668148447294	-1175324.368035330204	1476813.386624586768	1.12773912125063713	-2.55291866869615403	-3.11137334095218243
266686494.486681967974	3153846.313008926809	-1175322.716026731068	1476872.094104986871	1.12771974474567527	-2.55292008159247796	-3.11136706824421072
266686494.505456954241	3153819.956949727610	-1175321.063513410976	1476930.801008969313	1.12770036826605269	-2.55292149460552853	-3.11136079555584999
266686494.524231970310	3153793.599909509532	-1175319.410616542445	1476989.507573601557	1.12768026379055453	-2.55292256334252299	-3.11135377915159950
266686494.543006956577	3153767.241965750232	-1175317.757353260880	1477048.213621173054	1.12765939443692975	-2.55292327038654676	-3.11134598134858864
266686494.561781972647	3153740.883027478587	-1175316.103606625460	1477106.919283387484	1.12763852509575457	-2.55292397757864009	-3.11133818354496938
266686494.580556958914	3153714.523167694919	-1175314.449436655035	1477165.624395953026	1.12761765576598849	-2.55292468491551361	-3.11133038573886944
266686494.599331974983	3153688.162324927747	-1175312.794842449017	1477224.329158784822	1.12759678631754845	-2.55292539240929539	-3.11132258788513960
266686494.618106961250	3153661.800574861467	-1175311.139816192677	1477283.033371849684	1.12757576243234903	-2.55292605693547348	-3.11131471915631685
266686494.636881947517	3153635.437857881188	-1175309.484345590696	1477341.737118952442	1.12755325690154784	-2.55292630849913360	-3.11130617066143689
266686494.655656963587	3153609.074186604470	-1175307.828493983950	1477400.440545885824	1.12753075137155090	-2.55292656023293452	-3.11129762214913175
266686494.674431949854	3153582.710220629815	-1175306.171935947379	1477459.143312511966	1.12750824584236220	-2.55292681213687844	-3.11128907361940721
266686494.693206965923	3153556.344623296987	-1175304.515189134749	1477517.845810436644	1.12748574031398885	-2.55292706421096716	-3.11128052507226993
266686494.711981952190	3153529.978133332450	-1175302.858077915153	1477576.547776334686	1.12746323478539123	-2.55292731645191306	-3.11127197650584852
266686494.730756968260	3153503.610651319847	-1175301.200506116496	1477635.249382172246	1.12744105536327988	-2.55292702714787234	-3.11126336696008066
266686494.749531954527	3153477.242265636101	-1175299.542492912617	1477693.950435269624	1.12741893130361426	-2.55292664602734209	-3.11125474702806981
266686494.768306970596	3153450.872881326359	-1175297.884082740173	1477752.651138692629	1.12739680708871770	-2.55292626507395992	-3.11124612700454284
266686494.787081956863	3153424.502578670625	-1175296.225210612873	1477811.351273112465	1.12737468299782950	-2.55292588428715916	-3.11123750699588131
266686494.805856972933	3153398.131300619338	-1175294.565939105349	1477870.051074121380	1.12735255889185826	-2.55292550366886717	-3.11122888694984123
266686494.824631959200	3153371.759093511850	-1175292.906219310127	1477928.750309152296	1.12733069210108994	-2.55292593582169358	-3.11122012556609073
266686494.843406975269	3153345.385945006274	-1175291.246114065871	1477987.449217958376	1.12730913066014793	-2.55292733232394697	-3.11121119652958988
266686494.862181961536	3153319.011819436681	-1175289.585523896618	1478046.147540307837	1.12728756925070295	-2.55292872899579981	-3.11120226751362283
266686494.880956947803	3153292.636803008150	-1175287.924571354408	1478104.845443768892	1.12726600787276032	-2.55293012583725165	-3.11119333851819624
266686494.899731963873	3153266.260764876381	-1175286.263162800111	1478163.542973931180	1.12724444652528000	-2.55293152284501668	-3.11118440954143693
266686494.918506950140	3153239.883854062296	-1175284.601351030171	1478222.239972008625	1.12722323404155844	-2.55293311317210447	-3.11117567744966150
266686494.937281966209	3153213.505911497399	-1175282.939094760921	1478280.936602780595	1.12720341376695954	-2.55293547456240288	-3.11116773107745592
266686494.956056952477	3153187.127077496145	-1175281.276394796325	1478339.632671793923	1.12718359366756404	-2.55293783607314984	-3.11115978479975608
266686494.974831968546	3153160.747262331191	-1175279.613295473158	1478398.328413394745	1.12716377361890796	-2.55294019772368452	-3.11115183856859456
266686494.993606954813	3153134.366525031161	-1175277.949774876470	1478457.023602372268	1.12714395362099573	-2.55294255951400695	-3.11114389238397626
266686495.012381970882	3153107.984806800727	-1175276.285764281172	1478515.718402910279	1.12712413367487274	-2.55294492144740248	-3.11113594624778234
266686495.031156957150	3153081.602177963592	-1175274.621391528752	1478574.412686446449	1.12710477853187285	-2.55294719546731441	-3.11112906875792561
266686495.049931973219	3153055.219204047695	-1175272.956341259880	1478633.106528830016	1.12708553487605645	-2.55294944848735073	-3.11112244755079770
266686495.068706959486	3153028.834677240346	-1175271.291118537076	1478691.799909949536	1.12706629126358049	-2.55295170162553875	-3.11111582638514106
266686495.087481975555	3153002.449158595875	-1175269.625450879335	1478750.492919070879	1.12704704757363983	-2.55295395490052934	-3.11110920522140200
266686495.106256961823	3152976.062744538300	-1175267.959364500362	1478809.185394748114	1.12702780404680780	-2.55295620827173186	-3.11110258413682006
266686495.125031948090	3152949.675368600991	-1175266.292850063648	1478867.877401380334	1.12700848268564213	-2.55295812903794550	-3.11109628244325487
266686495.143806964159	3152923.286986442283	-1175264.625883672386	1478926.569048068253	1.12698904701513625	-2.55295956141101898	-3.11109044966474224
266686495.162581950426	3152896.897717951331	-1175262.958534863079	1478985.260171639500	1.12696961136691431	-2.55296099388763231	-3.11108461690187399
266686495.181356966496	3152870.507464072667	-1175261.290738894138	1479043.950920183212	1.12695017574097900	-2.55296242646778682	-3.11107878415465411
266686495.200131952763	3152844.116283619776	-1175259.622517366195	1479102.641128041781	1.12693074013733341	-2.55296385915148161	-3.11107295142308571
266686495.218906968832	3152817.724128840957	-1175257.953878540779	1479161.330980111845	1.12691111586504444	-2.55296505587628220	-3.11106705369074499
266686495.237681955099	3152791.331068067811	-1175256.284820352914	1479220.020295884227	1.12689045427924128	-2.55296495389526523	-3.11106079847779959
266686495.256456971169	3152764.937008246779	-1175254.615335832583	1479278.709245595150	1.12686979268158449	-2.55296485202499390	-3.11105454323330211
266686495.275231957436	3152738.542048407253	-1175252.945400490658	1479337.397639600793	1.12684913107624674	-2.55296475027860881	-3.11104828796476918
266686495.294006973505	3152712.146097092424	-1175251.275063708425	1479396.085683869664	1.12682846945906023	-2.55296464864297201	-3.11104203266469126
266686495.312781959772	3152685.749242617749	-1175249.604314665310	1479454.773191782879	1.12680780783315626	-2.55296454712793919	-3.11103577733870740
266686495.331556975842	3152659.351397647988	-1175247.933116339613	1479513.460333638592	1.12678717795955263	-2.55296405651988012	-3.11102880974732754
266686495.350331962109	3152632.952637676150	-1175246.261492317542	1479572.146922815358	1.12676655170768925	-2.55296352143901384	-3.11102176049583612
266686495.369106948376	3152606.552910190541	-1175244.589425952407	1479630.833043060964	1.12674592543725671	-2.55296298648863118	-3.11101471120441042
266686495.387881964445	3152580.152210183442	-1175242.916967203608	1479689.518829836277	1.12672529901867469	-2.55296245166968427	-3.11100766183078159
266686495.406656950712	3152553.750624842010	-1175241.244078155607	1479748.204077173723	1.12670467271215591	-2.55296191698355912	-3.11100061246137782
266686495.425431966782	3152527.348674008157	-1175239.570491035702	1479806.888873089571	1.12668332913577451	-2.55296183890342965	-3.11099275641060213
266686495.444206953049	3152500.945157799870	-1175237.896720092045	1479865.573188446928	1.12666127351696588	-2.55296221414602131	-3.11098409955900257
266686495.462981969118	3152474.540682426654	-1175236.222581594950	1479924.257180662593	1.12663921790157584	-2.55296258955399047	-3.11097544269272275
266686495.481756955385	3152448.135282324627	-1175234.547983213095	1479982.940606903285	1.12661716229169473	-2.55296296513390653	-3.11096678581552721
266686495.500531971455	3152421.728870632593	-1175232.872917165747	1480041.623653843999	1.12659510668628471	-2.55296334088248722	-3.11095812892554235
266686495.519306957722	3152395.321593085770	-1175231.197489125887	1480100.306187939364	1.12657293609846221	-2.55296400181214800	-3.11094915652402415
266686495.538081973791	3152368.913297508378	-1175229.521595617756	1480158.988345763879	1.12655040218137170	-2.55296556322812807	-3.11093918749467058
266686495.556856960058	3152342.504122731276	-1175227.845315262908	1480217.669980415376	1.12652786844435848	-2.55296712482312005	-3.11092921855238602
266686495.575631946325	3152316.093966447748	-1175226.168569824426	1480276.351132837590	1.12650533474677728	-2.55296868661466725	-3.11091924963824784
266686495.594406962395	3152289.682847052813	-1175224.491422591265	1480335.031942824600	1.12648280108863164	-2.55297024860276789	-3.11090928075226003
266686495.613181948662	3152263.270790718962	-1175222.813817701070	1480393.712195861153	1.12646026747097228	-2.55297181079070823	-3.11089931189631219
266686495.631956964731	3152236.857772660907	-1175221.135836703936	1480452.392106345389	1.12643876885829997	-2.55297431345126880	-3.11088995920263489
266686495.650731950998	3152210.443819297478	-1175219.457395169651	1480511.071447996655	1.12641749421214499	-2.55297701971024971	-3.11088073986516589
266686495.669506967068	3152184.028908426873	-1175217.778536059428	1480569.750453154556	1.12639621963327086	-2.55297972614488744	-3.11087152059211913
266686495.688281953335	3152157.613083245233	-1175216.099249035353	1480628.428908601636	1.12637494512063885	-2.55298243275189618	-3.11086230138162012
266686495.707056969404	3152131.196237274911	-1175214.419519389514	1480687.106981780846	1.12635367053950919	-2.55298513954952222	-3.11085308217574497
266686495.725831955671	3152104.778523302171	-1175212.739418444457	1480745.784545140807	1.12633335932783130	-2.55298781254184659	-3.11084491661626172
266686495.744606971741	3152078.359780133236	-1175211.058836408192	1480804.461718876613	1.12631372662072193	-2.55299046175129840	-3.11083749320608050
266686495.763381958008	3152051.940164350439	-1175209.377850993304	1480863.138360525249	1.12629409397056079	-2.55299311109741112	-3.11083006985291810
266686495.782156974077	3152025.519547394942	-1175207.696429874049	1480921.814639144111	1.12627446137421705	-2.55299576057032906	-3.11082264655113505
266686495.800931960344	3151999.098676257301	-1175206.014373107348	1480980.490309227724	1.12625482883169337	-2.55299841017005313	-3.11081522330073446
266686495.819706946611	3151972.676202913281	-1175204.332088491647	1481039.165582442656	1.12623508590180599	-2.55300072865007355	-3.11080799535011732
266686495.838481962681	3151946.252731031738	-1175202.649406675482	1481097.840505982982	1.12621488466083086	-2.55300167254618149	-3.11080157766807952
266686495.857256948948	3151919.828373854049	-1175200.966294471873	1481156.514890083112	1.12619468343556717	-2.55300261656621030	-3.11079515999274081
266686495.876031965017	3151893.402996565215	-1175199.282737461617	1481215.188894884661	1.12617448209600024	-2.55300356071064583	-3.11078874228020119
266686495.894806951284	3151866.976722606923	-1175197.598765871720	1481273.862360301195	1.12615428089694580	-2.55300450496209619	-3.11078232460886639
266686495.913581967354	3151840.549465772696	-1175195.914369780337	1481332.535475984681	1.12613407971152046	-2.55300544933089890	-3.11077590694047812
266686495.932356953621	3151814.121299764607	-1175194.229547820985	1481391.208032990107	1.12611428420769233	-2.55300540125065911	-3.11077008078726269
266686495.951131969690	3151787.692145106383	-1175192.544301401125	1481449.880246256711	1.12609451600758037	-2.55300528644783853	-3.11076429443329516
266686495.969906955957	3151761.262077001389	-1175190.858640574152	1481508.551900847582	1.12607474779654959	-2.55300517174634978	-3.11075850805036103
266686495.988681972027	3151734.831029641442	-1175189.172545909649	1481567.223202732857	1.12605497957669298	-2.55300505715276183	-3.11075272164222705
266686496.007456958294	3151708.399067998398	-1175187.486023264239	1481625.893954904750	1.12603521134696960	-2.55300494266379285	-3.11074693520701695
266686496.026231974363	3151681.966129929759	-1175185.799073891481	1481684.564354318893	1.12601515444872513	-2.55300495633904712	-3.11074080636555150
266686496.045006960630	3151655.532276253216	-1175184.111700831912	1481743.234198081307	1.12599485078401251	-2.55300507968997215	-3.11073438460705498
266686496.063781946898	3151629.097485126462	-1175182.423924234929	1481801.903608418303	1.12597454711499001	-2.55300520315892721	-3.11072796282792385
266686496.082556962967	3151602.661696467549	-1175180.735702547710	1481860.572652750881	1.12595424344166073	-2.55300532674591318	-3.11072154102816167
266686496.101331949234	3151576.224978196435	-1175179.047034467338	1481919.241128138732	1.12593393976402600	-2.55300545045092964	-3.11071511920777111
266686496.120106965303	3151549.787277068943	-1175177.357941840077	1481977.909253791440	1.12591355081131539	-2.55300564312331124	-3.11070855204075869
266686496.138881951571	3151523.348677841946	-1175175.668453166261	1482036.576840002090	1.12589263900751124	-2.55300625808459269	-3.11070109376736870
266686496.157656967640	3151496.909119827207	-1175173.978551116539	1482095.244083777769	1.12587172721320750	-2.55300687318848407	-3.11069363549016353
266686496.176431953907	3151470.469239530619	-1175172.287910548737	1482153.910668971715	1.12585081542840948	-2.55300748843498670	-3.11068617720914897
266686496.195206969976	3151444.027756555472	-1175170.597126238747	1482212.576974769356	1.12582990351963508	-2.55300810382578414	-3.11067871887569858
266686496.213981956244	3151417.585379383061	-1175168.905950098997	1482271.242766478332	1.12580899175072080	-2.55300871934765850	-3.11067126058142929
266686496.232756972313	3151391.142002903391	-1175167.214303887216	1482329.908169862349	1.12578786912293838	-2.55301064892441953	-3.11066251508075142
266686496.251531958580	3151364.697705715429	-1175165.522231853101	1482388.573026565136	1.12576671998101574	-2.55301274416733870	-3.11065360748305952
266686496.270306974649	3151338.252450215165	-1175163.829775666352	1482447.237557210494	1.12574557088926719	-2.55301483957951314	-3.11064469992958736
266686496.289081960917	3151311.806247029454	-1175162.136830418138	1482505.901492204051	1.12572442184560373	-2.55301693515437300	-3.11063579241657351
266686496.307856947184	3151285.359133108053	-1175160.443531272933	1482564.565014422406	1.12570327285107652	-2.55301903089520232	-3.11062688494590667
266686496.326631963253	3151258.910997146275	-1175158.749746558955	1482623.228146957932	1.12568221510571709	-2.55302088071303768	-3.11061766366950287
266686496.345406949520	3151232.461989740841	-1175157.055585463997	1482681.890766761731	1.12566121087772197	-2.55302258642495605	-3.11060825841626265
266686496.364181965590	3151206.011948259082	-1175155.360956756864	1482740.552993968362	1.12564020655762631	-2.55302429232211781	-3.11059885313490803
266686496.382956951857	3151179.561031919438	-1175153.665929575684	1482799.214698002208	1.12561920241043989	-2.55302599837745925	-3.11058944794177927
266686496.401731967926	3151153.109123853501	-1175151.970457188552	1482857.876030037645	1.12559819830418517	-2.55302770460615225	-3.11058004277965461
266686496.420506954193	3151126.656293771695	-1175150.274563242448	1482916.536809450248	1.12557701683254585	-2.55302925084702492	-3.11057080988416024
266686496.439281970263	3151100.202487299684	-1175148.578242481221	1482975.197236099513	1.12555524403021412	-2.55303026338207095	-3.11056215112890122
266686496.458056956530	3151073.747780591249	-1175146.881516347174	1483033.857126335148	1.12553347124877012	-2.55303127608364511	-3.11055349238150347
266686496.476831972599	3151047.292071445379	-1175145.184358658735	1483092.516647599405	1.12551169835135667	-2.55303228896252143	-3.11054483358948586
266686496.495606958866	3151020.835470613558	-1175143.486772666220	1483151.175632450962	1.12548992561274508	-2.55303330200043588	-3.11053617485971046
266686496.514381974936	3150994.377842625603	-1175141.788746076636	1483209.834238059120	1.12546815289294200	-2.55303431519831259	-3.11052751613404466
266686496.533156961203	3150967.919337343425	-1175140.090298178373	1483268.492295201169	1.12544719923460423	-2.55303390773559347	-3.11051934113442785
266686496.551931947470	3150941.460524595808	-1175138.391184311360	1483327.149836526951	1.12542626697022152	-2.55303346328473335	-3.11051117874221195
266686496.570706963539	3150915.000084410887	-1175136.691887589172	1483385.807094240328	1.12540533469002169	-2.55303301898538582	-3.11050301631271031
266686496.589481949806	3150888.538736893330	-1175134.992189824581	1483444.463815599913	1.12538440239400606	-2.55303257483755175	-3.11049485384592606
266686496.608256965876	3150862.076384321321	-1175133.292021963978	1483503.120154632954	1.12536347008218041	-2.55303213084123160	-3.11048669134186540
266686496.627031952143	3150835.613144208677	-1175131.591475694673	1483561.775964608882	1.12534274508417909	-2.55303215476945367	-3.11047953001209221
266686496.645806968212	3150809.148882746231	-1175129.890441639349	1483620.431387871504	1.12532218129204820	-2.55303254283708370	-3.11047314773769257
266686496.664581954479	3150782.683735855389	-1175128.189008447109	1483679.086285107536	1.12530161763140457	-2.55303293102011031	-3.11046676548988099
266686496.683356970549	3150756.217603383586	-1175126.487173462519	1483737.740826608846	1.12528105396993050	-2.55303331931549105	-3.11046038322497687
266686496.702131956816	3150729.750560298562	-1175124.784901046893	1483796.394815429114	1.12526049031076880	-2.55303370773307625	-3.11045400094863922
266686496.720906972885	3150703.282526178285	-1175123.082181208301	1483855.048435219098	1.12524017043107305	-2.55303409327855357	-3.11044785402658741
266686496.739681959152	3150676.813577633351	-1175121.379064649576	1483913.701518713031	1.12522035712723856	-2.55303447271686013	-3.11044219618902762
266686496.758456975222	3150650.343665610999	-1175119.675516801653	1483972.354243386304	1.12520054382350976	-2.55303485225796889	-3.11043653833786982
266686496.777231961489	3150623.872812472750	-1175117.971522534033	1484031.006411111681	1.12518073051988798	-2.55303523190187809	-3.11043088047311622
266686496.796006947756	3150597.401060394477	-1175116.267142763361	1484089.658140655141	1.12516091721637546	-2.55303561164859039	-3.11042522259476995
266686496.814781963825	3150570.928293026518	-1175114.562335770112	1484148.309507280355	1.12514110378855792	-2.55303599150485949	-3.11041956466940483
266686496.833556950092	3150544.454598417971	-1175112.857030113460	1484206.960294575198	1.12512086907911035	-2.55303803490956049	-3.11041224148580175
266686496.852331966162	3150517.979938311502	-1175111.151358819334	1484265.610761756543	1.12510060099965870	-2.55304021033422224	-3.11040478630421724
266686496.871106952429	3150491.504350826144	-1175109.445250235265	1484324.260656963801	1.12508033296385701	-2.55304238589053245	-3.11039733116129824
266686496.889881968498	3150465.027784824371	-1175107.738705479773	1484382.910202431958	1.12506006497380229	-2.55304456158505744	-3.11038987606082173
266686496.908656954765	3150438.550317295827	-1175106.031759565929	1484441.559205549536	1.12503979702844914	-2.55304673741451182	-3.11038242100090434
266686496.927431970835	3150412.072507649194	-1175104.324112957576	1484500.207773512928	1.12501922305539725	-2.55304874841152341	-3.11037445039867722
266686496.946206957102	3150385.593154684175	-1175102.616314057494	1484558.855865188409	1.12499849871164370	-2.55305067848288347	-3.11036622645940009
266686496.964981973171	3150359.112799142022	-1175100.908067795681	1484617.503599832533	1.12497777428088819	-2.55305260872515483	-3.11035800250764538
266686496.983756959438	3150332.631533190142	-1175099.199399753008	1484676.150769856526	1.12495705002144408	-2.55305453909857905	-3.11034977863909168
266686497.002531975508	3150306.149275722448	-1175097.490314200521	1484734.797602085629	1.12493632580311376	-2.55305646961975174	-3.11034155480402053
266686497.021306961775	3150279.666109958664	-1175095.780786138494	1484793.443872720934	1.12491555294985401	-2.55305828099887844	-3.11033317482894800
266686497.040081948042	3150253.182002926711	-1175094.070850108750	1484852.089684581617	1.12489465256664811	-2.55305977990302457	-3.11032438560807512
266686497.058856964111	3150226.696917389520	-1175092.360477878479	1484910.735146706458	1.12487375221803809	-2.55306127897243940	-3.11031559641242117
266686497.077631950378	3150200.210928841028	-1175090.649693042273	1484969.380072473083	1.12485285190403017	-2.55306277820712424	-3.11030680724199238
266686497.096406966448	3150173.723926062696	-1175088.938463081373	1485028.024612945504	1.12483195162148375	-2.55306427759723054	-3.11029801809113282
266686497.115181952715	3150147.236029160675	-1175087.226841114461	1485086.668639328331	1.12481105137354520	-2.55306577715260552	-3.11028922896550730
266686497.133956968784	3150120.747138812672	-1175085.514748833142	1485145.312271386152	1.12478909399324190	-2.55306625310875601	-3.11028083833952707
266686497.152731955051	3150094.257355846465	-1175083.802275946364	1485203.955383356893	1.12476695849244734	-2.55306655656435799	-3.11027251495865276
266686497.171506971121	3150067.766560770106	-1175082.089337198297	1485262.598113058601	1.12474482299362544	-2.55306686018326090	-3.11026419156225975
266686497.190281957388	3150041.274872618262	-1175080.375988583080	1485321.240306290332	1.12472268749678150	-2.55306716396546518	-3.11025586815035515
266686497.209056973457	3150014.782203206792	-1175078.662226601504	1485379.882143787108	1.12470055200087193	-2.55306746790768990	-3.11024754472105691
266686497.227831959724	3149988.288615458179	-1175076.948033589870	1485438.523425691994	1.12467840465046631	-2.55306759362148883	-3.11023954283728887
266686497.246606975794	3149961.794043821283	-1175075.233388696797	1485497.164338510251	1.12465624999217395	-2.55306760961338330	-3.11023173898604233
266686497.265381962061	3149935.298558468930	-1175073.518344823504	1485555.804717996856	1.12463409532779313	-2.55306762575931767	-3.11022393510958395
266686497.284156948328	3149908.802133975085	-1175071.802872214932	1485614.444641737500	1.12461194065732428	-2.55306764205929104	-3.11021613120791685
266686497.302931964397	3149882.305368246511	-1175070.086712407880	1485673.084121355321	1.12458978584253844	-2.55306765852103235	-3.11020832723588114
266686497.321706950665	3149855.807044834364	-1175068.370393215679	1485731.723136738408	1.12456843544736751	-2.55306816910003631	-3.11020097678759555
266686497.340481966734	3149829.307731098495	-1175066.653624326922	1485790.361786063761	1.12454850056427835	-2.55306954916796869	-3.11019442448152850
266686497.359256953001	3149802.807522316929	-1175064.936451983172	1485848.999890008243	1.12452856570470150	-2.55307092935390578	-3.11018787219105253
266686497.378031969070	3149776.306319403928	-1175063.218870643992	1485907.637644273462	1.12450863086759067	-2.55307230965456577	-3.11018131991428293
266686497.396806955338	3149749.804213038646	-1175061.500847388292	1485966.274845801061	1.12448869605504598	-2.55307369007651319	-3.11017476765499890
266686497.415581971407	3149723.301088141743	-1175059.782360424986	1486024.911668088054	1.12446876126602024	-2.55307507061646444	-3.11016821541131616
266686497.434356957674	3149696.797080244869	-1175058.063452031463	1486083.547947905259	1.12444948159455960	-2.55307677386938980	-3.11016197219539192
266686497.453131973743	3149670.292073287535	-1175056.344148235396	1486142.183875073446	1.12443022228176170	-2.55307848731428022	-3.11015573861133099
266686497.471906960011	3149643.786183992401	-1175054.624420856358	1486200.819262746722	1.12441096311927735	-2.55308020085288323	-3.11014950508835408
266686497.490681946278	3149617.279334927909	-1175052.904275602428	1486259.454197811894	1.12439170398621213	-2.55308191450041821	-3.11014327158938242
266686497.509456962347	3149590.771480888128	-1175051.183660064358	1486318.088750549825	1.12437244488256916	-2.55308362825688651	-3.11013703811441999
266686497.528231948614	3149564.262744315434	-1175049.462652333546	1486376.722777202027	1.12435390787219225	-2.55308596796989962	-3.11013015620037381
266686497.547006964684	3149537.753004613798	-1175047.741229237057	1486435.356437795330	1.12433566207473046	-2.55308856015712715	-3.11012301283552928
266686497.565781950951	3149511.242372313980	-1175046.019336263649	1486493.989536739187	1.12431741633247206	-2.55309115247409535	-3.11011586952685182
266686497.584556967020	3149484.730737351347	-1175044.297057166230	1486552.622286003549	1.12429917063808160	-2.55309374489783547	-3.11010872626112578
266686497.603331953287	3149458.218203224707	-1175042.574324656045	1486611.254482532386	1.12428092499680155	-2.55309633744475128	-3.11010158304779560
266686497.622106969357	3149431.704683599528	-1175040.851190150250	1486669.886323326733	1.12426187300098057	-2.55309875530720998	-3.11009406580253733
266686497.640881955624	3149405.190239890479	-1175039.127624585060	1486728.517614525044	1.12424092651532970	-2.55310076249538964	-3.11008566971836897
266686497.659656971693	3149378.674832778051	-1175037.403627553256	1486787.148546907352	1.12421998007448964	-2.55310276983921103	-3.11007727367249487
266686497.678431957960	3149352.159133723006	-1175035.678946425905	1486845.778844275512	1.12419903367846441	-2.55310477733867547	-3.11006887766491946
266686497.697206974030	3149325.641835319344	-1175033.954127556179	1486904.408884623321	1.12417808732725977	-2.55310678499378296	-3.11006048169564897
266686497.715981960297	3149299.123596922960	-1175032.228844229365	1486963.038345644251	1.12415714793658505	-2.55310873925523030	-3.11005210468913962
266686497.734756946564	3149272.604421995580	-1175030.503140612273	1487021.667370324023	1.12413631837278682	-2.55310984371995797	-3.11004402813450298
266686497.753531962633	3149246.084264728706	-1175028.776996414876	1487080.296019918984	1.12411548869980527	-2.55311094834536778	-3.11003595154111023
266686497.772306948900	3149219.563200228382	-1175027.050450934097	1487138.924133156193	1.12409465917833096	-2.55311205310547340	-3.11002787500464173
266686497.791081964970	3149193.041168522555	-1175025.323514663614	1487197.551903956104	1.12407382967749880	-2.55311315801162619	-3.11001979847631915
266686497.809856951237	3149166.518183609471	-1175023.596074805362	1487256.179079218302	1.12405300019940890	-2.55311426307038891	-3.11001172195992526
266686497.828631967306	3149139.994249777403	-1175021.868255389621	1487314.805925338063	1.12403111108719411	-2.55311476164847750	-3.11000277545325154
266686497.847406953573	3149113.469380700961	-1175020.139989284566	1487373.432208511047	1.12400868655574282	-2.55311495388720555	-3.10999338933865310
266686497.866181969643	3149086.943549360149	-1175018.411318768747	1487432.058152216952	1.12398626202503316	-2.55311514631090608	-3.10998400320560586
266686497.884956955910	3149060.416788560804	-1175016.682201498887	1487490.683526974870	1.12396383749507089	-2.55311533891957998	-3.10997461705411693
266686497.903731971979	3149033.889060565270	-1175014.952693419065	1487549.308559297351	1.12394141282486570	-2.55311553171879169	-3.10996523082709597
266686497.922506958246	3149007.360405220184	-1175013.222717867466	1487607.933025700273	1.12391950697849374	-2.55311581864214787	-3.10995617289369086
266686497.941281974316	3148980.830771503039	-1175011.492335903458	1487666.557136312826	1.12389835595746890	-2.55311624243715496	-3.10994759264180765
266686497.960056960583	3148954.300234842580	-1175009.761541163782	1487725.180710568093	1.12387720494353349	-2.55311666639582269	-3.10993901238137571
266686497.978831946850	3148927.768737991806	-1175008.030299197417	1487783.803815833759	1.12385605393564214	-2.55311709051486968	-3.10993043211050990
266686497.997606962919	3148901.236270660069	-1175006.298630045028	1487842.426562341163	1.12383490293379662	-2.55311751479429683	-3.10992185182921466
266686498.016381949186	3148874.702875666320	-1175004.566539064515	1487901.048762221355	1.12381375609334144	-2.55311794348524757	-3.10991327826656683
266686498.035156965256	3148848.168502629735	-1175002.833995991386	1487959.670587019064	1.12379327359803538	-2.55311905197352429	-3.10990578050938993
266686498.053931951523	3148821.633894378319	-1175001.100857408252	1488018.291832958348	1.12377279112292650	-2.55312016059892954	-3.10989828276151137
266686498.072706967592	3148795.097618272528	-1174999.367478902917	1488076.912749398500	1.12375230853935504	-2.55312126937284312	-3.10989078497782945
266686498.091481953859	3148768.560456392355	-1174997.633671736810	1488135.533123426605	1.12373182610570055	-2.55312237827578858	-3.10988328725045182
266686498.110256969929	3148742.022293998860	-1174995.899457624415	1488194.153150805505	1.12371134369120185	-2.55312348731258165	-3.10987578953049359
266686498.129031956196	3148715.483224782161	-1174994.164826460183	1488252.772616478847	1.12369134329933829	-2.55312504937920481	-3.10986867762919950
266686498.147806972265	3148688.943171374500	-1174992.429758926854	1488311.391738411272	1.12367165715304118	-2.55312690681132937	-3.10986181726124933
266686498.166581958532	3148662.402208976448	-1174990.694265083177	1488370.010301669128	1.12365197104166592	-2.55312876436492564	-3.10985495692285685
266686498.185356974602	3148635.860258616973	-1174988.958316360367	1488428.628489955328	1.12363228496626677	-2.55313062204327546	-3.10984809661591788
266686498.204131960869	3148609.317405212671	-1174987.221969076432	1488487.246147769270	1.12361259892474763	-2.55313247983981784	-3.10984123633665455
266686498.222906947136	3148582.773604318500	-1174985.485201512929	1488545.863343951060	1.12359304908286006	-2.55313436081982248	-3.10983440836681346
266686498.241681963205	3148556.228826525621	-1174983.748008915456	1488604.480184399523	1.12357374270404620	-2.55313628318780772	-3.10982763812540908
266686498.260456949472	3148529.683114184532	-1174982.010367392795	1488663.096464869566	1.12355443648120401	-2.55313820565363914	-3.10982086795347268
266686498.279231965542	3148503.136438293383	-1174980.272325672675	1488721.712399930228	1.12353513029419316	-2.55314012823714087	-3.10981409781241602
266686498.298006951809	3148476.588849810883	-1174978.533866919810	1488780.327779284911	1.12351582414196427	-2.55314205093503199	-3.10980732770034907
266686498.316781967878	3148450.040274702944	-1174976.794948964380	1488838.942789610242	1.12349648750277709	-2.55314390433010274	-3.10980056993969534
266686498.335556954145	3148423.490792408120	-1174975.055629610782	1488897.557263575494	1.12347688038906179	-2.55314514260996139	-3.10979392136702382
266686498.354331970215	3148396.940318551380	-1174973.315864652628	1488956.171365543734	1.12345727329604950	-2.55314638100741398	-3.10978727280607536
266686498.373106956482	3148370.388929944485	-1174971.575673392974	1489014.784914832097	1.12343766622374464	-2.55314761952246227	-3.10978062425685442
266686498.391881972551	3148343.836547292769	-1174969.835072923684	1489073.398114440264	1.12341805904904701	-2.55314885816730985	-3.10977397567965408
266686498.410656958818	3148317.283285330515	-1174968.094041534234	1489132.010768611683	1.12339845201921484	-2.55315009692083095	-3.10976732715579107
266686498.429431974888	3148290.729021761566	-1174966.352576028788	1489190.623056780780	1.12337713891408120	-2.55315087914983563	-3.10975931992590660
266686498.448206961155	3148264.174498999026	-1174964.610444548074	1489249.234711178113	1.12335511362829621	-2.55315147091932193	-3.10975074551053954
266686498.466981947422	3148237.618370269891	-1174962.868139551952	1489307.845990972826	1.12333308835133616	-2.55315206285256036	-3.10974217108743467
266686498.485756963491	3148211.061268272344	-1174961.125400165794	1489366.456912065390	1.12331106308530382	-2.55315265495611099	-3.10973359666038052
266686498.504531949759	3148184.503262252547	-1174959.382220797241	1489425.067277448718	1.12328903783020584	-2.55315324722997383	-3.10972502222938374
266686498.523306965828	3148157.944263703655	-1174957.638643590966	1489483.677287155762	1.12326688364227945	-2.55315378470520082	-3.10971606700626735
266686498.542081952095	3148131.384356015362	-1174955.894624301465	1489542.286750125699	1.12324456961182406	-2.55315425422881193	-3.10970663970705230
266686498.560856968164	3148104.823463685811	-1174954.150186410174	1489600.895854447968	1.12322225545044718	-2.55315472394784093	-3.10969721234329155
266686498.579631954432	3148078.261670833454	-1174952.405313472729	1489659.504405974876	1.12319994143663449	-2.55315519384108969	-3.10968778502591414
266686498.598406970501	3148051.698899784591	-1174950.660019727424	1489718.112595828716	1.12317762743114979	-2.55315566391915638	-3.10967835769946443
266686498.617181956768	3148025.135200460907	-1174948.914306182880	1489776.720236087451	1.12315532957230246	-2.55315616097179454	-3.10966892364220993
266686498.635956972837	3147998.570514212828	-1174947.168179028668	1489835.327526610345	1.12313349219565417	-2.55315742258019407	-3.10965929780068784
266686498.654731959105	3147972.004929738119	-1174945.421611808240	1489893.934255425585	1.12311165485017161	-2.55315868437622306	-3.10964967197849829
266686498.673506975174	3147945.438340384513	-1174943.674574066885	1489952.540601916146	1.12308981753480763	-2.55315994635660282	-3.10964004617375300
266686498.692281961441	3147918.870878326707	-1174941.927178055281	1490011.146435614675	1.12306798024956800	-2.55316120852133377	-3.10963042038645865
266686498.711056947708	3147892.302455478348	-1174940.179336817702	1490069.751797354082	1.12304614299445760	-2.55316247087041504	-3.10962079461662144
266686498.729831963778	3147865.733016195707	-1174938.431025154889	1490128.356788764941	1.12302584431285402	-2.55316401070095411	-3.10961235170723072
266686498.748606950045	3147839.162694664206	-1174936.682336758357	1490186.961242149118	1.12300594325273639	-2.55316562228737087	-3.10960421443020785
266686498.767381966114	3147812.591398261022	-1174934.933216771577	1490245.565348709701	1.12298604222652099	-2.55316723401735723	-3.10959607717830844
266686498.786156952381	3147786.019178051967	-1174933.183681196999	1490304.168893737253	1.12296614123421001	-2.55316884589091142	-3.10958793995153604
266686498.804931968451	3147759.445962911006	-1174931.433677826542	1490362.772056324873	1.12294624027475631	-2.55317045790475472	-3.10957980274800105
266686498.823706954718	3147732.872510783840	-1174929.683023923542	1490421.374623786425	1.12292627008199242	-2.55317227002724279	-3.10957183803193171
266686498.842481970787	3147706.297423868440	-1174927.932191647356	1490479.976885256357	1.12290619403247938	-2.55317438795408869	-3.10956413698232126
266686498.861256957054	3147679.721412970684	-1174926.180928072892	1490538.578597130952	1.12288611802825633	-2.55317650602192492	-3.10955643597381970
266686498.880031973124	3147653.144420105964	-1174924.429237238830	1490597.179962242488	1.12286604194324591	-2.55317862424853725	-3.10954873496004014
266686498.898806959391	3147626.566525217611	-1174922.677146992646	1490655.780782027636	1.12284596602750897	-2.55318074259179584	-3.10954103402998028
266686498.917581975460	3147599.987645919435	-1174920.924606674118	1490714.381229756866	1.12282595301902433	-2.55318271285291187	-3.10953354366608625
266686498.936356961727	3147573.407851256896	-1174919.171642089728	1490772.981121835066	1.12280633344844238	-2.55318375564436861	-3.10952737084503772
266686498.955131947994	3147546.827111155260	-1174917.418250628980	1490831.580561190611	1.12278671389305140	-2.55318479854590130	-3.10952119802953053
266686498.973906964064	3147520.245382834692	-1174915.664449787000	1490890.179644870805	1.12276709435180111	-2.55318584155422990	-3.10951502521767287
266686498.992681950331	3147493.662754805759	-1174913.910197417019	1490948.778172843391	1.12274747482784898	-2.55318688467919186	-3.10950885241515174
266686499.011456966400	3147467.079128507059	-1174912.155547158560	1491007.376351137413	1.12272785519486229	-2.55318792792191251	-3.10950267957959969
266686499.030231952667	3147440.494611115195	-1174910.400452409172	1491065.973967667203	1.12270795697386694	-2.55318842170908988	-3.10949620287443018
266686499.049006968737	3147413.909096902702	-1174908.644941213774	1491124.571234575706	1.12268796322909115	-2.55318872726916801	-3.10948962199950119
266686499.067781955004	3147387.322660432197	-1174906.888978678500	1491183.167932481505	1.12266796948447389	-2.55318903294811594	-3.10948304110969742
266686499.086556971073	3147360.735252914485	-1174905.132590879686	1491241.764268653700	1.12264797574001918	-2.55318933874593679	-3.10947646020502333
266686499.105331957340	3147334.146958714817	-1174903.375822034897	1491300.360078740632	1.12262798199572789	-2.55318964466262877	-3.10946987928548069
266686499.124106973410	3147307.557652574033	-1174901.618586924626	1491358.955506557366	1.12260744066972862	-2.55318984405928306	-3.10946275571092423
266686499.142881959677	3147280.967428137548	-1174899.860934659140	1491417.550384663511	1.12258585981113290	-2.55318984115363934	-3.10945460196651835
266686499.161656975746	3147254.376231148373	-1174898.102845721412	1491476.144907037728	1.12256427881342269	-2.55318983841508107	-3.10944644815195792
266686499.180431962013	3147227.784156879876	-1174896.344366366509	1491534.738894356182	1.12254269794576578	-2.55318983582841330	-3.10943829436198804
266686499.199206948280	3147201.191730630118	-1174894.585175372660	1491593.332319968380	1.12252111707042879	-2.55318983339139916	-3.10943014054355826
266686499.217981964350	3147174.597715182696	-1174892.825834757416	1491651.925482562510	1.12249951054040631	-2.55318991004396789	-3.10942191849384342
266686499.236756950617	3147148.002772172447	-1174891.066072070738	1491710.518098531757	1.12247765332853966	-2.55319075827459185	-3.10941302980697865
266686499.255531966686	3147121.406851885840	-1174889.305854891893	1491769.110342388041	1.12245579613392277	-2.55319160667658673	-3.10940414112303598
266686499.274306952953	3147094.810016059782	-1174887.545244778506	1491827.702044002712	1.12243393895656229	-2.55319245524995431	-3.10939525244202075
266686499.293081969023	3147068.212195856962	-1174885.784184515476	1491886.293373560766	1.12241208179646090	-2.55319330399469280	-3.10938636376393918
266686499.311856955290	3147041.613468748052	-1174884.022691264283	1491944.884153352818	1.12239022465362348	-2.55319415291080443	-3.10937747508879569
266686499.330631971359	3147015.013752790634	-1174882.260790700791	1492003.474574495573	1.12236857363201370	-2.55319523768650702	-3.10936775956005951
266686499.349406957626	3146988.413129387889	-1174880.498445043107	1492062.064437018940	1.12234696377058762	-2.55319636948790318	-3.10935787975381261
266686499.368181973696	3146961.811521953437	-1174878.735692718998	1492120.653949749889	1.12232535393442578	-2.55319750146964486	-3.10934799995739120
266686499.386956959963	3146935.209004127420	-1174876.972502441844	1492179.242909800960	1.12230374412669098	-2.55319863364156641	-3.10933812017649069
266686499.405731946230	3146908.605554568581	-1174875.208864395041	1492237.831408157945	1.12228213434844237	-2.55319976600694787	-3.10932824041301403
266686499.424506962299	3146882.001104664523	-1174873.444849069929	1492296.419553812128	1.12226077976354466	-2.55320141713240290	-3.10931863278429299
266686499.443281948566	3146855.395747987088	-1174871.680386482272	1492355.007143815747	1.12223975346988603	-2.55320373552929292	-3.10930937525499163
266686499.462056964636	3146828.789398339111	-1174869.915466661099	1492413.594367814716	1.12221872723347049	-2.55320605410054924	-3.10930011777760873
266686499.480831950903	3146802.182170650456	-1174868.150172762806	1492472.181059673894	1.12219770105219485	-2.55320837283961311	-3.10929086034835445
266686499.499606966972	3146775.573917049915	-1174866.384389824001	1492530.767355966382	1.12217667479605909	-2.55321069177209958	-3.10928160291475919
266686499.518381953239	3146748.964776141569	-1174864.618227900239	1492589.353123199195	1.12215593079137088	-2.55321286982434437	-3.10927264453016861
266686499.537156969309	3146722.354668169748	-1174862.851674825652	1492647.938547997037	1.12213645198945411	-2.55321441545394245	-3.10926502705488517
266686499.555931955576	3146695.743621812202	-1174861.084638366243	1492706.523393521318	1.12211697321912274	-2.55321596121904992	-3.10925740960356478
266686499.574706971645	3146669.132242011372	-1174859.316939248471	1492765.107811246766	1.12209749447932561	-2.55321750711638895	-3.10924979217431474
266686499.593481957912	3146642.519329783507	-1174857.549073525704	1492823.691749653779	1.12207801577006805	-2.55321905314595998	-3.10924217476713993
266686499.612256973982	3146615.905400535092	-1174855.780739347218	1492882.275314763887	1.12205853709134962	-2.55322059930776124	-3.10923455738204169
266686499.631031960249	3146589.290583988186	-1174854.012026163517	1492940.858350816183	1.12203804908727145	-2.55322169146305811	-3.10922732475162578
266686499.649806946516	3146562.674814497121	-1174852.242861063220	1492999.440917820437	1.12201725065965352	-2.55322264407469124	-3.10922021045701014
266686499.668581962585	3146536.058060457464	-1174850.473277135752	1493058.023126179818	1.12199645211795795	-2.55322359683280009	-3.10921309612568431
266686499.687356948853	3146509.440405119210	-1174848.703291491838	1493116.604792184662	1.12197565372141028	-2.55322454971006119	-3.10920598183918084
266686499.706131964922	3146482.821756049991	-1174846.932864963077	1493175.186095099198	1.12195485533935058	-2.55322550271686044	-3.10919886755484232
266686499.724906951189	3146456.202202395070	-1174845.162000362761	1493233.766839336604	1.12193434755407351	-2.55322615155856703	-3.10919208637146660
266686499.743681967258	3146429.581664861646	-1174843.390714770881	1493292.347227897495	1.12191410039554462	-2.55322652759396718	-3.10918560393261290
266686499.762456953526	3146402.960222749505	-1174841.618991096271	1493350.927057776600	1.12189385323944579	-2.55322690375144257	-3.10917912148244158
266686499.781231969595	3146376.337787549011	-1174839.846871467307	1493409.506529011531	1.12187360608261644	-2.55322728002115840	-3.10917263901526031
266686499.800006955862	3146349.714457319118	-1174838.074332208140	1493468.085466803983	1.12185335892822158	-2.55322765641294946	-3.10916615653676809
266686499.818781971931	3146323.090141434222	-1174836.301346987020	1493526.664026597748	1.12183303799145451	-2.55322802985874242	-3.10915958995282127
266686499.837556958199	3146296.464905141853	-1174834.527935222723	1493585.242039707955	1.12181224179442873	-2.55322838357640247	-3.10915248089619656
266686499.856331974268	3146269.838689638767	-1174832.754075289005	1493643.819671793142	1.12179144559915001	-2.55322873742677769	-3.10914537182580730
266686499.875106960535	3146243.211543013342	-1174830.979802453658	1493702.396760223666	1.12177064940456850	-2.55322909140659160	-3.10913826273976079
266686499.893881946802	3146216.583492702339	-1174829.205127157504	1493760.973413555417	1.12174985321384879	-2.55322944552567765	-3.10913115364375559
266686499.912656962872	3146189.954443076160	-1174827.430026676739	1493819.549697858747	1.12172905702277825	-2.55322979977092634	-3.10912404453020264
266686499.931431949139	3146163.324472712353	-1174825.654456141870	1493878.125413214555	1.12170809775255265	-2.55323058935358738	-3.10911624795269814
266686499.950206965208	3146136.694168162532	-1174823.878239278216	1493936.700703682844	1.12168711536310628	-2.55323144080379816	-3.10910835386534501
266686499.968981951475	3146110.062308388762	-1174822.101857380476	1493995.275521005737	1.12166613298980122	-2.55323229240466310	-3.10910045978192917
266686499.987756967545	3146083.429451616015	-1174820.324998192955	1494053.849958917359	1.12164515050080960	-2.55323314416592551	-3.10909256565484382
266686500.006531953812	3146056.795714474749	-1174818.547786976909	1494112.423881124938	1.12162416815768928	-2.55323399606154622	-3.10908467157551849
266686500.025306969881	3146030.160979016684	-1174816.770102758193	1494170.997417975683	1.12160339423356215	-2.55323544963775539	-3.10907626664241343
266686500.044081956148	3146003.525350899901	-1174814.992023796076	1494229.570406419691	1.12158284526598884	-2.55323755256613971	-3.10906731040433559
266686500.062856972218	3145976.888716314919	-1174813.213494034018	1494288.143031944754	1.12156229634863047	-2.55323965565989885	-3.10905835421022347
266686500.081631958485	3145950.251168110874	-1174811.434489835752	1494346.715088464785	1.12154174748254665	-2.55324175892231064	-3.10904939806198177
266686500.100406974554	3145923.612666954752	-1174809.655147000682	1494405.286809789715	1.12152119866141442	-2.55324386233371081	-3.10904044194821871
266686500.119181960821	3145896.973223125096	-1174807.875302182045	1494463.857957895612	1.12150056833167300	-2.55324603929433547	-3.10903145958709581
266686500.137956947088	3145870.332862805109	-1174806.095089192968	1494522.428670905065	1.12147899173659482	-2.55324906779648142	-3.10902217218846344
266686500.156731963158	3145843.691497531720	-1174804.314436774934	1494580.999014996924	1.12145741508225694	-2.55325209650165874	-3.10901288480893090
266686500.175506949425	3145817.049238309264	-1174802.533346796408	1494639.568803268950	1.12143583863775875	-2.55325512535618238	-3.10900359755761579
266686500.194281965494	3145790.405994581524	-1174800.751837881515	1494698.138232893310	1.12141426226855589	-2.55325815438689219	-3.10899431037996665
266686500.213056951761	3145763.761822711676	-1174798.969908846542	1494756.707112920238	1.12139268597465369	-2.55326118359378818	-3.10898502327598969
266686500.231831967831	3145737.116675817873	-1174797.187534362776	1494815.275617806474	1.12137119571274280	-2.55326291493717772	-3.10897614395753408
266686500.250606954098	3145710.470629777294	-1174795.404737364035	1494873.843583366135	1.12134972328459570	-2.55326437773105352	-3.10896734907588401
266686500.269381970167	3145683.823598456569	-1174793.621537803905	1494932.411193192005	1.12132825088710941	-2.55326584068506524	-3.10895855421286971
266686500.288156956434	3145657.175635050517	-1174791.837883910397	1494990.978234125534	1.12130677838956583	-2.55326730382594436	-3.10894975932276996
266686500.306931972504	3145630.526716024149	-1174790.053822911810	1495049.544932564953	1.12128530605868670	-2.55326876711661255	-3.10894096450654622
266686500.325706958771	3145603.877516884357	-1174788.269077301724	1495108.110983995488	1.12126399581612457	-2.55326978857241471	-3.10893274172567180
266686500.344481974840	3145577.226697660051	-1174786.484143541893	1495166.676751754945	1.12124280789451314	-2.55327047659528938	-3.10892495065255714
266686500.363256961107	3145550.574985415675	-1174784.698830686742	1495225.241996458033	1.12122161998375347	-2.55327116476523930	-3.10891715957624681
266686500.382031947374	3145523.922310740221	-1174782.913047311828	1495283.806746878428	1.12120043208384912	-2.55327185308226534	-3.10890936849674482
266686500.400806963444	3145497.268655528314	-1174781.126879152842	1495342.371157943970	1.12117924419375026	-2.55327254154309236	-3.10890157741215623
266686500.419581949711	3145470.614088046364	-1174779.340232200921	1495400.935005949577	1.12115813904285488	-2.55327319351975346	-3.10889398711681197
266686500.438356965780	3145443.958538910374	-1174777.553173355991	1495459.498495249078	1.12113743164169710	-2.55327366942721312	-3.10888736247066122
266686500.457131952047	3145417.302083604038	-1174775.765726233600	1495518.061439224752	1.12111672437214072	-2.55327414544473141	-3.10888073784967078
266686500.475906968117	3145390.644641856663	-1174773.977819471853	1495576.624014166184	1.12109601710727169	-2.55327462158949414	-3.10887411321999974
266686500.494681954384	3145363.986284870189	-1174772.189488136210	1495635.186033460777	1.12107530984603532	-2.55327509785822304	-3.10886748857974959
266686500.513456970453	3145337.326951173600	-1174770.400731302099	1495693.747697021114	1.12105460258843603	-2.55327557425091989	-3.10886086392892524
266686500.532231956720	3145310.666695346124	-1174768.611522830324	1495752.308791575721	1.12103466590944922	-2.55327733945930557	-3.10885365755632526
266686500.551006972790	3145284.005466097500	-1174766.821925198194	1495810.869546721689	1.12101480027529332	-2.55327922354918169	-3.10884639760535997
266686500.569781959057	3145257.343335284851	-1174765.031882184790	1495869.429737248924	1.12099493468032740	-2.55328110777474926	-3.10883913768950171
266686500.588556975126	3145230.680205217563	-1174763.241413837997	1495927.989558743080	1.12097506899665200	-2.55328299214247778	-3.10883187775947034
266686500.607331961393	3145204.016196475830	-1174761.450543411775	1495986.548851181986	1.12095520347585520	-2.55328487662632320	-3.10882461790623355
266686500.626106947660	3145177.351205880754	-1174759.659223255701	1496045.107664305717	1.12093518314827723	-2.55328695236468617	-3.10881734181561420
266686500.644881963730	3145150.685256198980	-1174757.867490981007	1496103.666132021928	1.12091500957720447	-2.55328921745185022	-3.10881004966505392
266686500.663656949997	3145124.018385518808	-1174756.075334144523	1496162.224050081568	1.12089483605216156	-2.55329148267072448	-3.10880275755721325
266686500.682431966066	3145097.350542800035	-1174754.282724622171	1496220.781587061007	1.12087466257314805	-2.55329374802130715	-3.10879546549209351
266686500.701206952333	3145070.682421788108	-1174752.489455383038	1496279.338499351870	1.12085448914016794	-2.55329601350359869	-3.10878817346969916
266686500.719981968403	3145044.012683342211	-1174750.696036392590	1496337.895141325891	1.12083431065858719	-2.55329851220206683	-3.10878080859415107
266686500.738756954670	3145017.342048942577	-1174748.902156252181	1496396.451224623481	1.12081411786363239	-2.55330166892124533	-3.10877323804504480
266686500.757531970739	3144990.670401298907	-1174747.107828043867	1496455.006925593829	1.12079392500864872	-2.55330482579795248	-3.10876566751801775
266686500.776306957006	3144963.997874010820	-1174745.313145504566	1496513.562113829190	1.12077373234726885	-2.55330798278343396	-3.10875809710417617
266686500.795081973076	3144937.324349976610	-1174743.518001195276	1496572.116910713259	1.12075353975267955	-2.55331113990206493	-3.10875052675797114
266686500.813856959343	3144910.649895887356	-1174741.722396007273	1496630.671147619141	1.12073334722699425	-2.55331429716039615	-3.10874295648321208
266686500.832631975412	3144883.974492457230	-1174739.926412801724	1496689.225052409573	1.12071192788386842	-2.55331625975221588	-3.10873405761951194
266686500.851406961679	3144857.298166260123	-1174738.129980048630	1496747.778385229176	1.12069030320609420	-2.55331802250740969	-3.10872493637635738
266686500.870181947947	3144830.620899900794	-1174736.333122131880	1496806.331256357720	1.12066867856995156	-2.55331978543627969	-3.10871581516589446
266686500.888956964016	3144803.942651535384	-1174734.535867942963	1496864.883794131456	1.12064705397544451	-2.55332154853882543	-3.10870669398813027
266686500.907731950283	3144777.263472850434	-1174732.738139287569	1496923.435743605252	1.12062542942257837	-2.55332331181504824	-3.10869757284307013
266686500.926506966352	3144750.583351272624	-1174730.940030400641	1496981.987357940758	1.12060409282125528	-2.55332448970311887	-3.10868888593360948
266686500.945281952620	3144723.902280049399	-1174729.141453644494	1497040.538393060444	1.12058293979169310	-2.55332529485627635	-3.10868047560393368
266686500.964056968689	3144697.220233661123	-1174727.342462682864	1497099.089066446060	1.12056178677625118	-2.55332610016370509	-3.10867206527360196
266686500.982831954956	3144670.537284572143	-1174725.543058362091	1497157.639203477651	1.12054063377704427	-2.55332690563195452	-3.10866365494642594
266686501.001606971025	3144643.853364592418	-1174723.743228391046	1497216.188978777267	1.12051948079302077	-2.55332771125775126	-3.10865524462050669
266686501.020381957293	3144617.168530086055	-1174721.942971583456	1497274.738201392116	1.12049821318386789	-2.55332842436634522	-3.10864682830176653
266686501.039156973362	3144590.482698464766	-1174720.142268673982	1497333.287058008835	1.12047652716015023	-2.55332879938375212	-3.10863839009818799
266686501.057931959629	3144563.795977879781	-1174718.341161521850	1497391.835363244405	1.12045484114070248	-2.55332917456324004	-3.10862995188200930
266686501.076706975698	3144537.108899284620	-1174716.539382412797	1497450.383230412146	1.12043315498923235	-2.55332954991152494	-3.10862151360217709
266686501.095481961966	3144510.420298230834	-1174714.737409159541	1497508.930624204921	1.12041146897939248	-2.55332992541845227	-3.10861307536271925
266686501.114256948233	3144483.730739210732	-1174712.935028683627	1497567.477559393039	1.12038978297277714	-2.55333030108418635	-3.10860463710877433
266686501.133031964302	3144457.040164148435	-1174711.132192968391	1497626.024112311192	1.12036812475122360	-2.55333158330317733	-3.10859665329379853
266686501.151806950569	3144430.348710666876	-1174709.328923666384	1497684.570122759324	1.12034647293037004	-2.55333307352169214	-3.10858877370926301
266686501.170581966639	3144403.656257770490	-1174707.525260310154	1497743.115777589614	1.12032482113795062	-2.55333456388559643	-3.10858089414265493
266686501.189356952906	3144376.962907518726	-1174705.721154246945	1497801.660873682238	1.12030316937713925	-2.55333605440471789	-3.10857301459969193
266686501.208131968975	3144350.268572846893	-1174703.916629039915	1497860.205611127196	1.12028151764688211	-2.55333754507578004	-3.10856513507847421
266686501.226906955242	3144323.573344104923	-1174702.111697463086	1497918.749806162901	1.12026085334036640	-2.55333918237976221	-3.10855812585057256
266686501.245681971312	3144296.877104929183	-1174700.306294886628	1497977.293624869548	1.12024097152802193	-2.55334093592264599	-3.10855180637086681
266686501.264456957579	3144270.179975482170	-1174698.500492325285	1498035.836886255303	1.12022108987026447	-2.55334268956080157	-3.10854548695258259
266686501.283231973648	3144243.481857166626	-1174696.694266357226	1498094.379800930619	1.12020120824331570	-2.55334444331296906	-3.10853916756002135
266686501.302006959915	3144216.782846293878	-1174694.887645392213	1498152.922167198500	1.12018132664611869	-2.55334619717587330	-3.10853284819128017
266686501.320781946182	3144190.082873671316	-1174693.080521654338	1498211.464048210531	1.12016189746890271	-2.55334809826791087	-3.10852665250679827
266686501.339556962252	3144163.381921314634	-1174691.273040701170	1498270.005586782470	1.12014351263893808	-2.55335033903809672	-3.10852074229526965
266686501.358331948519	3144136.680041897111	-1174689.465091622435	1498328.546559437411	1.12012512784960361	-2.55335257991398112	-3.10851483212415225
266686501.377106964588	3144109.977217000909	-1174687.656723728636	1498387.087183597032	1.12010674309984681	-2.55335482089229027	-3.10850892199154671
266686501.395881950855	3144083.273486672901	-1174685.847965217428	1498445.627265403047	1.12008835838755383	-2.55335706196647383	-3.10850301189364409
266686501.414656966925	3144056.568729934748	-1174684.038719416130	1498504.166948672850	1.12006997359950766	-2.55335930316164239	-3.10849710179925154
266686501.433431953192	3144029.863079808187	-1174682.229065054562	1498562.706092502689	1.12005025140959669	-2.55336169475697305	-3.10849031173072365
266686501.452206969261	3144003.157101546414	-1174680.418749834178	1498621.244799563661	1.12003039616653632	-2.55336410143274728	-3.10848343413408923
266686501.470981955528	3143976.449568038341	-1174678.608283444541	1498679.783039362170	1.12001054096962438	-2.55336650822815070	-3.10847655658093736
266686501.489756971598	3143949.741048832424	-1174676.797355070943	1498738.320913101779	1.11999068582097516	-2.55336891514973052	-3.10846967907507965
266686501.508531957865	3143923.031643649098	-1174674.986015225295	1498796.858229520731	1.11997083072059267	-2.55337132219748719	-3.10846280161652100
266686501.527306973934	3143896.321213730145	-1174673.174227246316	1498855.395175606711	1.11995045039045094	-2.55337324323065573	-3.10845518221855910
266686501.546081960201	3143869.609906056430	-1174671.362050546333	1498913.931583667872	1.11992978910576912	-2.55337490435722136	-3.10844716593424897
266686501.564856946468	3143842.897632717155	-1174669.549425940728	1498972.467528736684	1.11990912785598606	-2.55337656563097992	-3.10843914967673385
266686501.583631962538	3143816.184380977415	-1174667.736350663705	1499031.003095749067	1.11988846651237450	-2.55337822707008444	-3.10843113339954602
266686501.602406948805	3143789.470228094142	-1174665.922873291885	1499089.538120409008	1.11986780533239694	-2.55337988863822529	-3.10842311719563291
266686501.621181964874	3143762.755090824328	-1174664.108976690797	1499148.072786421049	1.11984668310446356	-2.55338144755478513	-3.10841470824044164
266686501.639956951141	3143736.039059729315	-1174662.294642237946	1499206.606896611629	1.11982407087163960	-2.55338267444154088	-3.10840503000314872
266686501.658731967211	3143709.322032873984	-1174660.479904331733	1499265.140648209490	1.11980145866711922	-2.55338390151708960	-3.10839535178039617
266686501.677506953478	3143682.604100089986	-1174658.664716593456	1499323.673847128637	1.11977884649407899	-2.55338512879125323	-3.10838567357790785
266686501.696281969547	3143655.885174587835	-1174656.849101084750	1499382.206673990469	1.11975623420717785	-2.55338635626633392	-3.10837599533104347
266686501.715056955814	3143629.165343799163	-1174655.033080663066	1499440.738952611340	1.11973362209182792	-2.55338758392135867	-3.10836631715957523
266686501.733831971884	3143602.444535946008	-1174653.216605242109	1499499.270859116688	1.11971188436167557	-2.55338924916724430	-3.10835592693108476
266686501.752606958151	3143575.722828285303	-1174651.399723400129	1499557.802229211200	1.11969014724166094	-2.55339091489375702	-3.10834553627319465
266686501.771381974220	3143549.000115148723	-1174649.582403943874	1499616.333227416500	1.11966841016516483	-2.55339258081744003	-3.10833514564738156
266686501.790156960487	3143522.276495494414	-1174647.764666688628	1499674.863663917175	1.11964667313113297	-2.55339424693501904	-3.10832475505174344
266686501.808931946754	3143495.551965861581	-1174645.946528812870	1499733.393668348668	1.11962493614274505	-2.55339591325631554	-3.10831436449200771
266686501.827706962824	3143468.827070945408	-1174644.127662552055	1499791.923204976134	1.11960337483246652	-2.55339745033569843	-3.10830510491315293
