295534118.226847350597 0.000085125000
295534118.226847350597	2453645.639256926719	65840.753119262445	-2684965.165922814514	2.45568558641558088	-2.75800505325278822	3.03368957381769988
295534118.243872344494	2453689.201593479607	65835.039004849474	-2684926.018060706090	2.45567019459507296	-2.75800325949161662	3.03368713171171533
295534118.260897338390	2453732.763301176485	65829.324768803650	-2684886.869516761042	2.45565480276306181	-2.75800146568036109	3.03368468964717541
295534118.277922332287	2453776.324378546327	65823.610397687167	-2684847.720277638640	2.45563941478657810	-2.75799972315430075	3.03368228189029399
295534118.294947326183	2453819.884803071152	65817.895916020920	-2684808.570341923740	2.45562406943574718	-2.75799854658362031	3.03368025197509628
295534118.311972379684	2453863.444749504793	65812.181280042292	-2684769.419584985357	2.45560872407603181	-2.75799736996671152	3.03367822208864535
295534118.328997373581	2453907.003871342167	65806.466568373711	-2684730.268251603469	2.45559337870629646	-2.75799619330587831	3.03367619223397700
295534118.346022367477	2453950.562381049618	65800.751726151240	-2684691.116243793629	2.45557803332426738	-2.75799501660573121	3.03367416241716414
295534118.363047361374	2453994.120233478490	65795.036755474488	-2684651.963536479510	2.45556268793335430	-2.75799383985935576	3.03367213262910029
295534118.380072355270	2454037.677487030160	65789.321640974784	-2684612.810150140896	2.45554734586683754	-2.75799259805045871	3.03367006877577605
295534118.397097349167	2454081.234041847289	65783.606451513828	-2684573.656039161608	2.45553202365886403	-2.75799096862279969	3.03366780172001826
295534118.414122343063	2454124.789979909547	65777.891109141594	-2684534.501256782096	2.45551670143972300	-2.75798933914782962	3.03366553470302414
295534118.431147336960	2454168.345272562932	65772.175665243369	-2684495.345776238944	2.45550137920941181	-2.75798770962555118	3.03366326772479633
295534118.448172330856	2454211.899939791765	65766.460086350882	-2684456.189603433944	2.45548605696906996	-2.75798608005365731	3.03366100078229728
295534118.465197324753	2454255.453960480634	65760.744381214870	-2684417.032750474755	2.45547073471528599	-2.75798445043906515	3.03365873388463614
295534118.482222378254	2454299.007472753059	65755.028555270197	-2684377.875042130705	2.45545553654805193	-2.75798284585039344	3.03365651020511162
295534118.499247372150	2454342.560217723250	65749.312606879583	-2684338.716798801906	2.45544060638872974	-2.75798129533059555	3.03365437974445884
295534118.516272366047	2454386.112315374427	65743.596548003785	-2684299.557849913370	2.45542567621870989	-2.75797974476661745	3.03365224932040478
295534118.533297359943	2454429.663774422836	65737.880347350481	-2684260.398222269025	2.45541074603912834	-2.75797819415615519	3.03365011892991454
295534118.550322353840	2454473.214585673995	65732.164054073102	-2684221.237889066339	2.45539581584657762	-2.75797664350612370	3.03364798858209461
295534118.567347347736	2454516.764773861039	65726.447623618922	-2684182.076868026517	2.45538088564560031	-2.75797509280730324	3.03364585826480582
295534118.584372341633	2454560.314274957869	65720.731098096847	-2684142.915135755669	2.45536579947451372	-2.75797347047315933	3.03364364150180643
295534118.601397335529	2454603.863190964330	65715.014408684510	-2684103.752745267935	2.45535047593306865	-2.75797173912373195	3.03364129314322772
295534118.618422329426	2454647.411456886213	65709.297608782435	-2684064.589653705247	2.45533515238025091	-2.75797000772580869	3.03363894482497809
295534118.635447323322	2454690.959068078082	65703.580682720029	-2684025.425861121155	2.45531982881719424	-2.75796827627708518	3.03363659654402529
295534118.652472376823	2454734.506162074395	65697.863653673034	-2683986.261226607952	2.45530450524276489	-2.75796654477986714	3.03363424830340378
295534118.669497370720	2454778.052511714399	65692.146473212691	-2683947.096052580513	2.45528918165582422	-2.75796481323646114	3.03363190010615069
295534118.686522364616	2454821.598215267994	65686.429204663000	-2683907.930186333135	2.45527435992640664	-2.75796384371748937	3.03362892966841580
295534118.703547358513	2454865.143256916665	65680.711785332271	-2683868.763623608276	2.45525988780227422	-2.75796340500384218	3.03362552575258571
295534118.720572352409	2454908.687672185246	65674.994266769092	-2683829.596368617844	2.45524541566691745	-2.75796296623673109	3.03362212186509028
295534118.737597346306	2454952.231458831578	65669.276617706826	-2683790.428431790788	2.45523094352487936	-2.75796252740693459	3.03361871799379035
295534118.754622340202	2454995.774590721354	65663.558849189489	-2683751.259790973738	2.45521647137502397	-2.75796208851675839	3.03361531414172347
295534118.771647334099	2455039.317065088078	65657.840961203197	-2683712.090450651012	2.45520199921735127	-2.75796164956620293	3.03361191030888921
295534118.788672327995	2455082.858910832554	65652.122942724876	-2683672.920428490266	2.45518696341414389	-2.75796039992867525	3.03360915690683131
295534118.805697321892	2455126.400130456779	65646.404809400789	-2683633.749717035796	2.45517162531025956	-2.75795871549083227	3.03360675237206534
295534118.822722375393	2455169.940850542858	65640.686535156870	-2683594.578168089502	2.45515628708626821	-2.75795703099488732	3.03360434786409705
295534118.839747369289	2455213.480757887010	65634.968162926496	-2683555.406053140294	2.45514094895997115	-2.75795534645832996	3.03360194340857170
295534118.856772363186	2455257.020062455442	65629.249671492973	-2683516.233272563200	2.45512561082133018	-2.75795366187472268	3.03359953899570245
295534118.873797357082	2455300.558693853207	65623.531058343593	-2683477.059770214371	2.45511027267375415	-2.75795197723714880	3.03359713461638725
295534118.890822350979	2455344.096684043296	65617.812314593946	-2683437.885584685020	2.45509547863241062	-2.75795097344381768	3.03359561652768583
295534118.907847344875	2455387.634048135486	65612.093449317850	-2683398.710712831467	2.45508079247633804	-2.75795010463172519	3.03359427420156047
295534118.924872338772	2455431.170785679482	65606.374473691176	-2683359.535157625098	2.45506610631040489	-2.75794923578948215	3.03359293190428758
295534118.941897332668	2455474.707853080239	65600.656443547225	-2683320.359097772744	2.45505142013802091	-2.75794836691016965	3.03359158962676378
295534118.958922326565	2455518.243288110010	65594.937242537751	-2683281.182138959412	2.45503673395464173	-2.75794749800301275	3.03359024738112826
295534118.975947380066	2455561.778262284119	65589.217847106964	-2683242.004372275900	2.45502204776594546	-2.75794662905648158	3.03358890515220958
295534118.992972373962	2455605.312406490557	65583.498387205735	-2683202.826029204298	2.45500652875998293	-2.75794521920581071	3.03358680010873361
295534119.009997367859	2455648.845919714775	65577.778799045511	-2683163.646999865770	2.45499068519260755	-2.75794359852363025	3.03358439781675271
295534119.027022361755	2455692.378826159984	65572.059069310621	-2683124.467296046205	2.45497484161370538	-2.75794197779052963	3.03358199556470254
295534119.044047355652	2455735.911058760714	65566.339231289254	-2683085.286876396742	2.45495899802441153	-2.75794035700420315	3.03357959334955041
295534119.061072349548	2455779.442657588981	65560.619271693213	-2683046.105771995150	2.45494315442245270	-2.75793873616926444	3.03357719117736657
295534119.078097343445	2455822.973601223435	65554.899197162056	-2683006.923969544005	2.45492738329648752	-2.75793713066501311	3.03357473152028190
295534119.095122337341	2455866.503938271664	65549.178985525490	-2682967.741486669052	2.45491235713636824	-2.75793568319021709	3.03357168070225525
295534119.112147331238	2455910.033601069357	65543.458663393045	-2682928.558296876028	2.45489733096869456	-2.75793423565321127	3.03356862991317389
295534119.129172325134	2455953.562632640824	65537.738221947628	-2682889.374420817941	2.45488230479006209	-2.75793278806091324	3.03356557916213898
295534119.146197378635	2455997.091169552412	65532.017646364919	-2682850.189707213081	2.45486727849488906	-2.75793134040393229	3.03356252842877128
295534119.163222372532	2456040.618941702414	65526.296950695039	-2682811.004457107745	2.45485225229660564	-2.75792989269644107	3.03355947774776791
295534119.180247366428	2456084.146029780619	65520.576144433107	-2682771.818494259380	2.45483716988034084	-2.75792841320922610	3.03355654918333695
295534119.197272360325	2456127.672537406441	65514.855190036767	-2682732.631873136386	2.45482178005126794	-2.75792676018214244	3.03355428831981389
295534119.214297354221	2456171.198370946571	65509.134136308829	-2682693.444536185823	2.45480639021088098	-2.75792510710764249	3.03355202749561226
295534119.231322348118	2456214.723549292423	65503.412967667828	-2682654.256501186173	2.45479100035917774	-2.75792345398572714	3.03354976671073562
295534119.248347342014	2456258.248096649535	65497.691670797394	-2682615.067779921461	2.45477561049615822	-2.75792180081639726	3.03354750596518397
295534119.265372335911	2456301.772015353665	65491.970250194528	-2682575.878373846412	2.45476022062182286	-2.75792014759965376	3.03354524525895819
295534119.282397329807	2456345.295276528224	65486.248710191372	-2682536.688268266618	2.45474484134836812	-2.75791857065682100	3.03354317484309499
295534119.299422323704	2456388.817863858305	65480.527061935616	-2682497.497446856927	2.45472948222239484	-2.75791713863935284	3.03354146583624118
295534119.316447377205	2456432.340025682002	65474.805259706496	-2682458.305830702651	2.45471412308422865	-2.75791570658492224	3.03353975686835398
295534119.333472371101	2456475.861350601539	65469.083359488875	-2682419.113642703742	2.45469876393613884	-2.75791427448891646	3.03353804793336890
295534119.350497364998	2456519.382095661946	65463.361317839146	-2682379.920781577937	2.45468340477471969	-2.75791284235825662	3.03353633904038711
295534119.367522358894	2456562.902134371456	65457.639181211111	-2682340.727206293028	2.45466804560337604	-2.75791141018602293	3.03353463018030789
295534119.384547352791	2456606.421547430567	65451.916911944863	-2682301.532941715792	2.45465274867511862	-2.75790989580459511	3.03353265568102737
295534119.401572346687	2456649.940326711163	65446.194521155805	-2682262.337992384098	2.45463754358309894	-2.75790826014931545	3.03353028924866397
295534119.418597340584	2456693.458475217223	65440.471999923378	-2682223.142353815958	2.45462233848008893	-2.75790662444565671	3.03352792285483863
295534119.435622334480	2456736.975992515218	65434.749352724568	-2682183.946031953674	2.45460713336608860	-2.75790498869361889	3.03352555649955269
295534119.452647328377	2456780.492838060949	65429.026610721165	-2682144.748995719943	2.45459192824109751	-2.75790335289320376	3.03352319018280703
295534119.469672322273	2456824.009048160631	65423.303729297004	-2682105.551267335657	2.45457672310511477	-2.75790171704441178	3.03352082390460343
295534119.486697375774	2456867.524760183413	65417.580720472644	-2682066.352714797948	2.45456176257613956	-2.75790050104656537	3.03351903418465918
295534119.503722369671	2456911.039710656740	65411.857580450262	-2682027.153618309647	2.45454698206020216	-2.75789959371887772	3.03351766834812331
295534119.520747363567	2456954.554008006118	65406.134345684906	-2681987.953822257929	2.45453220153306884	-2.75789868636281810	3.03351630254423776
295534119.537772357464	2456998.067674817517	65400.410971553581	-2681948.753336970694	2.45451742099814441	-2.75789777897146537	3.03351493676390449
295534119.554797351360	2457041.580642709974	65394.687511469099	-2681909.552135953680	2.45450264045542976	-2.75789687154481911	3.03351357100712438
295534119.571822345257	2457085.093042434193	65388.963876457186	-2681870.350281161722	2.45448785990265339	-2.75789596408749560	3.03351220527996324
295534119.588847339153	2457128.604748296086	65383.240173410057	-2681831.147701670416	2.45447269655745970	-2.75789464135771745	3.03351013082615673
295534119.605872333050	2457172.115866712295	65377.516302099364	-2681791.944462506566	2.45445733384694886	-2.75789310231747420	3.03350768727922837
295534119.622897326946	2457215.626286834013	65371.792344832327	-2681752.740495732054	2.45444197112561957	-2.75789156322723583	3.03350524376971764
295534119.639922320843	2457259.136099974159	65366.068241609355	-2681713.535860415548	2.45442660839460691	-2.75789002408469575	3.03350280029459229
295534119.656947374344	2457302.645389116835	65360.344019818738	-2681674.330375823192	2.45441124565277358	-2.75788848489216232	3.03350035685688724
295534119.673972368240	2457346.153937696945	65354.619664700978	-2681635.124366515782	2.45439588289898492	-2.75788694565194392	3.03349791345963515
295534119.690997362137	2457389.661811538972	65348.895217030302	-2681595.917650293093	2.45438071310686645	-2.75788560969667884	3.03349553872973843
295534119.708022356033	2457433.169055270031	65343.170625539868	-2681556.710238892119	2.45436557765111818	-2.75788430988051791	3.03349317624511983
295534119.725047349930	2457476.675643323455	65337.445937082521	-2681517.502129442524	2.45435044218305221	-2.75788301002087133	3.03349081379976937
295534119.742072343826	2457520.182591850404	65331.722201023920	-2681478.293540411163	2.45433530670720934	-2.75788171010850913	3.03348845138155765
295534119.759097337723	2457563.687944240402	65325.997249657579	-2681439.084074640181	2.45432017121904877	-2.75788041015266305	3.03348608900261585
295534119.776122331619	2457607.192590920255	65320.272196655198	-2681399.873885797337	2.45430503572197489	-2.75787911014641063	3.03348372665384769
295534119.793147325516	2457650.696611917578	65314.547017766701	-2681360.663004691713	2.45428970545688419	-2.75787764946389657	3.03348132639192780
295534119.810172379017	2457694.200154606253	65308.821680271198	-2681321.451308303047	2.45427435503379465	-2.75787617219472736	3.03347892224597304
295534119.827197372913	2457737.702910844237	65303.096245062763	-2681282.239059149753	2.45425900470787717	-2.75787469488577930	3.03347651815231334
295534119.844222366810	2457781.205017196946	65297.370697294813	-2681243.026105949655	2.45424365437128245	-2.75787321752745385	3.03347411409509338
295534119.861247360706	2457824.706513754092	65291.645016989147	-2681203.812482750975	2.45422830402287406	-2.75787174012206027	3.03347171007734717
295534119.878272354603	2457868.207334165927	65285.919210605927	-2681164.598148206715	2.45421301760922139	-2.75787031689422024	3.03346936845603965
295534119.895297348499	2457911.707498232368	65280.193320699254	-2681125.383121553343	2.45419830843863895	-2.75786938324252517	3.03346758993099774
295534119.912322342396	2457955.207048520446	65274.467269154004	-2681086.167419020087	2.45418359926029339	-2.75786844954992327	3.03346581142975991
295534119.929347336292	2457998.705957002006	65268.741107348207	-2681046.951001956593	2.45416889007304828	-2.75786751581872247	3.03346403295535971
295534119.946372330189	2458042.204209419433	65263.014839676995	-2681007.733898727223	2.45415418087690407	-2.75786658204892454	3.03346225450779716
295534119.963397324085	2458085.701847585849	65257.288428261520	-2680968.516119613312	2.45413947167072344	-2.75786564824283875	3.03346047609010672
295534119.980422377586	2458129.198966700584	65251.561884948838	-2680929.297500082757	2.45412476235341837	-2.75786471439005387	3.03345869768474952
295534119.997447371483	2458172.695299578831	65245.835241713394	-2680890.078324816190	2.45410909070835093	-2.75786306079700871	3.03345626187329254
295534120.014472365379	2458216.191001672763	65240.108468114158	-2680850.858460313175	2.45409340458482150	-2.75786139633444671	3.03345381621933718
295534120.031497359276	2458259.686050680466	65234.381586441028	-2680811.637902189512	2.45407771844982348	-2.75785973182082822	3.03345137060560655
295534120.048522353172	2458303.180466590449	65228.654563211421	-2680772.416656342335	2.45406203230449105	-2.75785806725384575	3.03344892502907015
295534120.065547347069	2458346.674232159276	65222.927438635677	-2680733.194709417876	2.45404634614655270	-2.75785640263811871	3.03344647949579294
295534120.082572340965	2458390.167366725858	65217.200185940324	-2680693.972076229285	2.45403097196248732	-2.75785498047984357	3.03344413188337914
295534120.099597334862	2458433.659862402361	65211.472807313839	-2680654.748761316296	2.45401617403417971	-2.75785400621374377	3.03344196510055975
295534120.116622328758	2458477.151732222643	65205.745291672203	-2680615.524763049558	2.45400137609914060	-2.75785303189873776	3.03343979833926536
295534120.133647322655	2458520.642906248569	65200.017705810977	-2680576.300029718317	2.45398657815282961	-2.75785205754406126	3.03343763161162405
295534120.150672376156	2458564.133650607429	65194.289925804012	-2680537.074504665099	2.45397178020091999	-2.75785108313817195	3.03343546490247862
295534120.167697370052	2458607.623557120096	65188.562076992639	-2680497.848410740495	2.45395698223773939	-2.75785010869261260	3.03343329822698715
295534120.184722363949	2458651.112854929641	65182.834077793588	-2680458.621634935029	2.45394194167473323	-2.75784891397686316	3.03343103519662138
295534120.201747357845	2458694.601480547339	65177.105988369018	-2680419.394150697626	2.45392655349345690	-2.75784740365184611	3.03342863409424357
295534120.218772351742	2458738.089489402249	65171.377739566422	-2680380.165998031851	2.45391116530250786	-2.75784589327507090	3.03342623302588921
295534120.235797345638	2458781.576828571036	65165.649416212094	-2680340.937129480299	2.45389577709848172	-2.75784438285346623	3.03342383200065324
295534120.252822339535	2458825.063580070157	65159.920926914536	-2680301.707604223862	2.45388038888478111	-2.75784287238010517	3.03342143100944250
295534120.269847333431	2458868.549614590127	65154.192365099334	-2680262.477330606896	2.45386500066027313	-2.75784136185729700	3.03341903005528923
295534120.286872327328	2458912.035077323206	65148.463630684317	-2680223.246422551572	2.45384962851853405	-2.75783945690454013	3.03341642288203017
295534120.303897321224	2458955.519870630465	65142.734806073800	-2680184.014801580925	2.45383426695103024	-2.75783729248320730	3.03341368008283219
295534120.320922374725	2458999.004141045734	65137.005838374986	-2680144.782322425395	2.45381890526357616	-2.75783512799311437	3.03341093731240719
295534120.337947368622	2459042.487645587418	65131.276768661563	-2680105.549318654928	2.45380354367202713	-2.75783296346308182	3.03340819460721001
295534120.354972362518	2459085.970541187096	65125.547557531943	-2680066.315633000806	2.45378818206731886	-2.75783079888101179	3.03340545195204703
295534120.371997356415	2459129.452767617069	65119.818240560337	-2680027.081237403210	2.45377282045285794	-2.75782863423997426	3.03340270933782419
295534120.389022350311	2459172.934325847309	65114.088806508560	-2679987.846151324920	2.45375745243714949	-2.75782683921364491	3.03340028492298108
295534120.406047344208	2459216.415258815512	65108.359242177357	-2679948.610367042478	2.45374208099664015	-2.75782524167119147	3.03339803055196677
295534120.423072338104	2459259.895565019920	65102.629563236180	-2679909.373905348592	2.45372670954497041	-2.75782364408148695	3.03339577621937995
295534120.440097332001	2459303.375235332176	65096.899749482414	-2679870.136757445987	2.45371133808213981	-2.75782204644453310	3.03339352192522149
295534120.457122325897	2459346.854250432458	65091.169820979987	-2679830.898911494762	2.45369596660814837	-2.75782044876032995	3.03339126766949185
295534120.474147379398	2459390.332795292605	65085.439736226821	-2679791.660239778459	2.45368059512526537	-2.75781885102425806	3.03338901344613054
295534120.491172373295	2459433.810526271816	65079.709578356866	-2679752.421010970138	2.45366523539182158	-2.75781662586920984	3.03338606559146973
295534120.508197367191	2459477.287605063058	65073.979290105854	-2679713.181082599331	2.45364987800334378	-2.75781427508478849	3.03338297894343167
295534120.525222361088	2459520.765041737817	65068.249978873835	-2679673.940664277412	2.45363452060073328	-2.75781192424563804	3.03337989235110550
295534120.542247354984	2459564.240860829595	65062.519445715450	-2679634.699361859821	2.45361916318739226	-2.75780957334482979	3.03337680580540114
295534120.559272348881	2459607.716000524350	65056.788804429518	-2679595.457352583297	2.45360380576332293	-2.75780722238236375	3.03337371930631727
295534120.576297342777	2459651.190528722480	65051.058019501172	-2679556.214662938844	2.45358844832625334	-2.75780487136286068	3.03337063285991881
295534120.593322336674	2459694.664406140801	65045.327137776898	-2679516.971278159879	2.45357321829641606	-2.75780333029025826	3.03336820576481658
295534120.610347330570	2459738.137650258839	65039.596110094411	-2679477.727211599238	2.45355800031991444	-2.75780186583970366	3.03336584110984342
295534120.627372324467	2459781.610236784909	65033.864976618817	-2679438.482439591084	2.45354278233057954	-2.75780040134539117	3.03336347649687754
295534120.644397377968	2459825.082352444995	65028.133686914771	-2679399.236853699666	2.45352756422489282	-2.75779893679088017	3.03336111190124758
295534120.661422371864	2459868.553660203237	65022.402312966507	-2679359.990698777605	2.45351234621556591	-2.75779747219750027	3.03335874735714350
295534120.678447365761	2459912.024331636261	65016.670808712661	-2679320.743863588199	2.45349710329154913	-2.75779599200729209	3.03335646539395887
295534120.695472359657	2459955.494372488931	65010.939171949074	-2679281.496336191427	2.45348164968560489	-2.75779438024614887	3.03335488173834378
295534120.712497353554	2459998.963762797415	65005.207429457412	-2679242.248113660607	2.45346619606776617	-2.75779276844735444	3.03335329812182319
295534120.729522347450	2460042.432519330643	64999.475558922539	-2679202.999209346250	2.45345074243803163	-2.75779115661091145	3.03335171454439756
295534120.746547341347	2460085.900618977379	64993.743555760149	-2679163.749599586707	2.45343528879753636	-2.75778954473450799	3.03335013100303774
295534120.763572335243	2460129.368070372380	64988.011464792638	-2679124.499290207401	2.45341983514287643	-2.75778793282507761	3.03334854750683514
295534120.780597329140	2460172.834887797013	64982.279241311742	-2679085.248304988723	2.45340441363901007	-2.75778632662049672	3.03334684302852864
295534120.797622323036	2460216.301069753245	64976.546878589492	-2679045.996627619490	2.45338915176050065	-2.75778474888728509	3.03334453790426029
295534120.814647376537	2460259.766756612808	64970.814379684954	-2679006.744121614844	2.45337388987330041	-2.75778317110180105	3.03334223281176074
295534120.831672370434	2460303.231654676609	64965.081778742388	-2678967.491061386652	2.45335862797286897	-2.75778159327328920	3.03333992776315275
295534120.848697364330	2460346.695926828310	64959.349054294078	-2678928.237311865669	2.45334336606147563	-2.75778001539712747	3.03333762275237584
295534120.865722358227	2460390.159492157865	64953.616246249796	-2678888.982851158362	2.45332810413912128	-2.75777843747331719	3.03333531777943177
295534120.882747352123	2460433.622497397475	64947.883259037553	-2678849.727729161736	2.45331307595775572	-2.75777688985037539	3.03333322425760787
295534120.899772346020	2460477.084824903868	64942.150181661418	-2678810.471907703672	2.45329846218704661	-2.75777539599189714	3.03333150558867759
295534120.916797339916	2460520.546481071506	64936.417005207433	-2678771.215365932323	2.45328384840573621	-2.75777390209590978	3.03332978695486899
295534120.933822333813	2460564.007541880012	64930.683662841831	-2678731.958169028163	2.45326923461382584	-2.75777240816241465	3.03332806835618163
295534120.950847327709	2460607.467954906635	64924.950214796350	-2678692.700272506103	2.45325462081131551	-2.75777091419141129	3.03332634979261639
295534120.967872321606	2460650.927707376424	64919.216656515797	-2678653.441680963617	2.45324000699706923	-2.75776942018521254	3.03332463126720464
295534120.984897375107	2460694.386987281498	64913.482930833197	-2678614.182265168987	2.45322508831942265	-2.75776793886816796	3.03332273854331769
295534121.001922369003	2460737.845437222160	64907.749134300502	-2678574.922275957651	2.45320921847323792	-2.75776649727532908	3.03332030204876535
295534121.018947362900	2460781.303277330473	64902.015212111335	-2678535.661613776349	2.45319334861374738	-2.75776505563561969	3.03331786559740424
295534121.035972356796	2460824.760459902696	64896.281164044471	-2678496.400255060289	2.45317747874435632	-2.75776361394210534	3.03331542918014430
295534121.052997350693	2460868.217033543158	64890.546967943694	-2678457.138217435218	2.45316160886392831	-2.75776217219709974	3.03331299280001732
295534121.070022344589	2460911.672932236921	64884.812675004927	-2678417.875478832982	2.45314573897359756	-2.75776073039829184	3.03331055645399461
295534121.087047338486	2460955.128197556362	64879.078256308050	-2678378.612049537711	2.45313051913080749	-2.75775886985150187	3.03330820386843270
295534121.104072332382	2460998.582832074258	64873.343707395863	-2678339.347931005061	2.45311570972380943	-2.75775674489116884	3.03330590418726365
295534121.121097326279	2461042.036815830506	64867.609055051391	-2678300.083120306954	2.45310090030486361	-2.75775461988465542	3.03330360455101911
295534121.138122379780	2461085.490297690500	64861.874250841538	-2678260.817473634146	2.45308609087624152	-2.75775249482733642	3.03330130495363903
295534121.155147373676	2461128.943014286924	64856.139344754411	-2678221.551290463191	2.45307128143226771	-2.75775036973077192	3.03329900541027397
295534121.172172367573	2461172.395078448113	64850.404317318636	-2678182.284407729749	2.45305647197748078	-2.75774824458571688	3.03329670590880607
295534121.189197361469	2461215.846485266928	64844.669168504879	-2678143.016822520643	2.45304128522545284	-2.75774653963084848	3.03329440755391611
295534121.206222355366	2461259.297219237778	64838.933936319110	-2678103.748537790962	2.45302591430917438	-2.75774503974604679	3.03329210977495389
295534121.223247349262	2461302.747358703520	64833.198529308218	-2678064.479586047586	2.45301054338203883	-2.75774353981337139	3.03328981203288794
295534121.240272343159	2461346.196850619279	64827.463007701910	-2678025.209934685379	2.45299517244517995	-2.75774203983051125	3.03328751432468868
295534121.257297337055	2461389.645688767079	64821.727391616601	-2677985.939595643431	2.45297980149632844	-2.75774053980209155	3.03328521665641748
295534121.274322330952	2461433.093891418073	64815.991643071357	-2677946.668561480939	2.45296443053548296	-2.75773903972811274	3.03328291902807390
295534121.291347324848	2461476.541465407703	64810.255764348316	-2677907.396845479496	2.45294913345884691	-2.75773764761872364	3.03328131444368454
295534121.308372378349	2461519.989512278233	64804.520849958179	-2677868.124480889644	2.45293384794665137	-2.75773627254105547	3.03327981945127156
295534121.325397372246	2461563.435775390826	64798.784746447840	-2677828.851374732330	2.45291856253088891	-2.75773489743631695	3.03327832450329238
295534121.342422366142	2461606.881407698151	64793.048512754016	-2677789.577579339035	2.45290327710416411	-2.75773352229562674	3.03327682959025724
295534121.359447360039	2461650.326404293068	64787.312148850790	-2677750.303091793321	2.45288799166534099	-2.75773214712129899	3.03327533471519750
295534121.376472353935	2461693.770750590600	64781.575663635071	-2677711.027912086342	2.45287270621782438	-2.75773077190639659	3.03327383986902532
295534121.393497347832	2461737.214443529025	64775.839086204542	-2677671.752035785001	2.45285745604645911	-2.75772923363672318	3.03327152454528770
295534121.410522341728	2461780.657501028851	64770.102356177173	-2677632.475473276805	2.45284220900441685	-2.75772768081836706	3.03326913629360462
295534121.427547335625	2461824.099927057046	64764.365509408206	-2677593.198227472603	2.45282696195042504	-2.75772612795352146	3.03326674808233943
295534121.444572329521	2461867.541700625792	64758.628548043132	-2677553.920279135928	2.45281171488561700	-2.75772457503987445	3.03326435990846388
295534121.461597323418	2461910.982840405311	64752.891458731028	-2677514.641649018042	2.45279646780999316	-2.75772302207742692	3.03326197177197932
295534121.478622376919	2461954.423461089376	64747.154244389320	-2677475.362175510731	2.45278135568346567	-2.75772145191001439	3.03325957563353077
295534121.495647370815	2461997.863336275797	64741.416896970120	-2677436.082174373791	2.45276759109668241	-2.75771971044218711	3.03325709932542864
295534121.512672364712	2462041.302541802637	64735.679461758307	-2677396.801463291980	2.45275382650017715	-2.75771796892906806	3.03325462305359173
295534121.529697358608	2462084.741111828946	64729.941894122705	-2677357.520057090092	2.45274006189281568	-2.75771622737297006	3.03325214682104827
295534121.546722352505	2462128.179023454431	64724.204209627263	-2677318.237966236193	2.45272629727686597	-2.75771448576926881	3.03324967062174311
295534121.563747346401	2462171.616306821350	64718.466397232987	-2677278.955184631515	2.45271253265119382	-2.75771274412027845	3.03324719445870494
295534121.580772340298	2462215.052956418600	64712.728450188020	-2677239.671724216081	2.45269851503591729	-2.75771107570557028	3.03324474585724069
295534121.597797334194	2462258.488950985018	64706.990393034175	-2677200.387559809722	2.45268330108501331	-2.75770975378992267	3.03324242747261508
295534121.614822328091	2462301.924295423087	64701.252225799180	-2677161.102694327012	2.45266808712388951	-2.75770843182658920	3.03324010912174824
295534121.631847321987	2462345.359021957964	64695.513923989434	-2677121.817169329152	2.45265287315141256	-2.75770710981788270	3.03323779080766931
295534121.648872375488	2462388.793230056763	64689.775483734818	-2677082.530795001891	2.45263765906295594	-2.75770578775066832	3.03323547250906600
295534121.665897369385	2462432.226657000836	64684.036948340690	-2677043.243861909956	2.45262244507117266	-2.75770446564428084	3.03323315425948037
295534121.682922363281	2462475.659447604325	64678.298282776952	-2677003.956248550210	2.45260757065407864	-2.75770307380855817	3.03323118959671989
295534121.699947357178	2462519.091582547873	64672.559507108192	-2676964.667943084147	2.45259328421463474	-2.75770156128292854	3.03322983714227234
295534121.716972351074	2462562.523067792412	64666.820616896985	-2676925.378930601291	2.45257899776453048	-2.75770004872560470	3.03322848472254458
295534121.733997344971	2462605.953914164100	64661.081587546054	-2676886.089242335409	2.45256471130490050	-2.75769853613427385	3.03322713233450791
295534121.751022338867	2462649.384134375956	64655.342443771362	-2676846.798864774872	2.45255042483347596	-2.75769702351356250	3.03322577998422060
295534121.768047332764	2462692.813716103323	64649.603169828195	-2676807.507799548563	2.45253613835025597	-2.75769551086347109	3.03322442767168310
295534121.785072326660	2462736.242650080007	64643.863776877195	-2676768.216040643863	2.45252129802507390	-2.75769401869383968	3.03322265487336118
295534121.802097380161	2462779.671057239175	64638.124272333473	-2676728.923433980439	2.45250568662541024	-2.75769255504623212	3.03322029666242310
295534121.819122374058	2462823.098704739939	64632.384639171731	-2676689.630293732975	2.45249007521594686	-2.75769109134681267	3.03321793848535570
295534121.836147367954	2462866.525735408999	64626.644860277112	-2676650.336479116231	2.45247446379441403	-2.75768962760020875	3.03321558034821726
295534121.853172361851	2462909.952072214335	64620.905006961038	-2676611.041942769662	2.45245885236194550	-2.75768816380410886	3.03321322224798084
295534121.870197355747	2462953.377775439993	64615.165023514237	-2676571.746721671894	2.45244324091854127	-2.75768669995851257	3.03321086418464780
295534121.887222349644	2462996.802867167164	64609.424889890077	-2676532.450823178515	2.45242836616478233	-2.75768537850520667	3.03320924544232184
295534121.904247343540	2463040.227286232170	64603.684677470257	-2676493.154219224118	2.45241395392219053	-2.75768414645022242	3.03320809087947607
295534121.921272337437	2463083.651091738604	64597.944287980223	-2676453.856942356564	2.45239954167308660	-2.75768291435904445	3.03320693633840888
295534121.938297331333	2463127.074219653849	64592.203826401375	-2676414.558954144828	2.45238512941066578	-2.75768168224555321	3.03320578183728884
295534121.955322325230	2463170.496735232882	64586.463216882978	-2676375.260303389281	2.45237071713946397	-2.75768045010049567	3.03320462736400431
295534121.972347378731	2463213.918737434316	64580.722486907689	-2676335.960794333369	2.45235630475593114	-2.75767921792061932	3.03320347291750636
295534121.989372372627	2463257.339969300665	64574.981637242672	-2676296.660757749807	2.45234127106755917	-2.75767788846241313	3.03320173482244870
295534122.006397366524	2463300.760546597186	64569.240659603565	-2676257.360017175786	2.45232562082645877	-2.75767646246287823	3.03319941763540468
295534122.023422360420	2463344.180468189530	64563.499585354293	-2676218.058578553610	2.45230997057219602	-2.75767503641896328	3.03319710049082403
295534122.040447354317	2463387.599760893267	64557.758383257809	-2676178.756461064331	2.45229432030817307	-2.75767361032372760	3.03319478337962378
295534122.057472348213	2463431.018393689767	64552.017057648525	-2676139.453642611392	2.45227867003325617	-2.75767218417948623	3.03319246630483308
295534122.074497342110	2463474.436402914114	64546.275606469178	-2676100.150139292236	2.45226301974857730	-2.75767075798392636	3.03319014926342634
295534122.091522336006	2463517.854757388588	64540.535114443628	-2676060.846156561282	2.45224813294473343	-2.75766935689547710	3.03318908409544941
295534122.108547329903	2463561.271498998627	64534.793414263506	-2676021.541286709718	2.45223335843817924	-2.75766795947950083	3.03318820310420723
295534122.125572323799	2463604.687539732084	64529.051626221415	-2675982.235690759961	2.45221858392060321	-2.75766656203739080	3.03318732214723852
295534122.142597377300	2463648.103128630202	64523.309677713543	-2675942.929289796855	2.45220380939313909	-2.75766516456683375	3.03318644122151726
295534122.159622371197	2463691.517926185858	64517.567618407382	-2675903.622339094058	2.45218903485351802	-2.75766376707245842	3.03318556033309861
295534122.176647365093	2463734.932068953756	64511.825433384955	-2675864.314687374048	2.45217426030400798	-2.75766236954963651	3.03318467947592874
295534122.193672358990	2463778.345557922497	64506.083160745446	-2675825.006345003378	2.45215889219039340	-2.75766101249972051	3.03318248550317016
295534122.210697352886	2463821.758432858624	64500.340728992116	-2675785.697329720948	2.45214347791830756	-2.75765965854878381	3.03318018946308943
295534122.227722346783	2463865.170633454341	64494.598200561770	-2675746.387601579074	2.45212806363572344	-2.75765830454987837	3.03317789345773470
295534122.244747340679	2463908.582200486213	64488.855535326365	-2675707.077191655990	2.45211264934377393	-2.75765695050069048	3.03317559748408128
295534122.261772334576	2463951.993139016442	64483.112751251159	-2675667.766090980731	2.45209723504019017	-2.75765559640585067	3.03317330154818476
295534122.278797328472	2463995.403426744975	64477.369870621485	-2675628.454295172356	2.45208187911025943	-2.75765422423959805	3.03317113723559695
295534122.295822322369	2464038.813073274679	64471.626839706230	-2675589.141825094819	2.45206694574342565	-2.75765272156620478	3.03316992532163310
295534122.312847375870	2464082.222203869373	64465.883686117653	-2675549.828498231713	2.45205201225919156	-2.75765121885424414	3.03316871343939409
295534122.329872369766	2464125.630583402701	64460.140406278697	-2675510.514649737626	2.45203707886741507	-2.75764971612326626	3.03316750160389903
295534122.346897363663	2464169.038317277562	64454.397020954959	-2675471.200109021273	2.45202214546543429	-2.75764821335886934	3.03316628980158587
295534122.363922357559	2464212.445388904773	64448.653507668947	-2675431.884865886066	2.45200721205211503	-2.75764671056336752	3.03316507803548241
295534122.380947351456	2464255.851804862265	64442.909884370463	-2675392.568930644076	2.45199220942696128	-2.75764519702259348	3.03316365094435803
295534122.397972345352	2464299.257575334515	64437.166166808311	-2675353.252294269856	2.45197689133519914	-2.75764363460114881	3.03316124215696004
295534122.414997339249	2464342.662754105404	64431.422254414203	-2675313.934995308984	2.45196157323593722	-2.75764207212344781	3.03315883339820491
295534122.432022333145	2464386.067252301145	64425.678272234567	-2675274.616992458235	2.45194625512237163	-2.75764050960337892	3.03315642468625679
295534122.449047327042	2464429.471076390240	64419.934184445308	-2675235.298276746646	2.45193093699903653	-2.75763894703168377	3.03315401600900891
295534122.466072320938	2464472.874309765175	64414.189939929427	-2675195.978908818681	2.45191561886479992	-2.75763738441067829	3.03315160736948819
295534122.483097374439	2464516.277029538061	64408.445577252904	-2675156.658685562201	2.45190040419038180	-2.75763590912469914	3.03314929374117792
295534122.500122368336	2464559.678974318784	64402.701079254257	-2675117.337934833951	2.45188537833772457	-2.75763459302719882	3.03314715322296857
295534122.517147362232	2464603.080244521145	64396.956493586229	-2675078.016471245792	2.45187035247377327	-2.75763327688745807	3.03314501274108483
295534122.534172356129	2464646.480905103963	64391.211773521034	-2675038.694334689993	2.45185532659852745	-2.75763196070547689	3.03314287229552804
295534122.551197350025	2464689.880867826287	64385.466949977403	-2674999.371470520739	2.45184030071538794	-2.75763064447431239	3.03314073187721833
295534122.568222343922	2464733.280263350345	64379.721976569497	-2674960.047968886327	2.45182527481982016	-2.75762932820322337	3.03313859149826337
295534122.585247337818	2464776.678982665297	64373.976884111471	-2674920.723752935883	2.45181015689423765	-2.75762807375781849	3.03313640778304627
295534122.602272331715	2464820.077021869365	64368.231703959507	-2674881.398833096959	2.45179492051540704	-2.75762689890816759	3.03313416828950011
295534122.619297325611	2464863.474473769311	64362.486360406365	-2674842.073247643653	2.45177968412669323	-2.75762572401191619	3.03313192882751181
295534122.636322379112	2464906.871406104416	64356.740903155696	-2674802.746821770910	2.45176444772922864	-2.75762454906674925	3.03312968939405714
295534122.653347373009	2464950.267528004944	64350.995346280113	-2674763.419834322296	2.45174921132188128	-2.75762337407498226	3.03312744999216255
295534122.670372366905	2464993.663013726007	64345.249670587691	-2674724.092157694045	2.45173397490238187	-2.75762219904124661	3.03312521062788232
295534122.687397360802	2465037.057873097248	64339.503869383632	-2674684.763800683897	2.45171851538512930	-2.75762086393784145	3.03312248669836748
295534122.704422354698	2465080.452123509254	64333.757920364864	-2674645.434764763806	2.45170292291362557	-2.75761943341753035	3.03311947402335624
295534122.721447348595	2465123.845686391462	64328.011867943358	-2674606.105029494967	2.45168733043175591	-2.75761800283810077	3.03311646138451207
295534122.738472342491	2465167.238577480894	64322.265721172240	-2674566.774579851888	2.45167173793951854	-2.75761657219955447	3.03311344878183720
295534122.755497336388	2465210.630861749873	64316.519426589140	-2674527.443458697293	2.45165614543804766	-2.75761514149957510	3.03311043621230603
295534122.772522330284	2465254.022509407718	64310.773017681415	-2674488.111654304899	2.45164055292394245	-2.75761371074511086	3.03310742368499842
295534122.789547324181	2465297.413501858246	64305.026480882589	-2674448.779157804791	2.45162522118609605	-2.75761225205913529	3.03310481004240096
295534122.806572377682	2465340.803992345463	64299.279805861945	-2674409.445819387212	2.45161000692659936	-2.75761078075069443	3.03310237628525581
295534122.823597371578	2465384.193695061840	64293.533047050914	-2674370.111946026329	2.45159479276344650	-2.75760930940246896	3.03309994258023208
295534122.840622365475	2465427.582772732712	64287.786142588404	-2674330.777377431281	2.45157957859200959	-2.75760783800027331	3.03309750890521324
295534122.857647359371	2465470.971187699120	64282.039121434995	-2674291.442109389231	2.45156436440888825	-2.75760636655105440	3.03309507526927780
295534122.874672353268	2465514.358995181508	64276.291965933749	-2674252.106175775174	2.45154915021521447	-2.75760489505249851	3.03309264166940196
295534122.891697347164	2465557.747117434163	64270.545805335132	-2674212.769731558859	2.45153435359957328	-2.75760347498428882	3.03309063608443186
295534122.908722341061	2465601.133613761049	64264.798434448719	-2674173.432407789398	2.45151961720535150	-2.75760206230233340	3.03308869226833888
295534122.925747334957	2465644.519482297357	64259.050911175793	-2674134.094396238681	2.45150488080420992	-2.75760064957247986	3.03308674847732629
295534122.942772328854	2465687.904668558855	64253.303306993985	-2674094.755670430604	2.45149014438934776	-2.75759923680862329	3.03308480472954889
295534122.959797322750	2465731.289216142148	64247.555561590620	-2674055.416265868582	2.45147540796529917	-2.75759782400150089	3.03308286101290481
295534122.976822376251	2465774.673295112327	64241.807678136407	-2674016.076042940374	2.45146067153206326	-2.75759641115111354	3.03308091732739449
295534122.993847370148	2465818.056588062085	64236.059679549042	-2673976.735267246142	2.45144509407931022	-2.75759507228152057	3.03307863177730708
295534123.010872364044	2465861.439222550020	64230.311577753353	-2673937.393800959457	2.45142923434877069	-2.75759375820835029	3.03307623151452876
295534123.027897357941	2465904.821194333956	64224.563359297012	-2673898.051635222044	2.45141337460638908	-2.75759244408660553	3.03307383128986752
295534123.044922351837	2465948.202543190215	64218.815001941490	-2673858.708778678905	2.45139751485556534	-2.75759112990933852	3.03307143109424704
295534123.061947345734	2465991.583257337566	64213.066539272404	-2673819.365246295929	2.45138165509176575	-2.75758981568581385	3.03306903093977098
295534123.078972339630	2466034.963316900190	64207.317948768607	-2673780.021009922493	2.45136580781998381	-2.75758848346349428	3.03306675092770206
295534123.095997333527	2466078.342718251050	64201.569239363831	-2673740.676085926592	2.45135004844291338	-2.75758702501197384	3.03306531550396885
295534123.113022327423	2466121.721485771704	64195.820408969215	-2673701.330477177165	2.45133428905295458	-2.75758556652663067	3.03306388012071082
295534123.130047321320	2466165.099622457754	64190.071448630537	-2673661.984179192688	2.45131852965124120	-2.75758410800514975	3.03306244477490417
295534123.147072374821	2466208.477239785716	64184.322372414957	-2673622.637037819717	2.45130277012592490	-2.75758264944038300	3.03306100946050128
295534123.164097368717	2466251.854092061985	64178.573185695313	-2673583.289359948132	2.45128701069956723	-2.75758119084894471	3.03305957419262429
295534123.181122362614	2466295.230308888946	64172.823839852528	-2673543.940998839214	2.45127132688471239	-2.75757974482996060	3.03305794625616443
295534123.198147356510	2466338.605821573641	64167.074430959699	-2673504.591913145036	2.45125597357776481	-2.75757835391388317	3.03305547611732429
295534123.215172350407	2466381.980750991032	64161.324867709707	-2673465.242176631466	2.45124062026150646	-2.75757696294518073	3.03305300601059624
295534123.232197344303	2466425.355023033917	64155.575183358000	-2673425.891737643164	2.45122526693480358	-2.75757557192616876	3.03305053593900587
295534123.249222338200	2466468.728639628738	64149.825380142604	-2673386.540606548078	2.45120991359878904	-2.75757418085453265	3.03304806589953024
295534123.266247332096	2466512.101603719406	64144.075469313524	-2673347.188769948669	2.45119456025119664	-2.75757278973490605	3.03304559589821965
295534123.283272325993	2466555.473933564965	64138.325435258819	-2673307.836257508956	2.45117928756124437	-2.75757118279332802	3.03304323388667019
295534123.300297379494	2466598.845787549391	64132.575258690165	-2673268.482922332827	2.45116414741935795	-2.75756922123318882	3.03304104931487339
295534123.317322373390	2466642.216836430598	64126.824978132616	-2673229.129022549372	2.45114900726653673	-2.75756725962522076	3.03303886478358153
295534123.334347367287	2466685.587260370143	64121.074549767858	-2673189.774458880536	2.45113386710051628	-2.75756529797405614	3.03303668029884310
295534123.351372361183	2466728.957036280539	64115.324018286403	-2673150.419198564254	2.45111872692242816	-2.75756333627737993	3.03303449585763607
295534123.368397355080	2466772.326156937517	64109.573372454630	-2673111.063240198884	2.45110358673227235	-2.75756137453519257	3.03303231145995955
295534123.385422348976	2466815.694617023692	64103.822610005409	-2673071.706589783542	2.45108836418480358	-2.75755973190565706	3.03303005346173471
295534123.402447342873	2466859.062450929545	64098.071733371173	-2673032.349250073079	2.45107302598071897	-2.75755853745344881	3.03302769207688705
295534123.419472336769	2466902.429603311233	64092.320728774212	-2672992.991205017548	2.45105768777006361	-2.75755734294561483	3.03302533071503344
295534123.436497330666	2466945.796153246425	64086.569614622022	-2672953.632482451387	2.45104234954603628	-2.75755614839605956	3.03302296939432559
295534123.453522324562	2466989.162062157411	64080.818354817442	-2672914.273079672828	2.45102701131316891	-2.75755495379551485	3.03302060810266516
295534123.470547378063	2467032.527473357506	64075.066963597012	-2672874.912846803665	2.45101167296143174	-2.75755375914099909	3.03301824683054511
295534123.487572371960	2467075.892098296434	64069.315466289256	-2672835.552061168477	2.45099643234148390	-2.75755234131843130	3.03301581574016899
295534123.504597365856	2467119.256062899251	64063.563843407108	-2672796.190583481919	2.45098125332654027	-2.75755078263374998	3.03301334059380112
295534123.521622359753	2467162.619379450101	64057.812124167409	-2672756.828406176995	2.45096607429974611	-2.75754922390156931	3.03301086548777077
295534123.538647353649	2467205.982057061046	64052.060279491569	-2672717.465547148138	2.45095089526110144	-2.75754766512189020	3.03300839042207970
295534123.555672347546	2467249.344096218701	64046.308284693849	-2672678.102009363007	2.45093571621400441	-2.75754610628776264	3.03300591538765518
295534123.572697341442	2467292.705492407549	64040.556204793116	-2672638.737765964121	2.45092053715392311	-2.75754454740845567	3.03300344039659642
295534123.589722335339	2467336.066231253557	64034.803990366068	-2672599.372826028150	2.45090532791655802	-2.75754315044297860	3.03300099283818048
295534123.606747329235	2467379.426350046881	64029.051634920506	-2672560.007222148124	2.45089010547055741	-2.75754182428273120	3.03299855730378320
295534123.623772323132	2467422.785799153615	64023.299191972226	-2672520.640908323694	2.45087488301436718	-2.75754049807310109	3.03299612180323397
295534123.640797376633	2467466.144786840770	64017.546572997613	-2672481.273786629550	2.45085966054912019	-2.75753917181177188	3.03299368633350896
295534123.657822370529	2467509.502944318578	64011.793885831365	-2672441.906094489153	2.45084443807254937	-2.75753784550337944	3.03299125090065802
295534123.674847364426	2467552.861460367218	64006.042151251902	-2672402.537915369030	2.45082921558692135	-2.75753651914328879	3.03298881549863397
295534123.691872358322	2467596.218353185337	64000.289206569731	-2672363.168852209114	2.45081379233851004	-2.75753521241733379	3.03298657975747821
295534123.708897352219	2467639.574587530456	63994.536158781106	-2672323.799098457675	2.45079834307800670	-2.75753390819578392	3.03298436990789533
295534123.725922346115	2467682.930196798872	63988.782972184257	-2672284.428646500688	2.45078289380818237	-2.75753260392512356	3.03298216008935517
295534123.742947340012	2467726.285163946915	63983.029657900035	-2672245.057526215445	2.45076744452790285	-2.75753129960767085	3.03297995030488288
295534123.759972333908	2467769.639435319230	63977.276253750009	-2672205.685679774731	2.45075199523830145	-2.75752999524110809	3.03297774055145508
295534123.776997327805	2467812.993138231337	63971.522677497662	-2672166.313182529993	2.45073654593711110	-2.75752869083007379	3.03297553083512250
295534123.794022321701	2467856.346165926661	63965.769013736688	-2672126.939984307624	2.45072115199782337	-2.75752727488319316	3.03297310598803227
295534123.811047375202	2467899.698686131276	63960.015205107768	-2672087.565956107341	2.45070576155307984	-2.75752585160217567	3.03297066711882390
295534123.828072369099	2467943.050427275710	63954.261308421337	-2672048.191373572219	2.45069037120587474	-2.75752442828041211	3.03296822830146251
295534123.845097362995	2467986.401530388277	63948.507257170146	-2672008.816106341314	2.45067498085034519	-2.75752300490404911	3.03296578951380003
295534123.862122356892	2468029.751979701221	63942.753111818318	-2671969.440151431132	2.45065959048309123	-2.75752158148004201	3.03296335076491008
295534123.879147350788	2468073.101798599586	63936.998832150945	-2671930.063501341734	2.45064437254741385	-2.75752024430333975	3.03296095743324923
295534123.896172344685	2468116.450959041715	63931.244442662777	-2671890.686163630802	2.45063029871665838	-2.75751947964415267	3.03295886522594804
295534123.913197338581	2468159.799459120259	63925.489934390498	-2671851.308130899444	2.45061622487788044	-2.75751871494384782	3.03295677304193179
295534123.930222332478	2468203.147336024791	63919.735296302402	-2671811.929407360498	2.45060215103221291	-2.75751795020010793	3.03295468087817799
295534123.947247326374	2468246.494573536795	63913.980544054764	-2671772.550005067606	2.45058807717625626	-2.75751718541988833	3.03295258874375895
295534123.964272379875	2468289.841284472495	63908.225658047289	-2671733.169760955963	2.45057400331454334	-2.75751642059391555	3.03295049662657945
295534123.981297373772	2468333.187235466670	63902.470659437087	-2671693.788980288431	2.45055990054463591	-2.75751564852948805	3.03294839951054040
295534123.998322367668	2468376.532528860960	63896.715542068254	-2671654.407500116620	2.45054401646939501	-2.75751443264207374	3.03294599267838505
295534124.015347361565	2468419.877193763386	63890.960292625779	-2671615.025335136335	2.45052813238483447	-2.75751321670128657	3.03294358587677992
295534124.032372355461	2468463.221195302904	63885.204933378642	-2671575.642479619011	2.45051224828868808	-2.75751200071176461	3.03294117911177352
295534124.049397349358	2468506.564524817746	63879.449482200245	-2671536.258912698831	2.45049636418208738	-2.75751078467119104	3.03293877238034337
295534124.066422343254	2468549.907261021901	63873.693878994345	-2671496.874692104757	2.45048048006390129	-2.75750956858188268	3.03293636568551328
295534124.083447337151	2468593.249347297009	63867.938157065510	-2671457.489770433865	2.45046490648405157	-2.75750846214264378	3.03293400573540506
295534124.100472331047	2468636.590770887677	63862.182305142138	-2671418.104155256413	2.45044982344590201	-2.75750752894372297	3.03293171960271701
295534124.117497324944	2468679.931541317608	63856.426352441762	-2671378.717843487859	2.45043474039751397	-2.75750659570032974	3.03292943350059652
295534124.134522378445	2468723.271833554376	63850.670246095433	-2671339.330710495356	2.45041965723290955	-2.75750566240667938	3.03292714741401292
295534124.151547372341	2468766.611363080796	63844.914027155253	-2671299.943045431748	2.45040457416630852	-2.75750472906970678	3.03292486136698436
295534124.168572366238	2468809.950189386494	63839.157709404615	-2671260.554655783344	2.45038949109173343	-2.75750379568362680	3.03292257534447973
295534124.185597360134	2468853.288405402564	63833.401264205575	-2671221.165602078196	2.45037425933448016	-2.75750278140741489	3.03292022121582550
295534124.202622354031	2468896.625966350082	63827.644709275322	-2671181.775844383053	2.45035884588554920	-2.75750166828924526	3.03291778385566158
295534124.219647347927	2468939.962893271353	63821.888022265739	-2671142.385410848074	2.45034343242796293	-2.75750055511874592	3.03291534652343131
295534124.236672341824	2468983.299159823917	63816.131216515489	-2671102.994282291736	2.45032801896058849	-2.75749944189823593	3.03291290922215895
295534124.253697335720	2469026.634797864128	63810.374285465514	-2671063.602465956006	2.45031260548342544	-2.75749832862771660	3.03291047195184449
295534124.270722329617	2469069.969780656043	63804.617233445468	-2671024.209954541177	2.45029719199760576	-2.75749721530486980	3.03290803470946768
295534124.287747323513	2469113.304129386321	63798.860062841639	-2670984.816761345603	2.45028167337691105	-2.75749618384554163	3.03290575438308885
295534124.304772377014	2469156.637980819214	63793.102756442066	-2670945.422732115723	2.45026609604878765	-2.75749519807384758	3.03290356168275865
295534124.321797370911	2469199.971040450037	63787.345344052024	-2670906.028159090783	2.45025051870990884	-2.75749421225755986	3.03290136901474972
295534124.338822364807	2469243.303463893943	63781.587806357944	-2670866.632899857126	2.45023494136027553	-2.75749322639667849	3.03289917637906203
295534124.355847358704	2469286.635232126340	63775.830134214630	-2670827.236951484811	2.45021936400441653	-2.75749224048192687	3.03289698376360661
295534124.372872352600	2469329.966349280439	63770.072381550788	-2670787.840305008925	2.45020378663553728	-2.75749125452722188	3.03289479118652006
295534124.389897346497	2469373.296852148138	63764.314472281512	-2670748.442988590337	2.45018837002733525	-2.75749004585793056	3.03289243484431292
295534124.406922340393	2469416.626651558559	63758.556473215096	-2670709.044947587419	2.45017302124945324	-2.75748874318033099	3.03289000941944309
295534124.423947334290	2469459.955843674950	63752.798337768581	-2670669.646238043439	2.45015767246132166	-2.75748744045310401	3.03288758402835512
295534124.440972328186	2469503.284402172547	63747.040072539676	-2670630.246843745932	2.45014232366294049	-2.75748613767624917	3.03288515867105080
295534124.457997322083	2469546.613291679416	63741.282779965783	-2670590.846964081284	2.45012697485544173	-2.75748483484744833	3.03288273334450853
295534124.475022375584	2469589.940699501894	63735.524280472193	-2670551.446040130220	2.45011162592645704	-2.75748353196760698	3.03288030804481279
295534124.492047369480	2469633.267310863826	63729.765659285476	-2670512.044572438579	2.45009617750933639	-2.75748298323510355	3.03287865978857774
295534124.509072363377	2469676.593293510377	63724.006908325689	-2670472.642422909383	2.45008071473645916	-2.75748254312969099	3.03287712350373351
295534124.526097357273	2469719.918613002636	63718.248045396424	-2670433.239579872694	2.45006525195475167	-2.75748210298966567	3.03287558724229189
295534124.543122351170	2469763.243279777467	63712.489070531999	-2670393.836037273053	2.45004978916534677	-2.75748166281270857	3.03287405100123131
295534124.560147345066	2469806.567315054592	63706.729972630681	-2670354.431814348791	2.45003432636824403	-2.75748122259882011	3.03287251478055220
295534124.577172338963	2469849.890714140143	63700.970749457156	-2670315.026905215811	2.45001886356231147	-2.75748078235031979	3.03287097858327703
295534124.594197332859	2469893.213458436076	63695.211387382413	-2670275.621301005594	2.45000351622400370	-2.75747980029495476	3.03286854251362881
295534124.611222326756	2469936.535570324864	63689.451931471471	-2670236.215019441210	2.44998817486727694	-2.75747879007239938	3.03286605976720036
295534124.628247380257	2469979.857163493056	63683.692346396128	-2670196.807888546493	2.44997283350336170	-2.75747777979476671	3.03286357704393783
295534124.645272374153	2470023.177960182540	63677.932646401132	-2670157.400210941210	2.44995749212885938	-2.75747676946901787	3.03286109435290996
295534124.662297368050	2470066.498144255951	63672.172807786861	-2670117.991870792117	2.44994215074490373	-2.75747575909283249	3.03285861169109472
295534124.679322361946	2470109.817681157030	63666.412850536974	-2670078.582825083751	2.44992695265116378	-2.75747476969992089	3.03285603302214390
295534124.696347355843	2470153.136533250101	63660.652796921793	-2670039.173072570935	2.44991259743454570	-2.75747390399022807	3.03285288951169640
295534124.713372349739	2470196.454799676314	63654.892598135120	-2669999.762661842629	2.44989824220843611	-2.75747303822658107	3.03284974602947166
295534124.730397343636	2470239.772386877798	63649.132282774415	-2669960.351544253062	2.44988388697623227	-2.75747217240202014	3.03284660256640404
295534124.747422337532	2470283.089339780621	63643.371857885315	-2669920.939744881354	2.44986953173340227	-2.75747130652582673	3.03284345913458386
295534124.764447331429	2470326.405659074895	63637.611296506067	-2669881.527263728902	2.44985517648334605	-2.75747044059104018	3.03284031572494461
295534124.781472325325	2470369.721281937324	63631.850652109504	-2669842.114065332804	2.44984060961986128	-2.75746950736223795	3.03283733066652106
295534124.798497378826	2470413.036459885072	63626.089818479384	-2669802.700072420295	2.44982523447742784	-2.75746831729530495	3.03283495031275319
295534124.815522372723	2470456.350815480575	63620.328921363805	-2669763.285501549486	2.44980985943415330	-2.75746712718458653	3.03283257000375306
295534124.832547366619	2470499.664553554263	63614.567885659199	-2669723.870265220292	2.44979448437974989	-2.75746593702714149	3.03283018972987417
295534124.849572360516	2470542.977617931552	63608.806733423538	-2669684.454313063528	2.44977910931761711	-2.75746474681600695	3.03282780948205000
295534124.866597354412	2470586.290069244802	63603.045453823368	-2669645.037701333407	2.44976373424435589	-2.75746355655814712	3.03282542926934884
295534124.883622348309	2470629.601841509342	63597.284068929410	-2669605.620373830665	2.44974862396444681	-2.75746237925030524	3.03282269083083378
295534124.900647342205	2470672.912979934830	63591.522556552947	-2669566.202364546247	2.44973391274427676	-2.75746122147618822	3.03281941251425025
295534124.917672336102	2470716.223510843702	63585.760910099452	-2669526.783689690288	2.44971920151509082	-2.75746006364254503	3.03281613422773999
295534124.934697329998	2470759.533330867998	63579.999158175720	-2669487.364294790663	2.44970449027802140	-2.75745890574705621	3.03281285596828365
295534124.951722323895	2470802.842543339357	63574.237285679374	-2669447.944228379056	2.44968977902967255	-2.75745774779668373	3.03280957774494553
295534124.968747377396	2470846.151261287741	63568.475270729097	-2669408.523324420210	2.44967506766893317	-2.75745658977942831	3.03280629952970582
295534124.985772371292	2470889.459211642388	63562.713129816300	-2669369.101891418453	2.44966004181708996	-2.75745545292626337	3.03280320054365449
295534125.002797365189	2470932.766474188305	63556.950901559278	-2669329.679756097030	2.44964421356421980	-2.75745437014763706	3.03280055862007103
295534125.019822359085	2470976.073087024968	63551.188545705372	-2669290.256919698324	2.44962838530365623	-2.75745328730997175	3.03279791672174293
295534125.036847352982	2471019.379095090553	63545.426062559047	-2669250.833410273772	2.44961255703200420	-2.75745220442023120	3.03279527485773448
295534125.053872346878	2471062.684440224431	63539.663458529278	-2669211.409207343124	2.44959672875039480	-2.75745112147609417	3.03279263302502544
295534125.070897340775	2471105.989129866473	63533.900742619153	-2669171.984309334308	2.44958090045882804	-2.75745003847756154	3.03278999122361759
295534125.087922334671	2471149.293185450602	63528.137901490707	-2669132.558732514270	2.44956575118844411	-2.75744903015399645	3.03278708055075130
295534125.104947328568	2471192.596582974773	63522.374952984137	-2669093.132459160406	2.44955096728578248	-2.75744806198737757	3.03278402521594703
295534125.121972322464	2471235.899349883664	63516.611859063007	-2669053.705499538220	2.44953618337654966	-2.75744709375943886	3.03278096990257451
295534125.138997375965	2471279.201613720972	63510.848638400144	-2669014.277712853160	2.44952139945848169	-2.75744612547482149	3.03277791461667556
295534125.156022369862	2471322.503091061488	63505.085314147662	-2668974.849376373459	2.44950661553044613	-2.75744515713584937	3.03277485936127356
295534125.173047363758	2471365.803934557363	63499.321862449280	-2668935.420358112082	2.44949183159357364	-2.75744418874020081	3.03277180413334913
295534125.190072357655	2471409.104096039198	63493.558300968289	-2668895.990634504240	2.44947656299334193	-2.75744316007508861	3.03276925272450271
295534125.207097351551	2471452.403644863516	63487.794614448372	-2668856.560242411215	2.44946109773111642	-2.75744210693411551	3.03276690576728924
295534125.224122345448	2471495.702541208826	63482.030800342502	-2668817.129153725691	2.44944563246145108	-2.75744105373966342	3.03276455883418050
295534125.241147339344	2471539.001766007394	63476.267976940107	-2668777.697572275531	2.44943016717981799	-2.75744000050101867	3.03276221193726014
295534125.258172333241	2471582.299377884250	63470.503937038076	-2668738.265103703830	2.44941470188961308	-2.75743894721121663	3.03275986506746698
295534125.275197327137	2471625.596349137370	63464.739747239946	-2668698.831948979292	2.44939923659083503	-2.75743789387025906	3.03275751822480277
295534125.292222321033	2471668.892661467195	63458.975459042449	-2668659.398109603208	2.44938417444245005	-2.75743712079989933	3.03275495764605507
295534125.309247374535	2471712.188476700336	63453.211032927356	-2668619.963431221899	2.44936915649543963	-2.75743637848995249	3.03275237357987981
295534125.326272368431	2471755.483505222015	63447.446505489323	-2668580.528206017334	2.44935413864651030	-2.75743563613130283	3.03274978955233321
295534125.343297362328	2471798.777875464410	63441.681872945082	-2668541.092287248932	2.44933912078787897	-2.75743489372414574	3.03274720555233790
295534125.360322356224	2471842.071585800499	63435.917097076752	-2668501.655676430557	2.44932410292407265	-2.75743415125919400	3.03274462156781333
295534125.377347350121	2471885.364707659930	63430.152189622961	-2668462.218405938242	2.44930908504829947	-2.75743340875038090	3.03274203761688321
295534125.394372344017	2471928.657131171320	63424.387190262220	-2668422.780410804786	2.44929382906222992	-2.75743230713358800	3.03273957510717995
295534125.411397337914	2471971.948939289898	63418.622052370207	-2668383.341757611372	2.44927856019587065	-2.75743118605830917	3.03273711919144207
295534125.428422331810	2472015.240095104557	63412.856798184293	-2668343.902398915961	2.44926329131980847	-2.75743006493322529	3.03273466330650487
295534125.445447325706	2472058.530616626609	63407.091427821113	-2668304.462361408863	2.44924802243291051	-2.75742894376065983	3.03273220745539129
295534125.462472379208	2472101.820640867110	63401.325908286934	-2668265.021493808832	2.44923275353970338	-2.75742782253132424	3.03272975162602032
295534125.479497373104	2472145.109825531486	63395.560302882812	-2668225.580049936660	2.44921745351324516	-2.75742674835056789	3.03272731111217553
295534125.496522367001	2472188.398402209394	63389.794581466049	-2668186.137940492015	2.44920194676907155	-2.75742598692377117	3.03272497212894132
295534125.513547360897	2472231.686362031847	63384.028701335410	-2668146.695162617136	2.44918644001711128	-2.75742522544580870	3.03272263316831703
295534125.530572354794	2472274.973642168567	63378.262715953038	-2668107.251680854242	2.44917093325736612	-2.75742446391667917	3.03272029423030265
295534125.547597348690	2472318.260248121340	63372.496638870187	-2668067.807480292395	2.44915542648757079	-2.75742370234102907	3.03271795532094002
295534125.564622342587	2472361.546243782155	63366.730427781251	-2668028.362618643790	2.44913991970885725	-2.75742294071653538	3.03271561643721022
295534125.581647336483	2472404.831622336525	63360.964073733383	-2667988.917085594963	2.44912438991430159	-2.75742211071495547	3.03271329408390544
295534125.598672330379	2472448.116323990282	63355.197607708760	-2667949.470847141929	2.44910876326284832	-2.75742099300302090	3.03271104122270385
295534125.615697324276	2472491.400397093501	63349.431023321587	-2667910.023917939980	2.44909313660021821	-2.75741987524547127	3.03270878839603153
295534125.632722377777	2472534.683942932636	63343.664318827221	-2667870.576152861118	2.44907750981662620	-2.75741875743523090	3.03270653558909054
295534125.649747371674	2472577.966721367091	63337.897492985350	-2667831.127852797974	2.44906188313390238	-2.75741763958180996	3.03270428282544113
295534125.666772365570	2472621.248839198612	63332.130550838658	-2667791.678860684391	2.44904625644113150	-2.75741652168045448	3.03270203009330475
295534125.683797359467	2472664.530350143556	63326.363468002681	-2667752.229194086976	2.44903078599095014	-2.75741533175581210	3.03269953681918780
295534125.700822353363	2472707.811183742713	63320.596284435851	-2667712.778825055808	2.44901554348399353	-2.75741403677313057	3.03269669260977004
295534125.717847347260	2472751.091354810633	63314.828982358900	-2667673.327753606718	2.44900030096598975	-2.75741274173743278	3.03269384843672807
295534125.734872341156	2472794.370898824651	63309.061568623518	-2667633.876007718034	2.44898505843806902	-2.75741144664639704	3.03269100429704430
295534125.751897335052	2472837.649779881816	63303.294040862966	-2667594.423565349076	2.44896981589909846	-2.75741015150234725	3.03268816019373988
295534125.768922328949	2472880.928033092525	63297.526361016025	-2667554.970435202587	2.44895457335360689	-2.75740885629599131	3.03268531611473513
295534125.785947322845	2472924.205648993142	63291.758580779511	-2667515.516627758741	2.44893935539458107	-2.75740765037309465	3.03268263392536097
295534125.802972376347	2472967.482765253633	63285.990653673936	-2667476.061985793523	2.44892416564874527	-2.75740654687454301	3.03268013743049858
295534125.819997370243	2473010.759065062739	63280.222638613850	-2667436.606794191524	2.44890897589219048	-2.75740544332818249	3.03267764096902592
295534125.837022364140	2473054.034736533184	63274.454502986831	-2667397.150908868760	2.44889378612491582	-2.75740433973401400	3.03267514454094433
295534125.854047358036	2473097.309774625115	63268.686215253634	-2667357.694344736170	2.44887859635144833	-2.75740323608274540	3.03267264813417681
295534125.871072351933	2473140.584232578985	63262.917816241272	-2667318.237064246088	2.44886340656499613	-2.75740213238831666	3.03267015176684129
