295534118.177912414074 0.000085125000
295534118.177912414074	2453520.424451597966	65857.176528128315	-2685077.684734778013	2.45572982705751919	-2.75801020878248426	3.03369659339476616
295534118.194937407970	2453563.988648814615	65851.462754087144	-2685038.538878200110	2.45571443527007816	-2.75800841516527129	3.03369415116966001
295534118.211962401867	2453607.552191307303	65845.748853829267	-2684999.392320603132	2.45569904347226942	-2.75800662149566911	3.03369170898296048
295534118.228987395763	2453651.115083265118	65840.034854193844	-2684960.245064900722	2.45568365166182101	-2.75800482777828559	3.03368926684074003
295534118.246012389660	2453694.677344683092	65834.320721721946	-2684921.097116989549	2.45566825983986714	-2.75800303401081814	3.03368682473996509
295534118.263037443161	2453738.239135014359	65828.606448407983	-2684881.948352227453	2.45565286800754556	-2.75800124019096327	3.03368438267759943
295534118.280062437057	2453781.800134243909	65822.892068141751	-2684842.799031785689	2.45563748587398401	-2.75799957526042849	3.03368202672633069
295534118.297087430954	2453825.360457355157	65817.177561623335	-2684803.648999998812	2.45562214052416561	-2.75799839867961838	3.03367999680905687
295534118.314112424850	2453868.920178081840	65811.462944727507	-2684764.498290702235	2.45560679516091840	-2.75799722206179698	3.03367796693267211
295534118.331137418747	2453912.479219444562	65805.748219420595	-2684725.346874544863	2.45559144978878763	-2.75799604539774679	3.03367593708503458
295534118.348162412643	2453956.037651922554	65800.033345720527	-2684686.194779475220	2.45557610440663510	-2.75799486868977395	3.03367390726918140
295534118.365187406540	2453999.595436221920	65794.318370466499	-2684647.041990727186	2.45556075901446214	-2.75799369193787802	3.03367187748511302
295534118.382212400436	2454043.152587403078	65788.603266825696	-2684607.888508317061	2.45554541986109554	-2.75799239323716883	3.03366978380888419
295534118.399237394333	2454086.709062677808	65782.888034705364	-2684568.734311591368	2.45553009765399022	-2.75799076379895292	3.03366751675192825
295534118.416262388229	2454130.264932801947	65777.172692207620	-2684529.579441838898	2.45551477543230945	-2.75798913432034132	3.03366524974284202
295534118.433287441730	2454173.820297885686	65771.457202020421	-2684490.423746534158	2.45549945309180595	-2.75798750478375387	3.03366298275762780
295534118.450312435627	2454217.374863198958	65765.741622821675	-2684451.267474686727	2.45548413084892392	-2.75798587520821759	3.03366071582303753
295534118.467337429523	2454260.928811566439	65760.025886266696	-2684412.110537381377	2.45546880859600858	-2.75798424558306898	3.03365844892417869
295534118.484362423420	2454304.482115142513	65754.310048167099	-2684372.952890031971	2.45545365982515129	-2.75798265095105588	3.03365624240229970
295534118.501387417316	2454348.034765655641	65748.594101783965	-2684333.794549061451	2.45543872966448440	-2.75798110042570421	3.03365411194624768
295534118.518412411213	2454391.586782831699	65742.878029273241	-2684294.635517396964	2.45542379949198430	-2.75797954985847760	3.03365198152982884
295534118.535437405109	2454435.138145089149	65737.161826135212	-2684255.475790653843	2.45540886931105806	-2.75797799924246201	3.03364985114393937
295534118.552462399006	2454478.688886328600	65731.445512622711	-2684216.315371591132	2.45539393911829862	-2.75797644858457192	3.03364772079768485
295534118.569487392902	2454522.238984054886	65725.729057279299	-2684177.154270859901	2.45537900891484018	-2.75797489788250383	3.03364559048803217
295534118.586512386799	2454565.788412591442	65720.012509267457	-2684137.992454243358	2.45536387330343864	-2.75797325284373818	3.03364334630897581
295534118.603537440300	2454609.337411015294	65714.295784821385	-2684098.829845908564	2.45534854976170003	-2.75797152148590907	3.03364099795243147
295534118.620562434196	2454652.885579931550	65708.578984678519	-2684059.666658215225	2.45533322620745054	-2.75796979008189069	3.03363864963925334
295534118.637587428093	2454696.433113650884	65702.862036069520	-2684020.502778372262	2.45531790264296523	-2.75796805862707117	3.03363630136336937
295534118.654612421989	2454739.979974959511	65697.145005951592	-2683981.338190099224	2.45530257906596994	-2.75796632712606238	3.03363395313085293
295534118.671637415886	2454783.526256468613	65691.427820914891	-2683942.172934641130	2.45528725547760063	-2.75796459557656037	3.03363160493866868
295534118.688662409782	2454827.071877666749	65685.710523073794	-2683903.006981191691	2.45527254077817769	-2.75796378857387836	3.03362850179374899
295534118.705687403679	2454870.616843701340	65679.993103554356	-2683863.840332663152	2.45525806865079144	-2.75796334985725267	3.03362509788640544
295534118.722712397575	2454914.161184097640	65674.275551316212	-2683824.672994840890	2.45524359651672341	-2.75796291107794067	3.03362169399525783
295534118.739737391472	2454957.704869066365	65668.557893025994	-2683785.504958971404	2.45522912437370255	-2.75796247224055424	3.03361829012637596
295534118.756762385368	2455001.247922815848	65662.840115373459	-2683746.336236835457	2.45521465222172885	-2.75796203334509382	3.03361488627976073
295534118.773787438869	2455044.790482149459	65657.122194608062	-2683707.166677152738	2.45520017996023654	-2.75796159438692445	3.03361148242952439
295534118.790812432766	2455088.332253211644	65651.404146911547	-2683667.996566217858	2.45518503530365750	-2.75796018818735167	3.03360885463985985
295534118.807837426662	2455131.873373040464	65645.686020021909	-2683628.825760148931	2.45516969719722900	-2.75795850374561002	3.03360645011310837
295534118.824862420559	2455175.413857672364	65639.967744695692	-2683589.654261928517	2.45515435908072854	-2.75795681925220570	3.03360404562294317
295534118.841887414455	2455218.953694551252	65634.249363401745	-2683550.482064089738	2.45513902095302283	-2.75795513470944442	3.03360164117239828
295534118.858912408352	2455262.492921890225	65628.530840497435	-2683511.309196250979	2.45512368281410831	-2.75795345011732795	3.03359923676147547
295534118.875937402248	2455306.031448605005	65622.812227038361	-2683472.135599344969	2.45510834466398764	-2.75795176547585541	3.03359683239017563
295534118.892962396145	2455349.569368999451	65617.093460817618	-2683432.961324984673	2.45509363258065871	-2.75795086423463198	3.03359544779413648
295534118.909987390041	2455393.106660076883	65611.374584225821	-2683393.786371755414	2.45507894642348834	-2.75794999541846009	3.03359410547125652
295534118.927012443542	2455436.643476032652	65605.655551168631	-2683354.610589848366	2.45506426025873203	-2.75794912656752400	3.03359276317115967
295534118.944037437439	2455480.180445518345	65599.937543126318	-2683315.434439809993	2.45504957408297964	-2.75794825768874352	3.03359142090295020
295534118.961062431335	2455523.715822205879	65594.218295057086	-2683276.257411516737	2.45503488789963997	-2.75794738877520107	3.03359007865752517
295534118.978087425232	2455567.250566026196	65588.498903059648	-2683237.079692530446	2.45502020170871127	-2.75794651982689665	3.03358873643488680
295534118.995112419128	2455610.784613441210	65582.779440682541	-2683197.901250360534	2.45500453722155143	-2.75794501548741700	3.03358649813648595
295534119.012137413025	2455654.318051529583	65577.059834476357	-2683158.722135219257	2.45498869365272743	-2.75794339479883632	3.03358409584952460
295534119.029162406921	2455697.850856081117	65571.340097756314	-2683119.542335327249	2.45497285007237620	-2.75794177405933416	3.03358169360249397
295534119.046187400818	2455741.383008445613	65565.620237180614	-2683080.361832902767	2.45495700648163284	-2.75794015326660746	3.03357929139236138
295534119.063212394714	2455784.914531682152	65559.900270711296	-2683041.180645668413	2.45494116287708941	-2.75793853242757470	3.03357688922823154
295534119.080237388611	2455828.445402516983	65554.180182628217	-2683001.998758872505	2.45492549450522723	-2.75793694872120554	3.03357434803110237
295534119.097262442112	2455871.975795465056	65548.459938087719	-2682962.816047879402	2.45491046823829073	-2.75793550122977971	3.03357129719709562
295534119.114287436008	2455915.505383316893	65542.739602366957	-2682923.632766343188	2.45489544206824784	-2.75793405368783873	3.03356824641544875
295534119.131312429905	2455959.034342539962	65537.019136198069	-2682884.448802968021	2.45488041588951544	-2.75793260608599411	3.03356519566578209
295534119.148337423801	2456002.562662435230	65531.298555131114	-2682845.264160840306	2.45486538969868739	-2.75793115843116565	3.03356214495719723
295534119.165362417698	2456046.090335694142	65525.577843559178	-2682806.078810180072	2.45485036350030539	-2.75792971071412740	3.03355909427756121
295534119.182387411594	2456089.617355618626	65519.857039429327	-2682766.892762928735	2.45483523537575810	-2.75792820542718564	3.03355626499174269
295534119.199412405491	2456133.143761566840	65514.136075814124	-2682727.706042763311	2.45481984554526322	-2.75792655239414186	3.03355400413316190
295534119.216437399387	2456176.669517204165	65508.415004026348	-2682688.518624494318	2.45480445570345385	-2.75792489931368134	3.03355174331390387
295534119.233462393284	2456220.194622986484	65502.693812899000	-2682649.330505148042	2.45478906585146373	-2.75792324618349927	3.03354948253093637
295534119.250487387180	2456263.719090106897	65496.972493478323	-2682610.141701107845	2.45477367598702179	-2.75792159300820972	3.03354722179032787
295534119.267512440681	2456307.243086555507	65491.251028854545	-2682570.952074272558	2.45475828611239910	-2.75791993978319949	3.03354496108601213
295534119.284537434578	2456350.766255822964	65485.529493128066	-2682531.761869537178	2.45474291070528583	-2.75791839065096234	3.03354296001449564
295534119.301562428474	2456394.288808776997	65479.807793434928	-2682492.570990430191	2.45472755157792255	-2.75791695862855812	3.03354125101215866
295534119.318587422371	2456437.810713277198	65474.086007950289	-2682453.379414676223	2.45471219243723038	-2.75791552657149808	3.03353954205182275
295534119.335612416267	2456481.331965800840	65468.364096408324	-2682414.187133418862	2.45469683328661548	-2.75791409447286329	3.03353783312438763
295534119.352637410164	2456524.852584572043	65462.642056637378	-2682374.994170378894	2.45468147412494053	-2.75791266233496124	3.03353612423288999
295534119.369662404060	2456568.372553245630	65456.919906477422	-2682335.800506263506	2.45466611495220732	-2.75791123015779149	3.03353441537732804
295534119.386687397957	2456611.891931499355	65451.197590253061	-2682296.606189929880	2.45465083739313705	-2.75790969020394083	3.03353235821641887
295534119.403712391853	2456655.410609315615	65445.475188008917	-2682257.411138587166	2.45463563229973714	-2.75790805454257937	3.03352999178889915
295534119.420737385750	2456698.928684780374	65439.752662165803	-2682218.215415673330	2.45462042719421003	-2.75790641883514587	3.03352762540295151
295534119.437762439251	2456742.446238630451	65434.030008817674	-2682179.018850885797	2.45460522197086028	-2.75790478306862497	3.03352525903995263
295534119.454787433147	2456785.963028575294	65428.307226474542	-2682139.821737717837	2.45459001684448763	-2.75790314726212848	3.03352289272805198
295534119.471812427044	2456829.479141474236	65422.584340358299	-2682100.623919146601	2.45457481170825798	-2.75790151140494766	3.03352052645166026
295534119.488837420940	2456872.994623359758	65416.861332748565	-2682061.425411336124	2.45455990466320229	-2.75790038699627926	3.03351886249618552
295534119.505862414837	2456916.509496122599	65411.138179134468	-2682022.226227587555	2.45454512414500758	-2.75789947966675264	3.03351749666602455
295534119.522887408733	2456960.023718142882	65405.414921868665	-2681983.026351673994	2.45453034361788713	-2.75789857230423952	3.03351613086244765
295534119.539912402630	2457003.537261403166	65399.691556333666	-2681943.825757019222	2.45451556308184138	-2.75789766490874033	3.03351476508545614
295534119.556937396526	2457047.050218865275	65393.968047138740	-2681904.624507117551	2.45450078253573389	-2.75789675748256302	3.03351339933808317
295534119.573962390423	2457090.562502522022	65388.244416322552	-2681865.422547328286	2.45448600198410638	-2.75789585001647808	3.03351203360819888
295534119.590987384319	2457134.074133462738	65382.520693003018	-2681826.219879061915	2.45447076546279330	-2.75789444790168048	3.03350982366829314
295534119.608012437820	2457177.585302650928	65376.796790970729	-2681787.016411839519	2.45445540275205820	-2.75789290885284499	3.03350738012303545
295534119.625037431717	2457221.095650184900	65371.072817923050	-2681747.812357747927	2.45444004002936866	-2.75789136975632276	3.03350493661822807
295534119.642062425613	2457264.605409628246	65365.348683330922	-2681708.607652894687	2.45442467729699576	-2.75788983060749837	3.03350249314780651
295534119.659087419510	2457308.114465651102	65359.624464980014	-2681669.402220487129	2.45440931455266753	-2.75788829141098812	3.03350004971783749
295534119.676112413406	2457351.622919988818	65353.900109651935	-2681630.196110567078	2.45439395179751951	-2.75788675216448542	3.03349760632528920
295534119.693137407303	2457395.130716120824	65348.175648395001	-2681590.989307084121	2.45437881057684981	-2.75788544631365085	3.03349524176506913
295534119.710162401199	2457438.637855621986	65342.451045440161	-2681551.781798154581	2.45436367511983811	-2.75788414649144320	3.03349287928462408
295534119.727187395096	2457482.145405198913	65336.727404037898	-2681512.573840606026	2.45434853965164468	-2.75788284662344285	3.03349051684041449
295534119.744212388992	2457525.651268253569	65331.002578269821	-2681473.364944277797	2.45433340417340418	-2.75788154670734231	3.03348815442940900
295534119.761237442493	2457569.156652762555	65325.277602829825	-2681434.155232667457	2.45431826857763502	-2.75788024673709220	3.03348579203907853
295534119.778262436390	2457612.661250606645	65319.552531909721	-2681394.944971260149	2.45430312611608370	-2.75787894098508346	3.03348342834098839
295534119.795287430286	2457656.165191604756	65313.827321538156	-2681355.734007379506	2.45428777581131374	-2.75787746376637743	3.03348102417599863
295534119.812312424183	2457699.668506036978	65308.102000939922	-2681316.522360146511	2.45427242549473190	-2.75787598650060062	3.03347862005047952
295534119.829337418079	2457743.171165054664	65302.376567748979	-2681277.310017833952	2.45425707516747149	-2.75787450918544597	3.03347621596140060
295534119.846362411976	2457786.673210487235	65296.650977375750	-2681238.096993697807	2.45424172482953429	-2.75787303182091392	3.03347381190876098
295534119.863387405872	2457830.174586069304	65290.925301225114	-2681198.883262586780	2.45422637448091807	-2.75787155440700582	3.03347140789256420
295534119.880412399769	2457873.675333632622	65285.199494708875	-2681159.668837755919	2.45421116866242262	-2.75787019953934642	3.03346914489782638
295534119.897437393665	2457917.175442139152	65279.473551059935	-2681120.453740112018	2.45419645949299259	-2.75786926587818204	3.03346736637009329
295534119.914462387562	2457960.674900734797	65273.747501563776	-2681081.237935451325	2.45418175031352837	-2.75786833218072758	3.03346558787222875
295534119.931487441063	2458004.173883977812	65268.021297956693	-2681042.021305081900	2.45416704102066952	-2.75786739844119078	3.03346380939275972
295534119.948512434959	2458047.672058468219	65262.295018942721	-2681002.804117563181	2.45415233182227066	-2.75786646466884955	3.03346203095160361
295534119.965537428856	2458091.169603104237	65256.568580495921	-2680963.586237836163	2.45413762261837753	-2.75786553085098607	3.03346025252819018
295534119.982562422752	2458134.666510496289	65250.842040711403	-2680924.367680813652	2.45412280507414104	-2.75786451599334237	3.03345840013954415
295534119.999587416649	2458178.162770571653	65245.115383939265	-2680885.148421201855	2.45410711896063916	-2.75786285157541888	3.03345595445042138
295534120.016612410545	2458221.658370340709	65239.388607849833	-2680845.928466567770	2.45409143283566822	-2.75786118710643846	3.03345350880152242
295534120.033637404442	2458265.153341875412	65233.661703655343	-2680806.707821183838	2.45407574669922823	-2.75785952258640243	3.03345106319284818
295534120.050662398338	2458308.647682409268	65227.934671340336	-2680767.486489534378	2.45406006055131876	-2.75785785801531125	3.03344861762439955
295534120.067687392235	2458352.141369860154	65222.207530956664	-2680728.264464262407	2.45404437439193845	-2.75785619339316668	3.03344617209617917
295534120.084712386131	2458395.634424210060	65216.480249021290	-2680689.041751267388	2.45402911186110018	-2.75785485801542629	3.03344385951498019
295534120.101737439632	2458439.126984076109	65210.752837525208	-2680649.818194785621	2.45401431393393121	-2.75785388373914175	3.03344169272956465
295534120.118762433529	2458482.618775733281	65205.025319488639	-2680610.594112229533	2.45399951599549082	-2.75785290942318628	3.03343952597780131
295534120.135787427425	2458526.109896512702	65199.297691083986	-2680571.369306391571	2.45398471804918294	-2.75785193506063386	3.03343735925059654
295534120.152812421322	2458569.600359341595	65193.569941169924	-2680532.143809958361	2.45396992009500803	-2.75785096065148583	3.03343519254795080
295534120.169837415218	2458613.090236790013	65187.842043205135	-2680492.917652338278	2.45395512213069544	-2.75784998620035982	3.03343302587592767
295534120.186862409115	2458656.579437138978	65182.114054971637	-2680453.690783374477	2.45394000737725104	-2.75784872413261350	3.03343073337709868
295534120.203887403011	2458700.067982539069	65176.385936305451	-2680414.463219332974	2.45392461919575133	-2.75784721379907216	3.03342833227634712
295534120.220912396908	2458743.555899227969	65170.657707447390	-2680375.234964539297	2.45390923100117408	-2.75784570342069957	3.03342593121871351
295534120.237937390804	2458787.043185601942	65164.929330367384	-2680336.006020510569	2.45389384279805922	-2.75784419298826089	3.03342353019207200
295534120.254962384701	2458830.529813551344	65159.200849680245	-2680296.776385887060	2.45387845458300013	-2.75784268250868436	3.03342112920551976
295534120.271987438202	2458874.015968690161	65153.472217173199	-2680257.545924042817	2.45386306624788419	-2.75784117197213785	3.03341872824322278
295534120.289012432098	2458917.501294086222	65147.743511465931	-2680218.314885811415	2.45384769745854747	-2.75783918482611146	3.03341607809237424
295534120.306037425995	2458960.986031379551	65142.014644297204	-2680179.083196818829	2.45383233589066752	-2.75783702039563750	3.03341333529605262
295534120.323062419891	2459004.470092196018	65136.285686876363	-2680139.850784596987	2.45381697430849410	-2.75783485591543265	3.03341059255279477
295534120.340087413788	2459047.953497846611	65130.556601275886	-2680100.617680269293	2.45380161271656805	-2.75783269137625986	3.03340784985047485
295534120.357112407684	2459091.436277332250	65124.827407757490	-2680061.383883677889	2.45378625111034943	-2.75783052678735752	3.03340510720121959
295534120.374137401581	2459134.918440052774	65119.098054880851	-2680022.149418658111	2.45377088949324218	-2.75782836214179827	3.03340236459593626
295534120.391162395477	2459178.399949898478	65113.368591740713	-2679982.914257047232	2.45375552024400490	-2.75782663840602593	3.03340000154754419
295534120.408187389374	2459221.880791196134	65107.639022759940	-2679943.678373608273	2.45374014880322733	-2.75782504085532310	3.03339774717832933
295534120.425212442875	2459265.361148168799	65101.909313095573	-2679904.441683855839	2.45372477735129024	-2.75782344325737006	3.03339549284754151
295534120.442237436771	2459308.840743342880	65096.179481319043	-2679865.204450149089	2.45370940588705633	-2.75782184561447652	3.03339323855821386
295534120.459262430668	2459352.319658861496	65090.449557059401	-2679825.966506612953	2.45369403441052736	-2.75782024792664338	3.03339098431034593
295534120.476287424564	2459395.797945730854	65084.719502519649	-2679786.727881238330	2.45367866292397130	-2.75781865018925210	3.03338873009787768
295534120.493312418461	2459439.275605025701	65078.989306512536	-2679747.488559172023	2.45366330496605078	-2.75781633037756890	3.03338567759537669
295534120.510337412357	2459482.752630310599	65073.258991377770	-2679708.248555324040	2.45364794757494709	-2.75781397958799790	3.03338259095661034
295534120.527362406254	2459526.229993773624	65067.529664382164	-2679669.008061568253	2.45363259017197999	-2.75781162873907704	3.03337950436749493
295534120.544387400150	2459569.705706084613	65061.799117521106	-2679629.766663135961	2.45361723275714816	-2.75780927783080854	3.03337641782803136
295534120.561412394047	2459613.180792252067	65056.068456064393	-2679590.524575410411	2.45360187532931651	-2.75780692686550255	3.03337333134125142
295534120.578437387943	2459656.655247689690	65050.337644188854	-2679551.281807360705	2.45358652336422267	-2.75780461061399729	3.03337027320448849
295534120.595462441444	2459700.129181643948	65044.606722825847	-2679512.038185554091	2.45357130528776368	-2.75780314620085232	3.03336790850857208
295534120.612487435341	2459743.602349934168	65038.875697258845	-2679472.794036160689	2.45355608730766495	-2.75780168174883666	3.03336554386417845
295534120.629512429237	2459787.074861127883	65033.144541291447	-2679433.549184290692	2.45354086931813686	-2.75780021724613222	3.03336317925270027
295534120.646537423134	2459830.546746647451	65027.413252841143	-2679394.303643128369	2.45352565131918077	-2.75779875269273855	3.03336081467413665
295534120.663562417030	2459874.017973736394	65021.681860842138	-2679355.057411372196	2.45351043330852603	-2.75779728809327773	3.03335845013455119
295534120.680587410927	2459917.488570673857	65015.950331856860	-2679315.810481468216	2.45349516077136798	-2.75779578940954329	3.03335626632451572
295534120.697612404823	2459960.958514066413	65010.218706072694	-2679276.562860914040	2.45347970716279384	-2.75779417764597756	3.03335468267684538
295534120.714637398720	2460004.427826490719	65004.486938835267	-2679237.314560034312	2.45346425354459496	-2.75779256584014076	3.03335309906220774
295534120.731662392616	2460047.896486424375	64998.755070329709	-2679198.065550679341	2.45344879991222964	-2.75779095400127527	3.03335151549272775
295534120.748687386513	2460091.364513266832	64993.023053642675	-2679158.815856574103	2.45343334627023957	-2.75778934212013960	3.03334993195628222
295534120.765712440014	2460134.832061524503	64987.290894110403	-2679119.565344214905	2.45341789261635368	-2.75778773020135581	3.03334834845893297
295534120.782737433910	2460178.298801042605	64981.558652596956	-2679080.314277677797	2.45340249522008946	-2.75778612829830472	3.03334655326736957
295534120.799762427807	2460221.764888971113	64975.826287447489	-2679041.062496725004	2.45338723334020248	-2.75778455055910321	3.03334424814785608
295534120.816787421703	2460265.230342027266	64970.093812169580	-2679001.810045870487	2.45337197144821850	-2.75778297277456286	3.03334194306920413
295534120.833812415600	2460308.695165637881	64964.361173070982	-2678962.556896869559	2.45335670954867879	-2.75778139493543906	3.03333963801929052
295534120.850837409496	2460352.159335227683	64958.628455097140	-2678923.303057219367	2.45334144763477369	-2.75777981705559849	3.03333733301629938
295534120.867862403393	2460395.622871920001	64952.895593434048	-2678884.048526875675	2.45332618571104089	-2.75777823912579922	3.03333502804811106
295534120.884887397289	2460439.085757851135	64947.162628302067	-2678844.793304366525	2.45331123900382719	-2.75777670207531855	3.03333300822021235
295534120.901912391186	2460482.548000660259	64941.429517180499	-2678805.537394249346	2.45329662523178538	-2.75777520821212496	3.03333128955569720
295534120.918937385082	2460526.009605699219	64935.696304918340	-2678766.280784398317	2.45328201145027736	-2.75777371430911256	3.03332957092327282
295534120.935962438583	2460569.470727475360	64929.962940845369	-2678727.023353381082	2.45326739755320800	-2.75777222036349778	3.03332785232097457
295534120.952987432480	2460612.931016716640	64924.229510375197	-2678687.765347491018	2.45325278374822986	-2.75777072639009102	3.03332613376485449
295534120.970012426376	2460656.390699404757	64918.495922925104	-2678648.506670088042	2.45323816993492017	-2.75776923237455529	3.03332441523779783
295534120.987037420273	2460699.849765273277	64912.762189619796	-2678609.247318315320	2.45322309347756917	-2.75776775766166038	3.03332243227233711
295534121.004062414169	2460743.308158726431	64907.028368436382	-2678569.987261082046	2.45320722362886290	-2.75776631606465950	3.03331999578548217
295534121.021087408066	2460786.765902491286	64901.294432616851	-2678530.726496831048	2.45319135376912012	-2.75776487441616602	3.03331755933575842
295534121.038112401962	2460830.223007372115	64895.560364284393	-2678491.465053826571	2.45317548389834128	-2.75776343271617952	3.03331512292316585
295534121.055137395859	2460873.679507780354	64889.826159141419	-2678452.202937794384	2.45315961401652505	-2.75776199096470220	3.03331268654770758
295534121.072162389755	2460917.135329212062	64884.091841460759	-2678412.940108962357	2.45314374412480740	-2.75776054915942170	3.03331025020635270
295534121.089187443256	2460960.590674152598	64878.357394420389	-2678373.676463333890	2.45312865758656562	-2.75775860274498053	3.03330791479411355
295534121.106212437153	2461004.045209778007	64872.622829626838	-2678334.412244244013	2.45311384817919986	-2.75775647777653132	3.03330561511556196
295534121.123237431049	2461047.499117940199	64866.888170458195	-2678295.147350715473	2.45309903875761925	-2.75775435276652292	3.03330331548799315
295534121.140262424946	2461090.952369211242	64861.153378715244	-2678255.881751741283	2.45308422932522596	-2.75775222770802220	3.03330101590231971
295534121.157287418842	2461134.404962514993	64855.418465587718	-2678216.615462171845	2.45306941988201954	-2.75775010260103004	3.03329871635854253
295534121.174312412739	2461177.856929667760	64849.683437952990	-2678177.348483310081	2.45305461042573114	-2.75774797745017075	3.03329641686272211
295534121.191337406635	2461221.308258343954	64843.948280067023	-2678138.080816782545	2.45303935309818799	-2.75774635109885091	3.03329411872217447
295534121.208362400532	2461264.758977699094	64838.212965212733	-2678098.812483224552	2.45302398218167905	-2.75774485120572033	3.03329182094482119
295534121.225387394428	2461308.209027142730	64832.477578196405	-2678059.543436753098	2.45300861125204417	-2.75774335126933856	3.03328952321042244
295534121.242412388325	2461351.658397823572	64826.742076428673	-2678020.273674509488	2.45299324031268595	-2.75774185128277338	3.03328722550989083
295534121.259437441826	2461395.107314157765	64821.006405124994	-2677981.003111735918	2.45297786925447525	-2.75774035123857875	3.03328492783114667
295534121.276462435722	2461438.555441689212	64815.270631854444	-2677941.731994741596	2.45296249829339974	-2.75773885115627015	3.03328263020441247
295534121.293487429619	2461482.002916550264	64809.534746208556	-2677902.460178181529	2.45294721197300181	-2.75773747476658881	3.03328112651418502
295534121.310512423515	2461525.450751505326	64803.799830937125	-2677863.187882041559	2.45293192656682324	-2.75773609969328293	3.03327963153565472
295534121.327537417412	2461568.896937140264	64798.063704928609	-2677823.914688625373	2.45291664114968277	-2.75773472458402535	3.03327813659206758
295534121.344562411308	2461612.342491776682	64792.327444255992	-2677784.640811913181	2.45290135572271417	-2.75773334943650461	3.03327664168039624
295534121.361587405205	2461655.787393697072	64786.591084647625	-2677745.366229697596	2.45288607028251437	-2.75773197425765693	3.03327514680972854
295534121.378612399101	2461699.231662066653	64780.854588126429	-2677706.090965700801	2.45287078652492196	-2.75773059122237196	3.03327361261977302
295534121.395637392998	2461742.675277978648	64775.117977004127	-2677666.814999169204	2.45285553949120017	-2.75772903844899719	3.03327122433843144
295534121.412662386894	2461786.118259907700	64769.381233446213	-2677627.538356799632	2.45284029244779855	-2.75772748562450687	3.03326883609144815
295534121.429687440395	2461829.560768772848	64763.644347157882	-2677588.260887206998	2.45282504539358115	-2.75772593275121425	3.03326644788185362
295534121.446712434292	2461873.002466984559	64757.907370025125	-2677548.982856038027	2.45280979832741375	-2.75772437983143348	3.03326405971267832
295534121.463737428188	2461916.443507419433	64752.170276027304	-2677509.704128334299	2.45279455125043011	-2.75772282686285131	3.03326167158089399
295534121.480762422085	2461959.883914281614	64746.433051846907	-2677470.424715878908	2.45277962547207995	-2.75772123301084049	3.03325926436067483
295534121.497787415981	2462003.323694794439	64740.695708727799	-2677431.144620068837	2.45276586088407411	-2.75771949153732043	3.03325678805713173
295534121.514812409878	2462046.762822629418	64734.958253257217	-2677391.863824698608	2.45275209628634716	-2.75771775001850772	3.03325431178985250
295534121.531837403774	2462090.201312004589	64729.220660865845	-2677352.582344633527	2.45273833167889777	-2.75771600845440457	3.03325183555883937
295534121.548862397671	2462133.639151254669	64723.482958385372	-2677313.300163490698	2.45272456706172548	-2.75771426684501142	3.03324935936409368
295534121.565887391567	2462177.076335060876	64717.745143544336	-2677274.017287271563	2.45271080243483075	-2.75771252519032739	3.03324688320561453
295534121.582912385464	2462220.512909733690	64712.007176260609	-2677234.733738081064	2.45269660264032918	-2.75771090954201048	3.03324445443250790
295534121.599937438965	2462263.948962713592	64706.269095142714	-2677195.449341075495	2.45268138858011220	-2.75770958761417040	3.03324213603989801
295534121.616962432861	2462307.384245775640	64700.530896524011	-2677156.164407629054	2.45266617461657077	-2.75770826564715499	3.03323981769630269
295534121.633987426758	2462350.818878515624	64694.792583344453	-2677116.878779048566	2.45265096064394328	-2.75770694363014135	3.03323749938343878
295534121.651012420654	2462394.252860698849	64689.054164564142	-2677077.592455331702	2.45263574666109641	-2.75770562156544408	3.03323518110433543
295534121.668037414551	2462437.686205084436	64683.315595446627	-2677038.305440979078	2.45262053266916347	-2.75770429945074946	3.03323286285596483
295534121.685062408447	2462481.118896128144	64677.576927439302	-2676999.017733003944	2.45260577484689390	-2.75770288368440486	3.03323101958955155
295534121.702087402344	2462524.550961245783	64671.838136040380	-2676959.729335737415	2.45259148840610974	-2.75770137115479175	3.03322966713946807
295534121.719112396240	2462567.982387470547	64666.099212220615	-2676920.440259716008	2.45257720195466611	-2.75769985859348354	3.03322831472410437
295534121.736137390137	2462611.413158444688	64660.360180548880	-2676881.150482676458	2.45256291549142746	-2.75769834600279440	3.03322696234648914
295534121.753162443638	2462654.843413104303	64654.621017173442	-2676841.859860733151	2.45254862902093063	-2.75769683337347349	3.03322560999450941
295534121.770187437534	2462698.272919709794	64648.881718508848	-2676802.568712675013	2.45253434253750502	-2.75769532071708534	3.03322425768330817
295534121.787212431431	2462741.701775759924	64643.142314265337	-2676763.276869479567	2.45251933567013669	-2.75769383471464247	3.03322235844228016
295534121.804237425327	2462785.129974024836	64637.402793199726	-2676723.984329752158	2.45250372426909857	-2.75769237106081277	3.03322000023597971
295534121.821262419224	2462828.557524711825	64631.663164336031	-2676684.691087435000	2.45248811285712609	-2.75769090735748490	3.03321764206657907
295534121.838287413120	2462871.984434616286	64625.923387377952	-2676645.397161935922	2.45247250143535345	-2.75768944360234602	3.03321528393105089
295534121.855312407017	2462915.410736798309	64620.183491617354	-2676606.102567894384	2.45245689000037670	-2.75768797980233682	3.03321292583848123
295534121.872337400913	2462958.836365096271	64614.443487935205	-2676566.807258022949	2.45244127855559801	-2.75768651595051884	3.03321056777978626
295534121.889362394810	2463002.261378700845	64608.703338532905	-2676527.511281181592	2.45242655454308389	-2.75768522363815816	3.03320910031302704
295534121.906387388706	2463045.685695889406	64602.963112460653	-2676488.214584126603	2.45241214230038018	-2.75768399157718358	3.03320794575103303
295534121.923412442207	2463089.109559576493	64597.222707968744	-2676448.917074659374	2.45239772994648098	-2.75768275947907471	3.03320679121279424
295534121.940437436104	2463132.532614921220	64591.482223924002	-2676409.619002101012	2.45238331768394779	-2.75768152735959315	3.03320563671252597
295534121.957462430000	2463175.955036235508	64585.741620960107	-2676370.320247761905	2.45236890541036567	-2.75768029521317182	3.03320448224614925
295534121.974487423897	2463219.376846093684	64580.000854385158	-2676331.020821964834	2.45235449312913500	-2.75767906303287180	3.03320332780458202
295534121.991512417793	2463262.798000246286	64574.259991193234	-2676291.720698121935	2.45233930382896759	-2.75767770921816346	3.03320144355151422
295534122.008537411690	2463306.218459309544	64568.519024470108	-2676252.419842181727	2.45232365358649718	-2.75767628321246772	3.03319912636904654
295534122.025562405586	2463349.638308118097	64562.777929994583	-2676213.118322183844	2.45230800333199817	-2.75767485716007954	3.03319680922601531
295534122.042587399483	2463393.057515475433	64557.036700886558	-2676173.816124944948	2.45229235306660653	-2.75767343105868390	3.03319449211939141
295534122.059612393379	2463436.476075681858	64551.295359537333	-2676134.513219174929	2.45227670279031873	-2.75767200490828301	3.03319217504917882
295534122.076637387276	2463479.894006762188	64545.553899307604	-2676095.209634538740	2.45226105250313742	-2.75767057870887644	3.03318985801537577
295534122.093662440777	2463523.312427537516	64539.813381116117	-2676055.905414666981	2.45224627578856769	-2.75766918123801075	3.03318897334829840
295534122.110687434673	2463566.729072352871	64534.071678516513	-2676016.600445716642	2.45223150128062883	-2.75766778381874911	3.03318809236136389
295534122.127712428570	2463610.145051278174	64528.329863581122	-2675977.294787742663	2.45221672676053304	-2.75766638637566830	3.03318721141173153
295534122.144737422466	2463653.560407937039	64522.587902931264	-2675937.988430049736	2.45220195223168336	-2.75766498890182632	3.03318633049031838
295534122.161762416363	2463696.975129901897	64516.845836831861	-2675898.681396514643	2.45218717768954209	-2.75766359140648021	3.03318544960923653
295534122.178787410259	2463740.389170128386	64511.103651597070	-2675859.373657634947	2.45217236887731582	-2.75766219621832942	3.03318449295753956
295534122.195812404156	2463783.802606271580	64505.361331950327	-2675820.065236816648	2.45215695461440930	-2.75766084230933162	3.03318219688709689
295534122.212837398052	2463827.215384412091	64499.618897779328	-2675780.756122434977	2.45214154034100362	-2.75765948835236552	3.03317990085138112
295534122.229862391949	2463870.627506865188	64493.876360303831	-2675741.446312974207	2.45212612605596547	-2.75765813434974438	3.03317760485341958
295534122.246887385845	2463914.039001754485	64488.133668129420	-2675702.135812764056	2.45211071176383033	-2.75765678029221339	3.03317530888110465
295534122.263912439346	2463957.450017350260	64482.390853462217	-2675662.824497269932	2.45209529734836185	-2.75765542618723769	3.03317301294052921
295534122.280937433243	2464000.860227406956	64476.647945863762	-2675623.512620141264	2.45208000187800135	-2.75765403534667097	3.03317098489021397
295534122.297962427139	2464044.269777122419	64470.904919257235	-2675584.200047994498	2.45206506850860917	-2.75765253267168164	3.03316977298382806
295534122.314987421036	2464087.678715331946	64465.161742531338	-2675544.886798448861	2.45205013512787939	-2.75765102996558609	3.03316856111364919
295534122.332012414932	2464131.086959476583	64459.418486958384	-2675505.572833118029	2.45203520173694578	-2.75764952722606971	3.03316734927665133
295534122.349037408829	2464174.494611414615	64453.675067930591	-2675466.258199257776	2.45202026833353948	-2.75764802445776214	3.03316613747889008
295534122.366062402725	2464217.901604468469	64447.931550076646	-2675426.942880745512	2.45200533491766137	-2.75764652166066471	3.03316492572036456
295534122.383087396622	2464261.307955505792	64442.187911077330	-2675387.626856617164	2.45199028394102747	-2.75764500062720286	3.03316334815537925
295534122.400112390518	2464304.713643826079	64436.444162050066	-2675348.310130069964	2.45197496584789487	-2.75764343819955959	3.03316093937272324
295534122.417137384415	2464348.118743790779	64430.700254056777	-2675308.992755730636	2.45195964774499542	-2.75764187572028918	3.03315853062476437
295534122.434162437916	2464391.523301083129	64424.956227745271	-2675269.674517308827	2.45194432952356944	-2.75764031318151259	3.03315612189864270
295534122.451187431812	2464434.927071252372	64419.212110866509	-2675230.355735032354	2.45192901139886388	-2.75763875060361929	3.03315371322613725
295534122.468212425709	2464478.330205495004	64413.467859445744	-2675191.036266548093	2.45191369326325681	-2.75763718797641477	3.03315130459135940
295534122.485237419605	2464521.732684498187	64407.723493553705	-2675151.716100015678	2.45189851543863657	-2.75763574369259823	3.03314902467469505
295534122.502262413502	2464565.134558982681	64401.978997769445	-2675112.395257486030	2.45188348958243463	-2.75763442759412714	3.03314688416672507
295534122.519287407398	2464608.535735196434	64396.234396250293	-2675073.073696255684	2.45186846371947276	-2.75763311144415635	3.03314474368297393
295534122.536312401295	2464651.936318300664	64390.489653708530	-2675033.751472437754	2.45185343784294929	-2.75763179525657520	3.03314260324160312
295534122.553337395191	2464695.336226435844	64384.744814517719	-2674994.428547644988	2.45183841195739971	-2.75763047902212444	3.03314046283050587
295534122.570362389088	2464738.735525829252	64378.999825256644	-2674955.104940970428	2.45182338606168804	-2.75762916274312042	3.03313832245271042
295534122.587387442589	2464782.134300789796	64373.254708815919	-2674915.780496906023	2.45180824168057132	-2.75762792607810692	3.03313612627203222
295534122.604412436485	2464825.532262729481	64367.509503949121	-2674876.455486836843	2.45179300530049815	-2.75762675122259848	3.03313388678245266
295534122.621437430382	2464868.929638606496	64361.764158089951	-2674837.129824492615	2.45177776890940846	-2.75762557632280414	3.03313164732745832
295534122.638462424278	2464912.326338038314	64356.018702153277	-2674797.803447830956	2.45176253250956755	-2.75762440137409515	3.03312940790099761
295534122.655487418175	2464955.722379888874	64350.273127276523	-2674758.476371665951	2.45174729609984432	-2.75762322637878610	3.03312716850609609
295534122.672512412071	2464999.117797942832	64344.527429139132	-2674719.148613605183	2.45173205968136987	-2.75762205133456240	3.03312492913973042
295534122.689537405968	2465042.512601057068	64338.781594359032	-2674679.820188574027	2.45171655540943467	-2.75762068412327954	3.03312210800106108
295534122.706562399864	2465085.906722817570	64333.035649491423	-2674640.491046312265	2.45170096293662798	-2.75761925359553661	3.03311909533059554
295534122.723587393761	2465129.300194221549	64327.289596931449	-2674601.161205946002	2.45168537045345492	-2.75761782300867608	3.03311608269629795
295534122.740612387657	2465172.693033921532	64321.543430059821	-2674561.830685253721	2.45166977795878083	-2.75761639236501432	3.03311307010119613
295534122.757637441158	2465216.085392939858	64315.797093668603	-2674522.499350792263	2.45165418534532797	-2.75761496165064912	3.03311005751912077
295534122.774662435055	2465259.476939381100	64310.050657670217	-2674483.167447357439	2.45163859283218644	-2.75761353088412209	3.03310704499030770
295534122.791687428951	2465302.867853884120	64304.304116333922	-2674443.834863597527	2.45162330865615274	-2.75761206711294671	3.03310450410682009
295534122.808712422848	2465346.258142465726	64298.557445025152	-2674404.501593515277	2.45160809450335915	-2.75761059580554280	3.03310207036724577
295534122.825737416744	2465389.647768363357	64292.810650294086	-2674365.167626953684	2.45159288034001399	-2.75760912444879969	3.03309963666372795
295534122.842762410641	2465433.036741585005	64287.063736662501	-2674325.832963801920	2.45157766616725148	-2.75760765304040190	3.03309720299324104
295534122.859787404537	2465476.425083529204	64281.316704257275	-2674286.497614383698	2.45156245198280320	-2.75760618158498128	3.03309476936183886
295534122.876812398434	2465519.813780567143	64275.570637823417	-2674247.161788410973	2.45154723778780337	-2.75760471008022323	3.03309233576649540
295534122.893837392330	2465563.200857210439	64269.823361131101	-2674207.825073916465	2.45153250123197264	-2.75760329741303778	3.03309039174566264
295534122.910862386227	2465606.587257189676	64264.075976632288	-2674168.487648077775	2.45151776483758699	-2.75760188472361900	3.03308844793083754
295534122.927887439728	2465649.973178803455	64258.328433855924	-2674129.149406954180	2.45150302843514734	-2.75760047198861757	3.03308650414411884
295534122.944912433624	2465693.358311592136	64252.580789385545	-2674089.810611610301	2.45148829202012219	-2.75759905921729764	3.03308456039760932
295534122.961937427521	2465736.742764715571	64246.833046069012	-2674050.471109406091	2.45147355559477642	-2.75759764640502780	3.03308261668525869
295534122.978962421417	2465780.126635198947	64241.085148382350	-2674011.130944501143	2.45145881915910957	-2.75759623355180938	3.03308067300706785
295534122.995987415314	2465823.509825569578	64235.337163061784	-2673971.790075706318	2.45144310050685243	-2.75759490710856747	3.03307833006645300
295534123.013012409210	2465866.892361395061	64229.589036433710	-2673932.448508860078	2.45142724077723262	-2.75759359302436824	3.03307592980203466
295534123.030037403107	2465910.274286907632	64223.840795658361	-2673893.106272018515	2.45141138103350542	-2.75759227889622638	3.03307352958178411
295534123.047062397003	2465953.655552303419	64218.092427008291	-2673853.763340154663	2.45139552128020233	-2.75759096471487819	3.03307112939360035
295534123.064087390900	2465997.036165216472	64212.343943983113	-2673814.419705758803	2.45137966151618958	-2.75758965048264137	3.03306872924050985
295534123.081112384796	2466040.416151755024	64206.595342229324	-2673775.075388010126	2.45136382686415955	-2.75758830013700162	3.03306657049150941
295534123.098137438297	2466083.795633598231	64200.846588806824	-2673735.730238769669	2.45134806737376509	-2.75758684167378965	3.03306513506643416
295534123.115162432194	2466127.174306872766	64195.097758264637	-2673696.384529407602	2.45133230798232837	-2.75758538318390389	3.03306369968788481
295534123.132187426090	2466170.552365414798	64189.348788903997	-2673657.038150105160	2.45131654857800374	-2.75758392466019675	3.03306226434981108
295534123.149212419987	2466213.929749859497	64183.599707286703	-2673617.691060913727	2.45130078916419070	-2.75758246609571955	3.03306082904313845
295534123.166237413883	2466257.306524654385	64177.850498098451	-2673578.343295783270	2.45128502973635509	-2.75758100749973911	3.03305939377996969
295534123.183262407780	2466300.682639134582	64172.101156558485	-2673538.994841572363	2.45126939697106394	-2.75757956999519882	3.03305763575846621
295534123.200287401676	2466344.058100466151	64166.351714108489	-2673499.645690769423	2.45125404366393740	-2.75757817907048119	3.03305516562101696
295534123.217312395573	2466387.432952402625	64160.602128389430	-2673460.295866996516	2.45123869034636588	-2.75757678809545492	3.03305269551870627
295534123.234337389469	2466430.807122099213	64154.852448342128	-2673420.945334907155	2.45122333701721651	-2.75757539707243593	3.03305022545455794
295534123.251362442970	2466474.180827074219	64149.102598898935	-2673381.593974024057	2.45120798368215542	-2.75757400598984326	3.03304775541344895
295534123.268387436867	2466517.553713039495	64143.352672316039	-2673342.242059076671	2.45119263033324986	-2.75757261486389282	3.03304528541655616
295534123.285412430763	2466560.925965169910	64137.602624768762	-2673302.889459378086	2.45117738444356625	-2.75757093622620486	3.03304295928170164
295534123.302437424660	2466604.297567170113	64131.852460635171	-2673263.536161572207	2.45116224430016239	-2.75756897466034490	3.03304077471537692
295534123.319462418556	2466647.668549567461	64126.102144228069	-2673224.182196852751	2.45114710414469261	-2.75756701304897156	3.03303859019258049
295534123.336487412453	2466691.038883934729	64120.351724702006	-2673184.827535485849	2.45113196397715560	-2.75756505139208619	3.03303640571331368
295534123.353512406349	2466734.408558180090	64114.601177343728	-2673145.472179097123	2.45111682379868379	-2.75756308968737196	3.03303422127455313
295534123.370537400246	2466777.777603458613	64108.850522511602	-2673106.116134929005	2.45110168360587766	-2.75756112794178199	3.03303203688537382
295534123.387562394142	2466821.145991184283	64103.099735369367	-2673066.759397197049	2.45108643617069566	-2.75755958176403704	3.03302975663157826
295534123.404587388039	2466864.513752710540	64097.348840777617	-2673027.401967199519	2.45107109796535738	-2.75755838730571012	3.03302739525076159
295534123.421612441540	2466907.880982136820	64091.597812334381	-2672988.043704353273	2.45105575964228484	-2.75755719279109357	3.03302503388645617
295534123.438637435436	2466951.247452504933	64085.846655513706	-2672948.684896041639	2.45104042141927003	-2.75755599823078512	3.03302267256373037
295534123.455662429333	2466994.613264404703	64080.095395551551	-2672909.325397135224	2.45102508318514989	-2.75755480362412220	3.03302031127610139
295534123.472687423229	2467037.978445466608	64074.344005692634	-2672869.965208992828	2.45100974494105639	-2.75755360896878798	3.03301795002054586
295534123.489712417126	2467081.342987182084	64068.592488132024	-2672830.604348034132	2.45099452433723775	-2.75755214539336180	3.03301550461064018
295534123.506737411022	2467124.706856875680	64062.840878558287	-2672791.242775677238	2.45097934531981432	-2.75755058670473563	3.03301302947198659
295534123.523762404919	2467168.070112511981	64057.089110033528	-2672751.880530408118	2.45096416629280611	-2.75754902796397561	3.03301055436762201
295534123.540787398815	2467211.432690775488	64051.337260710628	-2672712.517573793884	2.45094898725281451	-2.75754746917803528	3.03300807930662142
295534123.557812392712	2467254.794689191505	64045.585243632333	-2672673.153955935035	2.45093380820437101	-2.75754591033764518	3.03300560427688737
295534123.574837386608	2467298.155980930664	64039.833154577762	-2672633.789617976639	2.45091862914294190	-2.75754435145207610	3.03300312929051907
295534123.591862440109	2467341.516794308554	64034.080900576329	-2672594.424467704725	2.45090341445426674	-2.75754298374364426	3.03300068668466949
295534123.608887434006	2467384.876816303935	64028.328542736970	-2672555.058764726855	2.45088819200698582	-2.75754165757718850	3.03299825115452659
295534123.625912427902	2467428.236211897805	64022.576072979973	-2672515.692375425715	2.45087296954838152	-2.75754033136366905	3.03299581566125642
295534123.642937421799	2467471.594947384670	64016.823468686882	-2672476.325294074602	2.45085774708185333	-2.75753900509613237	3.03299338019578624
295534123.659962415695	2467514.953026933130	64011.070770274731	-2672436.957517645322	2.45084252460286844	-2.75753767878385059	3.03299094477021525
295534123.676987409592	2467558.311445523053	64005.319046757446	-2672397.589245366398	2.45082729961257861	-2.75753635266517261	3.03298851186366525
295534123.694012403488	2467601.668283171486	63999.566050586283	-2672358.220102301799	2.45081185036348081	-2.75753504847989950	3.03298630197825059
295534123.711037397385	2467645.024444940500	63993.812980344046	-2672318.850264204200	2.45079640110279673	-2.75753374425014952	3.03298409212992537
295534123.728062391281	2467688.379973532166	63988.059775747162	-2672279.479735412635	2.45078095183165789	-2.75753243997360720	3.03298188231566712
295534123.745087385178	2467731.734844099265	63982.306456837701	-2672240.108513056766	2.45076550255006387	-2.75753113565027341	3.03297967253547807
295534123.762112438679	2467775.089213951025	63976.553015505939	-2672200.736465092748	2.45075005314720684	-2.75752983127639828	3.03297746278090896
295534123.779137432575	2467818.442793565802	63970.799432216605	-2672161.363861449528	2.45073460764763906	-2.75752851920251052	3.03297523829420523
295534123.796162426472	2467861.795748433098	63965.045761719462	-2672121.990575911943	2.45071921732028386	-2.75752709597439383	3.03297279940984588
295534123.813187420368	2467905.148041048553	63959.291956717607	-2672082.616590925492	2.45070382698347178	-2.75752567269399496	3.03297036055820746
295534123.830212414265	2467948.499699411914	63953.538028563344	-2672043.241930100601	2.45068843663606906	-2.75752424936363250	3.03296792174231511
295534123.847237408161	2467991.850707402918	63947.783992869518	-2672003.866571167950	2.45067304627807481	-2.75752282598330734	3.03296548296217061
295534123.864262402058	2468035.201098993421	63942.029793775648	-2671964.490537867416	2.45065765591062235	-2.75752140255070177	3.03296304421475060
295534123.881287395954	2468078.550817901269	63936.275516180103	-2671925.113799104001	2.45064260346503859	-2.75752014818666424	3.03296069443962857
295534123.898312389851	2468121.899906177074	63930.521106505919	-2671885.736368135549	2.45062852963327460	-2.75751938352230885	3.03295860223525393
295534123.915337443352	2468165.248486529570	63924.766556451003	-2671846.358113129158	2.45061445579462145	-2.75751861881451710	3.03295651005114131
295534123.932362437248	2468208.596279759426	63919.011909330722	-2671806.979317240883	2.45060038194681251	-2.75751785406792704	3.03295441789333831
295534123.949387431145	2468251.943418584298	63913.257138987319	-2671767.599811420310	2.45058630809098021	-2.75751708928022055	3.03295232575882245
295534123.966412425041	2468295.289925277233	63907.502252240651	-2671728.219634187873	2.45057223422712545	-2.75751632445139805	3.03295023364759464
295534123.983437418938	2468338.635777139571	63901.747246754894	-2671688.838752963580	2.45055790391429618	-2.75751549569387988	3.03294809696794720
295534124.000462412834	2468381.980997277424	63895.992127133009	-2671649.457191416528	2.45054201983660835	-2.75751427980236707	3.03294569014303583
295534124.017487406731	2468425.325577060226	63890.236841732076	-2671610.074946687557	2.45052613575186706	-2.75751306385284378	3.03294328334262753
295534124.034512400627	2468468.669486672617	63884.481493588741	-2671570.691989044659	2.45051025165327374	-2.75751184785922332	3.03294087658486466
295534124.051537394524	2468512.012755036354	63878.726002106989	-2671531.308354159817	2.45049436754536032	-2.75751063181223133	3.03293846985765470
295534124.068562388420	2468555.355397229083	63872.970389792725	-2671491.924032951705	2.45047848342699215	-2.75750941571418773	3.03293606316402231
295534124.085587441921	2468598.697561225854	63867.214623824562	-2671452.538890521508	2.45046301043691095	-2.75750834483762608	3.03293371835346148
295534124.102612435818	2468642.038885253016	63861.458769501725	-2671413.153180728666	2.45044792739761608	-2.75750741163282331	3.03293143222423600
295534124.119637429714	2468685.379604953341	63855.702783278502	-2671373.766791969072	2.45043284434808317	-2.75750647838354856	3.03292914612557807
295534124.136662423611	2468728.719687629025	63849.946673929255	-2671334.379731853027	2.45041776128944422	-2.75750554508748413	3.03292686005446521
295534124.153687417507	2468772.059072383679	63844.190474778996	-2671294.991938184481	2.45040267822169922	-2.75750461174463002	3.03292457401089921
295534124.170712411404	2468815.397844085470	63838.434148166925	-2671255.603484940715	2.45038759514371307	-2.75750367835730659	3.03292228799790431
295534124.187737405300	2468858.736004947219	63832.677644737487	-2671216.214354301803	2.45037232186206966	-2.75750264148957225	3.03291991483561896
295534124.204762399197	2468902.073466117028	63826.921089647840	-2671176.824504962657	2.45035690841190767	-2.75750152836511608	3.03291747747934659
295534124.221787393093	2468945.410312790889	63821.164380172835	-2671137.433988651261	2.45034149495309084	-2.75750041518833067	3.03291504015100788
295534124.238812386990	2468988.746509299614	63815.407560972060	-2671098.042771263979	2.45032608148448583	-2.75749930196153459	3.03291260285362663
295534124.255837440491	2469032.082224847749	63809.650588123535	-2671058.650737137068	2.45031066800722463	-2.75749818868241015	3.03291016558418169
295534124.272862434387	2469075.417113394011	63803.893535974341	-2671019.258125110995	2.45029525452017483	-2.75749707535327637	3.03290772834569555
295534124.289887428284	2469118.751384423580	63798.136345157218	-2670979.864847626071	2.45027971530569122	-2.75749605993327007	3.03290547875450089
295534124.306912422180	2469162.085002291948	63792.379053591954	-2670940.470873550512	2.45026413797409282	-2.75749507416031747	3.03290328606389936
295534124.323937416077	2469205.417984437663	63786.621618753088	-2670901.076213265769	2.45024856063400520	-2.75749408833813270	3.03290109339957326
295534124.340962409973	2469248.750313439872	63780.864076427177	-2670861.680859359913	2.45023298328429462	-2.75749310246903478	3.03289890076454594
295534124.357987403870	2469292.081979539245	63775.106406380473	-2670822.284814915620	2.45021740592609349	-2.75749211655070603	3.03289670815579626
295534124.375012397766	2469335.413041091990	63769.348606705535	-2670782.888094476890	2.45020182855713697	-2.75749113058778494	3.03289451557937051
295534124.392037391663	2469378.743422746658	63763.590710621655	-2670743.490670146886	2.45018644068397107	-2.75748988211269896	3.03289212996460034
295534124.409062385559	2469422.073192416225	63757.832675917824	-2670704.092571390793	2.45017109190366789	-2.75748857943118120	3.03288970454699935
295534124.426087439060	2469465.402440602891	63752.074512011633	-2670664.693627789151	2.45015574300527739	-2.75748727669166227	3.03288727914717393
295534124.443112432957	2469508.730904443190	63746.316244388254	-2670625.294141791761	2.45014039420674079	-2.75748597390624939	3.03288485379109307
295534124.460137426853	2469552.059719214216	63740.558936129448	-2670585.894167411607	2.45012504539682086	-2.75748467107353035	3.03288242847182055
295534124.477162420750	2469595.386910484172	63734.800413426456	-2670546.493314935360	2.45010969657665045	-2.75748336819118567	3.03288000318633388
295534124.494187414646	2469638.713422068860	63729.041792086267	-2670507.091755600646	2.45009423383649505	-2.75748292791496441	3.03287846667506233
295534124.511212408543	2469682.039321897551	63723.283023157135	-2670467.689521838911	2.45007877106151772	-2.75748248780722971	3.03287693039580253
295534124.528237402439	2469725.364571791142	63717.524135558051	-2670428.286587001290	2.45006330827997543	-2.75748204766024196	3.03287539413389995
295534124.545262396336	2469768.689163187053	63711.765151724649	-2670388.882958598435	2.45004784548847043	-2.75748160748096272	3.03287385789842379
295534124.562287390232	2469812.013120779768	63706.006026867501	-2670349.478654356208	2.45003238269153290	-2.75748116726011094	3.03287232167728416
295534124.579312443733	2469855.336580628064	63700.246777469372	-2670310.073517051060	2.45001692916090841	-2.75748068349191167	3.03287071320344470
295534124.596337437630	2469898.659246529918	63694.487422143997	-2670270.667828551494	2.45000158781244615	-2.75747967331345434	3.03286823043147846
295534124.613362431526	2469941.981242984533	63688.727963720114	-2670231.261433078442	2.44998624645679675	-2.75747866307991885	3.03286574768267680
295534124.630387425423	2469985.302639091853	63682.968346623966	-2670191.854376588017	2.44997090508942783	-2.75747765280058621	3.03286326496913095
295534124.647412419319	2470028.623360437341	63677.208624166728	-2670152.446619120892	2.44995556371486956	-2.75747664246617719	3.03286078227875322
295534124.664437413216	2470071.943455134518	63671.448798926576	-2670113.038175331894	2.44994022232859310	-2.75747563208597235	3.03285829962363218
295534124.681462407112	2470115.262885015924	63665.688837038258	-2670073.629033607896	2.44992514819628182	-2.75747466088664961	3.03285563788544543
295534124.698487401009	2470158.581685751211	63659.928749874554	-2670034.219215987250	2.44991079297974590	-2.75747379516756252	3.03285249437514315
295534124.715512394905	2470201.899852633011	63654.168541953368	-2669994.808713613078	2.44989643775371668	-2.75747292939452215	3.03284935089306495
295534124.732537388802	2470245.217340255622	63648.408230954825	-2669955.397498437203	2.44988208251932882	-2.75747206356520813	3.03284620743618794
295534124.749562442303	2470288.534397645388	63642.647744203940	-2669915.985491544940	2.44986772717456835	-2.75747119767662641	3.03284306398649983
295534124.766587436199	2470331.850615039933	63636.887175946642	-2669876.572914321441	2.44985337192346098	-2.75747033173476597	3.03283992058002916
295534124.783612430096	2470375.166179514956	63631.126491273790	-2669837.159643476363	2.44983867686701995	-2.75746935776755642	3.03283703144127026
295534124.800637423992	2470418.481131766457	63625.365677023408	-2669797.745698205195	2.44982330183135177	-2.75746816770204184	3.03283465110722927
295534124.817662417889	2470461.795383142773	63619.604761789786	-2669758.331032777205	2.44980792678795378	-2.75746697758283732	3.03283227079924211
295534124.834687411785	2470505.109070053790	63613.843697048651	-2669718.915725397877	2.44979255173229404	-2.75746578741922699	3.03282989052939778
295534124.851712405682	2470548.422036973760	63608.082555907458	-2669679.499680083245	2.44977717666777206	-2.75746459720424841	3.03282751028863062
295534124.868737399578	2470591.734391934704	63602.321262711710	-2669640.082966282498	2.44976180159438650	-2.75746340693790248	3.03282513007694288
295534124.885762393475	2470635.046127032954	63596.559826441764	-2669600.665585568175	2.44974677476214797	-2.75746223372001431	3.03282227874266530
295534124.902787387371	2470678.357170998119	63590.798316188055	-2669561.247478641104	2.44973206354084416	-2.75746107593841483	3.03281900042986141
295534124.919812440872	2470721.667731438298	63585.036650107439	-2669521.828556488734	2.44971735231165777	-2.75745991809496793	3.03281572214411010
295534124.936837434769	2470764.977521487046	63579.274871546208	-2669482.409103835467	2.44970264096555201	-2.75745876019392178	3.03281244387854132
295534124.953862428665	2470808.286640622187	63573.512969732976	-2669442.988933838904	2.44968792971946581	-2.75745760222910441	3.03280916564991943
295534124.970887422562	2470851.595124792308	63567.750971886882	-2669403.568088003434	2.44967321846096731	-2.75745644421172598	3.03280588746043955
295534124.987912416458	2470894.902949242387	63561.988841939179	-2669364.146541206632	2.44965805220261679	-2.75745531682466893	3.03280286845278857
295534125.004937410355	2470938.210163410753	63556.226577910820	-2669324.724333322607	2.44964222394962672	-2.75745423403688328	3.03280022653011816
295534125.021962404251	2470981.516722730361	63550.464195284119	-2669285.301421446260	2.44962639568667928	-2.75745315119470158	3.03279758463874582
295534125.038987398148	2471024.822625914123	63544.701707485045	-2669245.877823405899	2.44961056741377625	-2.75745206829812295	3.03279494277867112
295534125.056012392044	2471068.127871714998	63538.939092084096	-2669206.453525859863	2.44959473913204739	-2.75745098534482747	3.03279230094687557
295534125.073037385941	2471111.432485976722	63533.176367219086	-2669167.028542048763	2.44957891083809720	-2.75744990234177889	3.03278965915242305
295534125.090062439442	2471154.736619279720	63527.413482049269	-2669127.602744468488	2.44956389285007381	-2.75744890845695778	3.03278669649120047
295534125.107087433338	2471198.039939120878	63521.650506593229	-2669088.176389795262	2.44954910894743394	-2.75744794028089313	3.03278364115682830
295534125.124112427235	2471241.342609445564	63515.887408068462	-2669048.749328103382	2.44953432503709045	-2.75744697204582945	3.03278058584690902
295534125.141137421131	2471284.644690902438	63510.124168890114	-2669009.321618622635	2.44951954111677939	-2.75744600375640969	3.03277753056748534
295534125.158162415028	2471327.946044479497	63504.360855583858	-2668969.893175745849	2.44950475718763272	-2.75744503541031305	3.03277447531553745
295534125.175187408924	2471371.246804941446	63498.597388171904	-2668930.464076222852	2.44948997324851803	-2.75744406700986167	3.03277142009408740
295534125.192212402821	2471414.546896608546	63492.833804264366	-2668891.034263784532	2.44947461900798480	-2.75744302769632510	3.03276895770801103
295534125.209237396717	2471457.846351189539	63487.070117638723	-2668851.603771076072	2.44945915374453804	-2.75744197454921469	3.03276661075458787
295534125.226262390614	2471501.145164498594	63481.306287818821	-2668812.172601129394	2.44944368847252081	-2.75744092135094476	3.03276426382828923
295534125.243287384510	2471544.444319481496	63475.543441990565	-2668772.740930849686	2.44942822319080067	-2.75743986810383968	3.03276191693213759
295534125.260312438011	2471587.742003545165	63469.779358016465	-2668733.308250485454	2.44941275778958989	-2.75743881480359532	3.03275957005369712
295534125.277337431908	2471631.038877569139	63464.015170329731	-2668693.875002603978	2.44939730442411951	-2.75743776975458044	3.03275721688680511
295534125.294362425804	2471674.335090979002	63458.250873039789	-2668654.441059702076	2.44938228659125468	-2.75743702749120079	3.03275463281328195
295534125.311387419701	2471717.630701739341	63452.486455227474	-2668615.006448199041	2.44936726874868649	-2.75743628517931372	3.03275204876730919
295534125.328412413597	2471760.925650238525	63446.721896347750	-2668575.571140218992	2.44935225089981268	-2.75743554281195280	3.03274946473982476
295534125.345437407494	2471804.219916027971	63440.957254682420	-2668536.135126892943	2.44933723304010442	-2.75743480039840616	3.03274688074291321
295534125.362462401390	2471847.513597032055	63435.192445476561	-2668496.698449409101	2.44932221517295634	-2.75743405793170959	3.03274429676751334
295534125.379487395287	2471890.806600477546	63429.427537733318	-2668457.261072462890	2.44930717862160474	-2.75743328724754866	3.03274172233759165
295534125.396512389183	2471934.098965170793	63423.662502583509	-2668417.823010821827	2.44929190976373024	-2.75743216621581366	3.03273926639492375
295534125.413537442684	2471977.390810688026	63417.897349587292	-2668378.384102819022	2.44927664089728303	-2.75743104513195192	3.03273681048003718
295534125.430562436581	2472020.681911915075	63412.132079827417	-2668338.944683499169	2.44926137201886984	-2.75742992400292986	3.03273435460199225
295534125.447587430477	2472063.972364083864	63406.366669054027	-2668299.504557160661	2.44924610313414615	-2.75742880281713765	3.03273189874568994
295534125.464612424374	2472107.262104435358	63400.601188849352	-2668260.063710779883	2.44923083423632360	-2.75742768158850859	3.03272944292925262
295534125.481637418270	2472150.551280361135	63394.835538964573	-2668220.622231362388	2.44921550431242219	-2.75742665264265829	3.03272701710128434
295534125.498662412167	2472193.839753032196	63389.069797200587	-2668181.180024388246	2.44919999756825923	-2.75742589120739989	3.03272467811825175
295534125.515687406063	2472237.127594189718	63383.303932525901	-2668141.737137090880	2.44918449081517942	-2.75742512972329656	3.03272233916084843
295534125.532712399960	2472280.414802157320	63377.537926984362	-2668102.293562070932	2.44916898405431338	-2.75742436818802750	3.03272000022605548
295534125.549737393856	2472323.701372619718	63371.771816496446	-2668062.849315694068	2.44915347728226518	-2.75742360660856001	3.03271766132293497
295534125.566762387753	2472366.987288472708	63366.005571731424	-2668023.404368299525	2.44913797050356230	-2.75742284497560508	3.03271532243940722
295534125.583787441254	2472410.272687467281	63360.239220385665	-2667983.958573030774	2.44912242553223658	-2.75742197021306668	3.03271301088118594
295534125.600812435150	2472453.557316062041	63354.472756667521	-2667944.512247260660	2.44910679887725680	-2.75742085249975100	3.03271075802998569
295534125.617837429047	2472496.841282176320	63348.706154153435	-2667905.065227985382	2.44909117221449524	-2.75741973473385293	3.03270850520425439
295534125.634862422943	2472540.124619312584	63342.939437757195	-2667865.617523901165	2.44907554554055551	-2.75741861692234158	3.03270625241305414
295534125.651887416840	2472583.407298182603	63337.172609545174	-2667826.169129222631	2.44905991885656915	-2.75741749906289524	3.03270399965336557
295534125.668912410736	2472626.689365261700	63331.405640655932	-2667786.720057147089	2.44904429216140329	-2.75741638115783694	3.03270174692821026
295534125.685937404633	2472669.970776448026	63325.638550934171	-2667747.270301873796	2.44902887000570058	-2.75741516897843875	3.03269917929857824
295534125.702962398529	2472713.251505560242	63319.871371766792	-2667707.819832345005	2.44901362749523432	-2.75741387399344662	3.03269633509939274
295534125.719987392426	2472756.531630155630	63314.104042890904	-2667668.368695730343	2.44899838497711553	-2.75741257894846958	3.03269349092752405
295534125.737012386322	2472799.811094130855	63308.336604477066	-2667628.916864095721	2.44898314244794868	-2.75741128385047807	3.03269064679203337
295534125.754037439823	2472843.090060785878	63302.569030437095	-2667589.464196425863	2.44896789990999597	-2.75740998869482601	3.03268780268688198
295534125.771062433720	2472886.368251952808	63296.801332783158	-2667550.011004255153	2.44895265736099432	-2.75740869348615991	3.03268495861811038
295534125.788087427616	2472929.645749866962	63291.033547783169	-2667510.557084414177	2.44893744604252950	-2.75740751166270526	3.03268232010968486
295534125.805112421513	2472972.922627674881	63285.265628835536	-2667471.102497659624	2.44892225629322535	-2.75740640816249805	3.03267982362467947
295534125.822137415409	2473016.198855330236	63279.497586861682	-2667431.647215771489	2.44890706653659729	-2.75740530460751243	3.03267732716400440
