295534118.227533996105 0.000085125000
295534118.227533996105	2453647.396235465072	65840.522647092264	-2684963.587062211242	2.45568496563817940	-2.75800498090976509	3.03368947532452227
295534118.244558990002	2453690.958548903931	65834.808526089997	-2684924.439167522825	2.45566957381720741	-2.75800318714657378	3.03368703322020927
295534118.261583983898	2453734.520228841342	65829.094267781562	-2684885.290591053665	2.45565418198586816	-2.75800139333099370	3.03368459115430511
295534118.278608977795	2453778.081265896093	65823.379916867445	-2684846.141311938409	2.45563879588448142	-2.75799967570114379	3.03368220001858813
295534118.295633971691	2453821.641661776695	65817.665428578039	-2684806.991352612153	2.45562345053324549	-2.75799849912869188	3.03368017010467295
295534118.312659025192	2453865.201560244430	65811.950806037654	-2684767.840560222510	2.45560810517312644	-2.75799732251001162	3.03367814021950322
295534118.329684019089	2453908.760675741360	65806.236065466015	-2684728.689207611606	2.45559275980298608	-2.75799614584740738	3.03367611036611784
295534118.346709012985	2453952.319159570150	65800.521216637891	-2684689.537171705626	2.45557741442055288	-2.75799496914548836	3.03367408055058663
295534118.363734006882	2453995.876974472776	65794.806259491452	-2684650.384422885720	2.45556206903037211	-2.75799379239503750	3.03367205076076862
295534118.380759000778	2454039.434174909256	65789.091167300969	-2684611.230998181738	2.45554672789701467	-2.75799253233521835	3.03366997734270916
295534118.397783994675	2454082.990722737741	65783.375955649259	-2684572.076876886189	2.45553140568859085	-2.75799090290565152	3.03366771028851501
295534118.414808988571	2454126.546639830340	65777.660606727979	-2684532.922069324646	2.45551608347013506	-2.75798927342646882	3.03366544327004917
295534118.431833982468	2454170.101909799501	65771.945151765074	-2684493.766550260596	2.45550076123937444	-2.75798764390228168	3.03366317629338367
295534118.448858976364	2454213.656545786653	65766.229577376405	-2684454.610349416733	2.45548543899630989	-2.75798601433308965	3.03366090935851940
295534118.465883970261	2454257.210548271425	65760.513865708839	-2684415.453466790728	2.45547011674321203	-2.75798438471428442	3.03365864245938610
295534118.482909023762	2454300.764058440458	65754.798024319593	-2684376.295748074073	2.45545493439017593	-2.75798278331757407	3.03365642428118765
295534118.499934017658	2454344.316753563937	65749.082073709811	-2684337.137464867439	2.45544000423155850	-2.75798123279368923	3.03365429381897567
295534118.516959011555	2454387.868820019998	65743.366005958247	-2684297.978493879549	2.45542507406110744	-2.75797968222792944	3.03365216339639732
295534118.533984005451	2454431.420257835649	65737.649814376258	-2684258.818838082254	2.45541014387995826	-2.75797813161799032	3.03365003301041902
295534118.551008999348	2454474.971048546489	65731.933510074901	-2684219.658473755699	2.45539521368811231	-2.75797658096387188	3.03364790266103990
295534118.568033993244	2454518.521200629883	65726.217070688785	-2684180.497427704744	2.45538028348556736	-2.75797503026557500	3.03364577234826216
295534118.585058987141	2454562.070707276929	65720.500536489679	-2684141.335680518765	2.45536518145091431	-2.75797340064727337	3.03364354678963499
295534118.602083981037	2454605.619571125135	65714.783833672525	-2684102.173251666129	2.45534985791128246	-2.75797166929127968	3.03364119842661228
295534118.619108974934	2454649.167791821994	65709.067053920997	-2684063.010117196478	2.45533453435686955	-2.75796993789370548	3.03363885011302470
295534118.636133968830	2454692.715400887188	65703.350119106966	-2684023.846311269794	2.45531921079221860	-2.75796820644533103	3.03363650183673395
295534118.653159022331	2454736.262493857648	65697.633063427929	-2683984.681651529856	2.45530388721733051	-2.75796647494615721	3.03363415359773869
295534118.670184016228	2454779.808795768768	65691.915887477313	-2683945.516442053020	2.45528856363106751	-2.75796474339848974	3.03363180539907695
295534118.687209010124	2454823.354465817101	65686.198598865754	-2683906.350555221085	2.45527377624395449	-2.75796382602149714	3.03362879237849814
295534118.704234004021	2454866.899469653144	65680.481215382082	-2683867.183945049066	2.45525930411723525	-2.75796338731002555	3.03362538846951324
295534118.721258997917	2454910.443858826999	65674.763692452863	-2683828.016664933413	2.45524483198156274	-2.75796294854047952	3.03362198458279364
295534118.738283991814	2454953.987609846052	65669.046016599401	-2683788.848703094292	2.45523035984034532	-2.75796250970594237	3.03361858070923507
295534118.755308985710	2454997.530720742419	65663.328248225298	-2683749.680034123827	2.45521588769017463	-2.75796207081333034	3.03361517685794313
295534118.772333979607	2455041.073198321741	65657.610347068607	-2683710.510677430779	2.45520141553218663	-2.75796163186033993	3.03361177302588469
295534118.789358973503	2455084.614996507298	65651.892344249965	-2683671.340610907413	2.45518634480321518	-2.75796033199482560	3.03360905992899665
295534118.806383967400	2455128.156190468464	65646.174202084920	-2683632.169868385885	2.45517100669887878	-2.75795864755499220	3.03360665539582852
295534118.823409020901	2455171.696881695651	65640.455923459973	-2683592.998298796825	2.45515566847443445	-2.75795696305705684	3.03360425088945895
295534118.840434014797	2455215.236768044997	65634.737551373968	-2683553.826155694202	2.45514033034768486	-2.75795527851850908	3.03360184643553144
295534118.857459008694	2455258.776023412589	65629.019051008072	-2683514.653326326050	2.45512499220972824	-2.75795359393060524	3.03359944202122600
295534118.874484002590	2455302.314669024665	65623.300411268705	-2683475.479829929303	2.45510965406056414	-2.75795190929334622	3.03359703764654309
295534118.891508996487	2455345.852662427351	65617.581654348207	-2683436.305628029164	2.45509488631554129	-2.75795093840514571	3.03359556239070915
295534118.908533990383	2455389.389978769235	65611.862800277100	-2683397.130717754364	2.45508020015911699	-2.75795006959174405	3.03359422006562474
295534118.925558984280	2455432.926667348482	65606.143806782711	-2683357.955113758333	2.45506551399510364	-2.75794920074357952	3.03359287776332431
295534118.942583978176	2455476.463712870609	65600.425792429858	-2683318.779034664854	2.45505082782123241	-2.75794833186526400	3.03359153548987637
295534118.959608972073	2455519.999155345839	65594.706542420914	-2683279.602077431977	2.45503614163750150	-2.75794746295679793	3.03359019324528179
295534118.976634025574	2455563.534067741130	65588.987187226172	-2683240.424251517747	2.45502145544731798	-2.75794659401126419	3.03358885102043896
295534118.993659019470	2455607.068210322876	65583.267694014692	-2683201.245898074470	2.45500588976517253	-2.75794515383874783	3.03358670321527901
295534119.010684013367	2455650.601700194646	65577.548108203016	-2683162.066836155020	2.45499004619619665	-2.75794353315682006	3.03358430092794285
295534119.027709007263	2455694.134551668074	65571.828378434933	-2683122.887092512567	2.45497420261682953	-2.75794191242166553	3.03358189867750339
295534119.044734001160	2455737.666760486085	65566.108547237265	-2683083.706646224018	2.45495835902593473	-2.75794029163559129	3.03357949646699643
295534119.061758995056	2455781.198333220091	65560.388583279971	-2683044.525516695343	2.45494251542351005	-2.75793867079860000	3.03357709429642330
295534119.078783988953	2455824.729253741447	65554.668502163389	-2683005.343681665137	2.45492677726677355	-2.75793707228833274	3.03357460847676608
295534119.095808982849	2455868.259545851965	65548.948288357671	-2682966.161161825061	2.45491175110852833	-2.75793562480660137	3.03357155765408359
295534119.112833976746	2455911.789206737187	65543.227955241484	-2682926.977955718059	2.45489672493932343	-2.75793417726957868	3.03356850686944846
295534119.129858970642	2455955.318209855817	65537.507511636926	-2682887.794050106779	2.45488169875915885	-2.75793272967726422	3.03356545612285977
295534119.146884024143	2455998.846742328722	65531.786916120611	-2682848.609324671794	2.45486667246358925	-2.75793128201796023	3.03356240539090383
295534119.163909018040	2456042.374464391265	65526.066227163712	-2682809.424034689087	2.45485164626491059	-2.75792983430814553	3.03355935471131222
295534119.180934011936	2456085.901555489749	65520.345403272586	-2682770.238061411772	2.45483654918438932	-2.75792834653987962	3.03355645799696694
295534119.197959005833	2456129.428018560633	65514.624455625606	-2682731.051391441375	2.45482115935485989	-2.75792669351088371	3.03355419713502972
295534119.214983999729	2456172.953817685600	65508.903404180957	-2682691.864039847162	2.45480576951288088	-2.75792504043677766	3.03355193631544839
295534119.232008993626	2456216.478975705802	65503.182222274059	-2682652.675970753189	2.45479037966185709	-2.75792338731064302	3.03354967552912358
295534119.249033987522	2456260.003496946301	65497.460927738757	-2682613.487221391872	2.45477498979724551	-2.75792173414170794	3.03354741478819179
295534119.266058981419	2456303.527390009724	65491.739491599670	-2682574.297787221614	2.45475959992358916	-2.75792008092074559	3.03354515408051872
295534119.283083975315	2456347.050630620681	65486.017947266417	-2682535.107647547498	2.45474422189067143	-2.75791851290108436	3.03354310591418441
295534119.300108969212	2456390.573213056661	65480.296290252227	-2682495.916817278136	2.45472886276311630	-2.75791708088433918	3.03354139691181324
295534119.317134022713	2456434.095344141126	65474.574467978528	-2682456.725176054519	2.45471350362563889	-2.75791564882601836	3.03353968794234286
295534119.334159016609	2456477.616643610410	65468.852556684855	-2682417.532954017632	2.45469814447710366	-2.75791421672842851	3.03353797900880684
295534119.351184010506	2456521.137343040667	65463.130532973992	-2682378.340058897622	2.45468278531523776	-2.75791278459618550	3.03353627011727367
295534119.368209004402	2456564.657358874567	65457.408380824745	-2682339.146451032721	2.45466742614458422	-2.75791135242006114	3.03353456125561083
295534119.385233998299	2456608.176764682401	65451.686105007182	-2682299.952173168305	2.45465213542876848	-2.75790982983820721	3.03353256023994478
295534119.402258992195	2456651.695520419162	65445.963712111050	-2682260.757197197061	2.45463693033630559	-2.75790819418097666	3.03353019380913569
295534119.419283986092	2456695.213623723015	65440.241204340055	-2682221.561518695671	2.45462172523285282	-2.75790655847536570	3.03352782741686422
295534119.436308979988	2456738.731066967826	65434.518568236170	-2682182.365145172458	2.45460652011954483	-2.75790492271906995	3.03352546106009946
295534119.453333973885	2456782.247911054641	65428.795804079302	-2682143.168089652900	2.45459131499411010	-2.75790328691670350	3.03352309474490855
295534119.470358967781	2456825.764118619729	65423.072911690724	-2682103.970356837846	2.45457610985768415	-2.75790165106596019	3.03352072846825882
295534119.487384021282	2456869.279829161707	65417.349887413591	-2682064.771782045718	2.45456116645354339	-2.75790046445460080	3.03351897909957602
295534119.504409015179	2456912.794731861912	65411.626765300527	-2682025.572644164786	2.45454638593611119	-2.75789955712789014	3.03351761326714531
295534119.521434009075	2456956.308979601599	65405.903519374988	-2681986.372808234766	2.45453160541088788	-2.75789864976588550	3.03351624745826554
295534119.538459002972	2456999.822619887069	65400.180145358259	-2681947.172303762753	2.45451682487560374	-2.75789774237320229	3.03351488167900474
295534119.555483996868	2457043.335610935930	65394.456652030611	-2681907.971086330712	2.45450204433139341	-2.75789683494753346	3.03351351592633023
295534119.572508990765	2457086.847940823529	65388.733048275753	-2681868.769185761921	2.45448726377825643	-2.75789592748887991	3.03351215020024201
295534119.589533984661	2457130.359666667413	65383.009309741283	-2681829.566603252664	2.45447207695409775	-2.75789457928800141	3.03351003227494065
295534119.606558978558	2457173.870692377910	65377.285456175516	-2681790.363294648007	2.45445671424542144	-2.75789304024112658	3.03350758872345594
295534119.623583972454	2457217.381131382659	65371.561481312252	-2681751.159336738288	2.45444135152252052	-2.75789150115117954	3.03350514521848691
295534119.640608966351	2457260.890894629061	65365.837389271517	-2681711.954655600712	2.45442598878993579	-2.75788996200893077	3.03350270174790371
295534119.657634019852	2457304.400205872953	65360.113138722227	-2681672.749172420707	2.45441062604766680	-2.75788842281438074	3.03350025831170722
295534119.674659013748	2457347.908685714006	65354.388796970852	-2681633.543105454184	2.45439526329457758	-2.75788688356983824	3.03349781491293147
295534119.691684007645	2457391.416550877038	65348.664315908085	-2681594.336368545890	2.45438010267013151	-2.75788555727300499	3.03349544344506672
295534119.708709001541	2457434.923751074821	65342.939755790663	-2681555.128924607765	2.45436496721284225	-2.75788425745721177	3.03349308096482018
295534119.725733995438	2457478.430315821432	65337.215056288187	-2681515.920788519084	2.45434983174550680	-2.75788295759331747	3.03349071851777641
295534119.742758989334	2457521.937260102481	65331.491304761585	-2681476.712181716692	2.45433469626812384	-2.75788165768132343	3.03348835610393586
295534119.759783983231	2457565.442538414616	65325.766371194732	-2681437.502661313396	2.45431956077955782	-2.75788035772353712	3.03348599372633343
295534119.776808977127	2457608.947186208330	65320.041291590089	-2681398.292454643175	2.45430442528321358	-2.75787905771303699	3.03348363137587196
295534119.793833971024	2457652.451202338096	65314.316097247458	-2681359.081567647867	2.45428908635457610	-2.75787758988357501	3.03348122942744247
295534119.810859024525	2457695.954721889459	65308.590759874278	-2681319.869835708756	2.45427373592992071	-2.75787611261472287	3.03347882528598989
295534119.827884018421	2457739.457433143165	65302.865335894923	-2681280.657543648966	2.45425838560357290	-2.75787463530378352	3.03347642119379923
295534119.844909012318	2457782.959510396700	65297.139792691727	-2681241.444569808431	2.45424303526541188	-2.75787315794577470	3.03347401714108145
295534119.861934006214	2457826.460957150441	65291.414096756402	-2681202.230912671424	2.45422768491997845	-2.75787168053146470	3.03347161311570801
295534119.878959000111	2457869.961772840470	65285.688292791063	-2681163.016560356598	2.45421242436305409	-2.75787027924279826	3.03346929672934484
295534119.895983994007	2457913.461936113425	65279.962367313143	-2681123.801508480217	2.45419771519324836	-2.75786934558723740	3.03346751820235294
295534119.913008987904	2457956.961446518544	65274.236331505788	-2681084.585760012269	2.45418300601454398	-2.75786841189307808	3.03346573970219735
295534119.930033981800	2458000.460323396139	65268.510158603021	-2681045.369329762179	2.45416829682807558	-2.75786747815801236	3.03346396122584672
295534119.947058975697	2458043.958547812887	65262.783877604757	-2681006.152194009162	2.45415358763157210	-2.75786654438665790	3.03346218277936730
295534119.964083969593	2458087.456164792180	65257.057461873272	-2680966.934392683674	2.45413887842616818	-2.75786561057670720	3.03346040435972686
295534119.981109023094	2458130.953260317910	65251.330929864707	-2680927.715740572196	2.45412414417375535	-2.75786465808239400	3.03345860892959829
295534119.998134016991	2458174.449567768723	65245.604268851595	-2680888.496534238569	2.45410845806236777	-2.75786299366652043	3.03345616323400957
295534120.015159010887	2458217.945243766531	65239.877490894738	-2680849.276644609869	2.45409277193837605	-2.75786132920189875	3.03345371758167648
295534120.032184004784	2458261.440269445069	65234.150604879236	-2680810.056056875736	2.45407708580291573	-2.75785966468622146	3.03345127196956810
295534120.049208998680	2458304.934656473342	65228.423583981115	-2680770.834787415806	2.45406139965598413	-2.75785800011948901	3.03344882639768665
295534120.066233992577	2458348.428395946976	65222.696455046389	-2680731.612815366127	2.45404571349758349	-2.75785633550170273	3.03344638086603169
295534120.083258986473	2458391.921502083074	65216.969193500743	-2680692.390155594796	2.45403037513771505	-2.75785494118817809	3.03344404449457405
295534120.100283980370	2458435.413979575038	65211.241801629061	-2680653.166813984979	2.45401557721131436	-2.75785396691567453	3.03344187770680396
295534120.117308974266	2458478.905821158551	65205.514281605472	-2680613.942783195991	2.45400077927477689	-2.75785299260119121	3.03343971094965381
295534120.134333968163	2458522.396993078291	65199.786680306941	-2680574.718039491214	2.45398598132810264	-2.75785201824472903	3.03343754422312539
295534120.151359021664	2458565.887684563641	65194.058913709341	-2680535.492476074956	2.45397118337469600	-2.75785104383936197	3.03343537751812375
295534120.168384015560	2458609.377592381556	65188.331042762911	-2680496.266358382069	2.45395638541115213	-2.75785006939201605	3.03343321084374562
295534120.185409009457	2458652.866820377763	65182.603068119759	-2680457.039539769758	2.45394132104522988	-2.75784885306295946	3.03343093835423661
295534120.202434003353	2458696.355463639367	65176.874938717221	-2680417.812051057816	2.45392593286351746	-2.75784734273594800	3.03342853725335404
295534120.219458997250	2458739.843410267495	65171.146741354503	-2680378.583842132706	2.45391054466986258	-2.75784583236179692	3.03342613619255674
295534120.236483991146	2458783.330764788669	65165.418360115378	-2680339.354973590467	2.45389515646767009	-2.75784432193357931	3.03342373516275243
295534120.253508985043	2458826.817420535721	65159.689910900168	-2680300.125377436634	2.45387976825239917	-2.75784281146053356	3.03342133417606785
295534120.270533978939	2458870.303496066947	65153.961298033893	-2680260.895125980489	2.45386438002859064	-2.75784130093342128	3.03341893322037714
295534120.287558972836	2458913.788890042342	65148.232583693469	-2680221.664157293737	2.45384900896242986	-2.75783936960997078	3.03341631225826891
295534120.304583966732	2458957.273636242840	65142.503763586319	-2680182.432488989551	2.45383364739444154	-2.75783720518644593	3.03341356946096585
295534120.321609020233	2459000.757944645826	65136.774760470871	-2680143.200033509172	2.45381828570536697	-2.75783504069646979	3.03341082669546847
295534120.338634014130	2459044.241431604605	65131.045684212950	-2680103.966988188680	2.45380292411333301	-2.75783287616424566	3.03340808399216710
295534120.355659008026	2459087.724233852699	65125.316497534644	-2680064.733242004644	2.45378756251040997	-2.75783071157536464	3.03340534133283724
295534120.372684001923	2459131.206448598299	65119.587156103305	-2680025.498830207624	2.45377220089432946	-2.75782854693444479	3.03340259872354157
295534120.389708995819	2459174.687990481500	65113.857737894250	-2679986.263715920039	2.45375683248170029	-2.75782677478438787	3.03340019400151428
295534120.406733989716	2459218.168940470554	65108.128133591206	-2679947.027939045802	2.45374146104187574	-2.75782517723771914	3.03339793962901849
295534120.423758983612	2459261.649199333508	65102.398468099185	-2679907.791430018842	2.45372608958862104	-2.75782357964841918	3.03339568530101245
295534120.440783977509	2459305.128848888446	65096.668645550832	-2679868.554253961891	2.45371071812647479	-2.75782198200724959	3.03339343100537340
295534120.457808971405	2459348.607814118266	65090.938721533807	-2679829.316365161445	2.45369534665203348	-2.75782038432114041	3.03339117675119363
295534120.474834024906	2459392.086310990620	65085.208656944364	-2679790.077655023430	2.45367997516756553	-2.75781878658547264	3.03338892253241310
295534120.491859018803	2459435.564013991505	65079.478479040517	-2679750.838396662381	2.45366461600421548	-2.75781653105850477	3.03338594109979987
295534120.508884012699	2459479.041066901758	65073.748184196120	-2679711.598440194968	2.45364925861525984	-2.75781418027169023	3.03338285445376421
295534120.525909006596	2459522.518501257524	65068.018859766657	-2679672.358014470432	2.45363390121216973	-2.75781182943014658	3.03337976786344132
295534120.542934000492	2459565.994270479307	65062.288331094576	-2679633.116669203620	2.45361854379835087	-2.75780947852694469	3.03337668131973937
295534120.559958994389	2459609.469408691395	65056.557674369513	-2679593.874637672212	2.45360318637266772	-2.75780712756439472	3.03337359482568925
295534120.576983988285	2459652.943932018243	65050.826873987942	-2679554.631942139007	2.45358782893511940	-2.75780477654249845	3.03337050838129318
295534120.594008982182	2459696.417762354016	65045.095990057460	-2679515.388512996957	2.45357260453149451	-2.75780327122661850	3.03336811039255982
295534120.611033976078	2459739.890983142890	65039.364958036458	-2679476.144416826311	2.45355738655456701	-2.75780180677411257	3.03336574573903617
295534120.628058969975	2459783.363550792914	65033.633831442334	-2679436.899621093646	2.45354216856480711	-2.75780034227784832	3.03336338112751891
295534120.645084023476	2459826.835637999699	65027.902539601200	-2679397.654005649034	2.45352695045755986	-2.75779887772369658	3.03336101653636980
295534120.662109017372	2459870.306917327922	65022.171156805824	-2679358.407824145630	2.45351173244780663	-2.75779741312836535	3.03335865199371524
295534120.679134011269	2459913.777568195947	65016.439648229607	-2679319.160954861436	2.45349648002224896	-2.75779592700438680	3.03335640152351438
295534120.696159005165	2459957.247580208350	65010.708000383151	-2679279.913409794215	2.45348102641696020	-2.75779431523941465	3.03335481786644579
295534120.713183999062	2460000.716939535458	65004.976246790648	-2679240.665162194055	2.45346557279864186	-2.75779270343910232	3.03335323425150127
295534120.730208992958	2460044.185654065106	64999.244385267957	-2679201.416207518429	2.45345011916842726	-2.75779109160114055	3.03335165067565304
295534120.747233986855	2460087.653734386899	64993.512400177453	-2679162.166577003431	2.45343466552631773	-2.75778947972552935	3.03335006713890021
295534120.764258980751	2460131.121174333617	64987.780275805562	-2679122.916251425166	2.45341921187117773	-2.75778786781458063	3.03334848364427456
295534120.781283974648	2460174.587966566905	64982.048025596443	-2679083.665235138033	2.45340379810463816	-2.75778626298556606	3.03334675005405163
295534120.798308968544	2460218.054129197262	64976.315680945845	-2679044.413537013344	2.45338853622455222	-2.75778468525274301	3.03334444493433963
295534120.815334022045	2460261.519768715836	64970.583195497056	-2679005.160983675160	2.45337327433577501	-2.75778310746764799	3.03334213984639600
295534120.832359015942	2460304.984659787733	64964.850572372372	-2678965.907913131174	2.45335801243490081	-2.75778152963721457	3.03333983479931435
295534120.849384009838	2460348.448884210549	64959.117852430150	-2678926.654128160328	2.45334275052420070	-2.75777995175682022	3.03333752978703286
295534120.866409003735	2460391.912472928409	64953.385002205097	-2678887.399651037995	2.45332748860140404	-2.75777837383108793	3.03333522481561468
295534120.883433997631	2460435.375402565580	64947.652055177059	-2678848.144492234569	2.45331248656034262	-2.75777682960267301	3.03333315494193512
295534120.900458991528	2460478.837683398277	64941.918977830937	-2678808.888617502060	2.45329787278920586	-2.75777533574268174	3.03333143627442148
295534120.917483985424	2460522.299378002062	64936.185754778533	-2678769.632096434012	2.45328325900746824	-2.75777384184518182	3.03332971764202908
295534120.934508979321	2460565.760394040961	64930.452421411697	-2678730.374853654299	2.45326864521513022	-2.75777234791017367	3.03332799904475836
295534120.951533973217	2460609.220754452515	64924.718971125229	-2678691.116921737324	2.45325403141332732	-2.75777085393534671	3.03332628047957886
295534120.968558967113	2460652.680491480045	64918.985406319276	-2678651.858296042774	2.45323941759978759	-2.75776935992532435	3.03332456195255418
295534120.985584020615	2460696.139720634092	64913.251700791079	-2678612.598846310750	2.45322444826355390	-2.75776788072647605	3.03332264027363108
295534121.002609014511	2460739.598169092089	64907.517888825394	-2678573.338834845461	2.45320857841578954	-2.75776643913387121	3.03332020378360623
295534121.019634008408	2460783.055996892508	64901.783942186055	-2678534.078168344218	2.45319270855585314	-2.75776499749208526	3.03331776733374348
295534121.036659002304	2460826.513162138406	64896.049871910691	-2678494.816771050915	2.45317683868828595	-2.75776355579187227	3.03331533091192096
295534121.053683996201	2460869.969711352605	64890.315689376846	-2678455.554715697654	2.45316096880627832	-2.75776211404710114	3.03331289453632147
295534121.070708990097	2460913.425576921552	64884.581385323603	-2678416.291944628581	2.45314509891436794	-2.75776067224852772	3.03331045819482670
295534121.087733983994	2460956.880823797081	64878.846969036662	-2678377.028485666495	2.45312992184309220	-2.75775878415061104	3.03330811111940823
295534121.104758977890	2461000.335432005115	64873.112418008983	-2678337.764344979543	2.45311511243561231	-2.75775665918841506	3.03330581144005063
295534121.121783971786	2461043.789364004973	64867.377754470450	-2678298.499487004708	2.45310030301732018	-2.75775453417772676	3.03330351180258795
295534121.138809025288	2461087.242824203800	64861.642963845043	-2678259.233818119857	2.45308549358708117	-2.75775240912085673	3.03330121221004934
295534121.155834019184	2461130.695498582441	64855.908069012687	-2678219.967587558553	2.45307068414262597	-2.75775028402243017	3.03329891266849616
295534121.172859013081	2461174.147531568073	64850.173026000222	-2678180.700685698073	2.45305587468849140	-2.75774815887320113	3.03329661316581056
295534121.189884006977	2461217.598931393586	64844.437855006167	-2678141.433090172708	2.45304066529227560	-2.75774647913798399	3.03329431487873569
295534121.206909000874	2461261.049664332997	64838.702596196978	-2678102.164780217223	2.45302529437555883	-2.75774497925125139	3.03329201710126206
295534121.223933994770	2461304.499763485976	64832.967209407798	-2678062.895788481925	2.45300992344798541	-2.75774347931664510	3.03328971936068381
295534121.240958988667	2461347.949204435572	64827.231710198932	-2678023.626106152777	2.45299455250955445	-2.75774197933416643	3.03328742165700227
295534121.257983982563	2461391.398060849868	64821.496054144744	-2677984.355750753079	2.45297918155912953	-2.75774047930612820	3.03328512399324879
295534121.275008976460	2461434.846199262422	64815.760316753083	-2677945.084670756478	2.45296381060124968	-2.75773897922328270	3.03328282635730551
295534121.292033970356	2461478.293742247857	64810.024433647864	-2677905.812926715706	2.45294851697448690	-2.75773759215966008	3.03328125414660432
295534121.309059023857	2461521.741779339965	64804.289503778593	-2677866.540553323925	2.45293323146071440	-2.75773621708285388	3.03327975915862957
295534121.326084017754	2461565.188022102229	64798.553393711925	-2677827.267410101835	2.45291794604451008	-2.75773484197666541	3.03327826421205948
295534121.343109011650	2461608.633649966214	64792.817140092440	-2677787.993602878880	2.45290266061734297	-2.75773346683452569	3.03327676930043388
295534121.360134005547	2461652.078574649058	64787.080787295054	-2677748.719071072061	2.45288737518034772	-2.75773209165412325	3.03327527442072453
295534121.377158999443	2461695.522943237796	64781.344277806056	-2677709.443886832334	2.45287208973125459	-2.75773071644008327	3.03327377957899103
295534121.394183993340	2461738.966589070391	64775.607704884576	-2677670.167963198386	2.45285684110928326	-2.75772917100907389	3.03327142822130913
295534121.411208987236	2461782.409625576343	64769.870975014099	-2677630.891372537240	2.45284159406680491	-2.75772761818874956	3.03326903997113417
295534121.428233981133	2461825.852025273256	64764.134132850129	-2677591.614101607352	2.45282634701124191	-2.75772606532424813	3.03326665176440580
295534121.445258975029	2461869.293772530276	64758.397169371390	-2677552.336131115910	2.45281109994599777	-2.75772451240863292	3.03326426359203838
295534121.462283968925	2461912.734886665363	64752.660064514654	-2677513.057472900953	2.45279585287107249	-2.75772295944190482	3.03326187545403281
295534121.479309022427	2461956.175503530074	64746.922830253199	-2677473.777975682635	2.45278080053499536	-2.75772138167597802	3.03325947576102317
295534121.496334016323	2461999.615306547843	64741.185509615207	-2677434.497927310411	2.45276703594781953	-2.75771964020632421	3.03325699945438387
295534121.513359010220	2462043.054508063477	64735.448050005063	-2677395.217198458035	2.45275327135092214	-2.75771789869137907	3.03325452318400934
295534121.530384004116	2462086.493035248015	64729.710493619903	-2677355.935756747611	2.45273950674430274	-2.75771615713114171	3.03325204694990047
295534121.547408998013	2462129.930945431814	64723.972780260054	-2677316.653649580199	2.45272574212909600	-2.75771441552330154	3.03324957074902857
295534121.564433991909	2462173.368199700955	64718.234972455321	-2677277.370847334154	2.45271197750189662	-2.75771267387479702	3.03324709459048236
295534121.581458985806	2462216.804804294370	64712.497043370153	-2677238.087341041304	2.45269790143225963	-2.75771102239279831	3.03324465235409102
295534121.598483979702	2462260.240773194004	64706.758977390789	-2677198.803145567887	2.45268268748094354	-2.75770970047522734	3.03324233397082699
295534121.615508973598	2462303.676110657863	64701.020781255924	-2677159.518272742163	2.45266747352054226	-2.75770837850765771	3.03324001561829260
295534121.632533967495	2462347.110795188230	64695.282488464953	-2677120.232697382569	2.45265225954765365	-2.75770705649702830	3.03323769730557435
295534121.649559020996	2462390.544979936909	64689.544050596851	-2677080.946290474385	2.45263704545765027	-2.75770573443020339	3.03323537901136220
295534121.666584014893	2462433.978375704493	64683.805499624214	-2677041.659338256344	2.45262183146658908	-2.75770441231957930	3.03323306076010990
295534121.683609008789	2462477.411142526194	64678.066840922838	-2677002.371698257048	2.45260699445846608	-2.75770301280786789	3.03323113505107544
295534121.700634002686	2462520.843257140834	64672.328051979319	-2676963.083358696662	2.45259270801972606	-2.75770150027864736	3.03322978259499987
295534121.717658996582	2462564.274733054917	64666.589135098322	-2676923.794334440492	2.45257842156919192	-2.75769998772004499	3.03322843017667232
295534121.734683990479	2462607.705558411777	64660.850112626802	-2676884.504615050741	2.45256413510799831	-2.75769847512974886	3.03322707779306411
295534121.751708984375	2462651.135728325229	64655.110977825185	-2676845.214200581424	2.45254984863614212	-2.75769696250775942	3.03322572544417834
295534121.768733978271	2462694.565264854115	64649.371717361195	-2676805.923095419537	2.45253556215249269	-2.75769544985639037	3.03322437313304105
295534121.785758972168	2462737.994192286395	64643.632291036054	-2676766.631323228125	2.45252066839281380	-2.75769395966251096	3.03322255976086286
295534121.802784025669	2462781.422597573604	64637.892762100368	-2676727.338706192095	2.45250505699384380	-2.75769249601059396	3.03322020154838423
295534121.819809019566	2462824.850195163861	64632.153146878183	-2676688.045517154038	2.45248944558167015	-2.75769103231380486	3.03321784337886191
295534121.836834013462	2462868.277204408310	64626.413372619485	-2676648.751680325251	2.45247383415969678	-2.75768956856520431	3.03321548524321161
295534121.853859007359	2462911.703537413385	64620.673492664311	-2676609.457123238593	2.45245822272678771	-2.75768810476710780	3.03321312714446334
295534121.870884001255	2462955.129190574400	64614.933509229333	-2676570.161865233444	2.45244261128407670	-2.75768664091720117	3.03321076907959020
295534121.887908995152	2462998.554258326534	64609.193377985779	-2676530.865946041420	2.45242778489649060	-2.75768532881389694	3.03320919887488971
295534121.904933989048	2463041.978651744314	64603.453150019275	-2676491.569313990884	2.45241337265463333	-2.75768409675541948	3.03320804431026092
295534121.921958982944	2463085.402409011964	64597.712796400629	-2676452.271995731164	2.45239896040172756	-2.75768286467000223	3.03320688977952235
295534121.938983976841	2463128.825532934163	64591.972303699549	-2676412.973992719781	2.45238454814004037	-2.75768163255301779	3.03320573527661885
295534121.956008970737	2463172.248003978748	64586.231694225717	-2676373.675296086818	2.45237013586957309	-2.75768040040446705	3.03320458080155131
295534121.973034024239	2463215.670001522172	64580.490946564852	-2676334.375778172631	2.45235572348564013	-2.75767916822341030	3.03320342635629814
295534121.990059018135	2463259.091229804792	64574.750068027468	-2676295.075717875268	2.45234063986871487	-2.75767783094957553	3.03320164136464188
295534122.007084012032	2463302.511737035122	64569.009130627135	-2676255.774931525346	2.45232498962604062	-2.75767640495037769	3.03319932418209381
295534122.024109005928	2463345.931656735018	64563.268038709110	-2676216.473479559645	2.45230933937133866	-2.75767497890448610	3.03319700703898132
295534122.041133999825	2463389.350924241357	64557.526809866889	-2676177.171331002843	2.45229368910914403	-2.75767355280264681	3.03319468992319452
295534122.058158993721	2463432.769533257000	64551.785491125200	-2676137.868485911284	2.45227803883265372	-2.75767212665874295	3.03319237285290022
295534122.075183987617	2463476.187509143259	64546.044031083511	-2676098.564953095280	2.45226238854640188	-2.75767070046352014	3.03319005581598944
295534122.092208981514	2463519.605825426057	64540.303566013790	-2676059.260934800375	2.45224753706459264	-2.75766930053723769	3.03318904856468574
295534122.109233975410	2463563.022514829412	64534.561865839802	-2676019.956020643003	2.45223276255759393	-2.75766790312020760	3.03318816757482601
295534122.126258969307	2463606.438580658287	64528.820040100756	-2675980.650421618950	2.45221798804070756	-2.75766650567472960	3.03318728661621240
295534122.143284022808	2463649.854143461213	64523.078087245725	-2675941.343995529693	2.45220321351279891	-2.75766510820311872	3.03318640569187314
295534122.160309016705	2463693.268890697043	64517.336043637217	-2675902.037004949525	2.45218843897159866	-2.75766371071000327	3.03318552480786519
295534122.177334010601	2463736.683007368818	64511.593854268998	-2675862.729328103364	2.45217366442164453	-2.75766231318612798	3.03318464395207732
295534122.194359004498	2463780.096495088190	64505.851557247523	-2675823.420963478275	2.45215827050746471	-2.75766095789491894	3.03318239290119207
295534122.211383998394	2463823.509319958743	64500.109125505332	-2675784.111911286134	2.45214285623608985	-2.75765960393973408	3.03318009685948375
295534122.228408992290	2463866.921518233139	64494.366583882766	-2675744.802175742574	2.45212744195308208	-2.75765824993889375	3.03317780085553013
295534122.245433986187	2463910.333064680453	64488.623921062303	-2675705.491728754248	2.45211202765957470	-2.75765689589008645	3.03317550488630561
295534122.262458980083	2463953.743974113837	64482.881141586855	-2675666.180607437156	2.45209661335443352	-2.75765554179562589	3.03317320895483755
295534122.279483973980	2463997.154231328052	64477.138231937490	-2675626.868786560372	2.45208127682412069	-2.75765416363403304	3.03317108835524341
295534122.296508967876	2464040.563857487403	64471.395201195948	-2675587.556276446674	2.45206634345569618	-2.75765266096169981	3.03316987644576663
295534122.313534021378	2464083.972985954490	64465.652038905093	-2675548.242936240975	2.45205140996987048	-2.75765115825079876	3.03316866456801515
295534122.330559015274	2464127.381295891944	64459.908781381957	-2675508.929041969590	2.45203647657877077	-2.75764965551625263	3.03316745273095334
295534122.347584009171	2464170.789001761936	64454.165382743442	-2675469.614468730520	2.45202154317633303	-2.75764815275060027	3.03316624093010034
295534122.364609003067	2464214.196049414109	64448.421871840314	-2675430.299204898067	2.45200660976255636	-2.75764664995384390	3.03316502916545705
295534122.381633996964	2464257.602440153249	64442.678228518387	-2675390.983235617634	2.45199159162432823	-2.75764513400745859	3.03316355379189107
295534122.398658990860	2464301.008181978483	64436.934504355806	-2675351.666575632524	2.45197627353212644	-2.75764357158402484	3.03316114500601453
295534122.415683984756	2464344.413339305669	64431.190603326970	-2675312.349251488224	2.45196095543129111	-2.75764200910664936	3.03315873625180776
295534122.432708978653	2464387.817812048364	64425.446610088555	-2675273.031214599498	2.45194563731728588	-2.75764044658459184	3.03315632754138109
295534122.449733972549	2464431.221610041335	64419.702517952828	-2675233.712473763153	2.45193031919351112	-2.75763888401090806	3.03315391886565555
295534122.466758966446	2464474.624822870828	64413.958262397275	-2675194.393074711785	2.45191500105996862	-2.75763732138559892	3.03315151022462937
295534122.483784019947	2464518.027506131213	64408.213888598541	-2675155.072835353669	2.45189979817411707	-2.75763585604430173	3.03314920740877136
295534122.500809013844	2464561.429433090612	64402.469393032108	-2675115.752043076325	2.45188477231991664	-2.75763453994731922	3.03314706689493185
295534122.517834007740	2464604.830655330326	64396.724820831427	-2675076.430544036906	2.45186974645555500	-2.75763322380578124	3.03314492641439148
295534122.534859001637	2464648.231309600174	64390.980058421977	-2675037.108394193929	2.45185472058216769	-2.75763190761737365	3.03314278596412334
295534122.551883995533	2464691.631253214553	64385.235250736514	-2674997.785506298766	2.45183969469748453	-2.75763059138672695	3.03314064555018348
295534122.568908989429	2464735.030618399847	64379.490259525257	-2674958.461970684584	2.45182466880150685	-2.75762927511384115	3.03313850517257233
295534122.585933983326	2464778.429268097505	64373.745196108757	-2674919.137705987785	2.45180954238715376	-2.75762802637412019	3.03313631745871559
295534122.602958977222	2464821.827329592314	64367.999991698751	-2674879.812781617977	2.45179430600679105	-2.75762685152490539	3.03313407796946821
295534122.619983971119	2464865.224733956624	64362.254657139143	-2674840.487154772505	2.45177906961767800	-2.75762567662677416	3.03313183850875356
295534122.637009024620	2464908.621664633043	64356.509173254832	-2674801.160715555772	2.45176383322094882	-2.75762450167741324	3.03312959907354518
295534122.654034018517	2464952.017733644228	64350.763636561394	-2674761.833686771803	2.45174859681093515	-2.75762332668839738	3.03312735967897629
295534122.671059012413	2464995.413220060524	64345.017931997972	-2674722.506001228001	2.45173336039330492	-2.75762215164815139	3.03312512030991588
295534122.688084006310	2465038.808075397741	64339.272113127889	-2674683.177623477764	2.45171788651512834	-2.75762080624509043	3.03312236519331657
295534122.705109000206	2465082.202250877861	64333.526190885546	-2674643.848544807173	2.45170229404320672	-2.75761937572239457	3.03311935251976372
295534122.722133994102	2465125.595771564171	64327.780142999924	-2674604.518765117042	2.45168670156205160	-2.75761794513826608	3.03311633987935236
295534122.739158987999	2465168.988680290058	64322.033956255837	-2674565.188310999423	2.45167110906939589	-2.75761651449733503	3.03311332727813676
295534122.756183981895	2465212.380935891531	64316.287661806426	-2674525.857163263019	2.45165551656637337	-2.75761508379728726	3.03311031471309045
295534122.773208975792	2465255.772538370918	64310.541259653750	-2674486.525321905501	2.45163992405298359	-2.75761365303812322	3.03310730218421520
295534122.790233969688	2465299.163505368400	64304.794711797964	-2674447.192791368347	2.45162460757548972	-2.75761219271912106	3.03310471188354480
295534122.807259023190	2465342.553990766872	64299.048023572141	-2674407.859450032469	2.45160939331556760	-2.75761072140868979	3.03310227812785405
295534122.824284017086	2465385.943673344795	64293.301255970619	-2674368.525536637288	2.45159417915198974	-2.75760925005847390	3.03309984442428426
295534122.841309010983	2465429.332727022469	64287.554360626018	-2674329.190944374073	2.45157896497899364	-2.75760777865660422	3.03309741075374539
295534122.858334004879	2465472.721116321161	64281.807330654374	-2674289.855645264499	2.45156375079544686	-2.75760630720539579	3.03309497711926435
295534122.875358998775	2465516.108854637016	64276.060192991965	-2674250.519659933168	2.45154853660248140	-2.75760483570253356	3.03309254351781643
295534122.892383992672	2465559.497015533503	64270.313983560300	-2674211.183233449701	2.45153375925773087	-2.75760341800822673	3.03309055768507818
295534122.909408986568	2465602.883464989718	64264.566608223504	-2674171.845862346236	2.45151902286422629	-2.75760200532230382	3.03308861386733719
295534122.926433980465	2465646.269280850887	64258.819102901725	-2674132.507806489710	2.45150428646040108	-2.75760059259543056	3.03308667008375421
295534122.943458974361	2465689.654462239239	64253.071483277155	-2674093.169074793812	2.45148955004512326	-2.75759917982992198	3.03308472633735438
295534122.960483968258	2465733.038993714843	64247.323744784582	-2674053.829642022029	2.45147481362065811	-2.75759776702114845	3.03308278262208786
295534122.977509021759	2465776.423044701573	64241.575841289203	-2674014.489389538765	2.45146007718813852	-2.75759635416679405	3.03308083893492952
295534122.994534015656	2465819.806287547573	64235.827856176227	-2673975.148570995778	2.45144445443032621	-2.75759501928511241	3.03307853497185187
295534123.011559009552	2465863.188872164115	64230.079758885724	-2673935.807061858941	2.45142859469935548	-2.75759370520988956	3.03307613471048887
295534123.028584003448	2465906.570849725977	64224.331522793589	-2673896.464881207794	2.45141273495767464	-2.75759239108377630	3.03307373448421735
295534123.045608997345	2465949.952164403163	64218.583158809910	-2673857.122010022402	2.45139687520641969	-2.75759107690445626	3.03307133429001174
295534123.062633991241	2465993.332857985049	64212.834691831173	-2673817.778443545103	2.45138101544218756	-2.75758976267887990	3.03306893413695100
295534123.079658985138	2466036.712891235016	64207.086099220760	-2673778.434185017366	2.45136517221952666	-2.75758842464156517	3.03306669303281407
295534123.096683979034	2466080.092261796817	64201.337383223741	-2673739.089230011683	2.45134941284084817	-2.75758696619090315	3.03306525761361678
295534123.113708972931	2466123.471011088230	64195.588553012160	-2673699.743588624988	2.45133365345041554	-2.75758550770410293	3.03306382223186954
295534123.130733966827	2466166.849121910520	64189.839579359839	-2673660.397265514825	2.45131789404936118	-2.75758404917884814	3.03306238688454810
295534123.147759020329	2466210.226715907454	64184.090498817342	-2673621.050094531383	2.45130213452357149	-2.75758259061262390	3.03306095157165512
295534123.164784014225	2466253.603537433315	64178.341292039026	-2673581.702391591389	2.45128637509787284	-2.75758113201741173	3.03305951630226334
295534123.181809008121	2466296.979708594736	64172.591977629505	-2673542.353990545962	2.45127070766065192	-2.75757968873424897	3.03305784663237077
295534123.198834002018	2466340.355221936945	64166.842553327115	-2673503.004889995325	2.45125535435328290	-2.75757829781614205	3.03305537649494816
295534123.215858995914	2466383.730120837688	64161.092961045368	-2673463.655128412414	2.45124000103886885	-2.75757690684077783	3.03305290638358693
295534123.232883989811	2466427.104371866211	64155.343283595583	-2673424.304658299778	2.45122464771061166	-2.75757551582205362	3.03305043631643922
295534123.249908983707	2466470.477935378440	64149.593496081252	-2673384.953491809778	2.45120929437304280	-2.75757412475070529	3.03304796628140583
295534123.266933977604	2466513.850895022508	64143.843565334239	-2673345.601643382106	2.45119394102502852	-2.75757273362905009	3.03304549628151277
295534123.283958971500	2466557.223206854425	64138.093529224992	-2673306.249095334671	2.45117867693445968	-2.75757110368262115	3.03304314578021739
295534123.300984025002	2466600.595032656565	64132.343328114075	-2673266.895736545790	2.45116353679435361	-2.75756914211601245	3.03304096120412581
295534123.318009018898	2466643.966071736533	64126.593038839019	-2673227.541824990883	2.45114839663877948	-2.75756718051084171	3.03303877668063882
295534123.335034012794	2466687.336455366574	64120.842630710060	-2673188.187221329659	2.45113325647227231	-2.75756521885784167	3.03303659219765631
295534123.352059006691	2466730.706181406509	64115.092103735835	-2673148.831918164156	2.45111811629369791	-2.75756325715932959	3.03303440775820432
295534123.369084000587	2466774.075276180170	64109.341451326145	-2673109.475931702647	2.45110297610305494	-2.75756129541530726	3.03303222336228417
295534123.386108994484	2466817.443715720437	64103.590677832020	-2673070.119250163436	2.45108774557099007	-2.75755968373130234	3.03302995822119925
295534123.403133988380	2466860.811519303825	64097.839776660752	-2673030.761879443191	2.45107240736763643	-2.75755848927481351	3.03302759683462009
295534123.420158982277	2466904.178696077317	64092.088761281499	-2672991.403831313364	2.45105706915431210	-2.75755729476965072	3.03302523548011038
295534123.437183976173	2466947.545195712242	64086.337656111486	-2672952.045071838424	2.45104173092988242	-2.75755610021813258	3.03302287416069616
295534123.454208970070	2466990.911052222829	64080.586391826044	-2672912.685630694963	2.45102639269774603	-2.75755490561330863	3.03302051286730467
295534123.471234023571	2467034.276442856994	64074.834996297112	-2672873.325363730080	2.45101105434560651	-2.75755371095682911	3.03301815159647781
295534123.488259017467	2467077.641041484196	64069.083496887972	-2672833.964555940125	2.45099582014794759	-2.75755227845420148	3.03301571591159158
295534123.505284011364	2467121.005006510764	64063.331867571382	-2672794.603063396644	2.45098064113143810	-2.75755071976982880	3.03301324076975298
295534123.522309005260	2467164.368267873768	64057.580150570859	-2672755.240849241149	2.45096546210421229	-2.75754916103563863	3.03301076566522765
295534123.539333999157	2467207.730922386516	64051.828292595470	-2672715.877960601356	2.45095028306626883	-2.75754760225163364	3.03300829059801647
295534123.556358993053	2467251.092938210815	64046.076293472652	-2672676.514393209014	2.45093510401873971	-2.75754604341549614	3.03300581556509696
295534123.573383986950	2467294.454305965453	64040.324204740500	-2672637.150123225991	2.45091992495822630	-2.75754448453417966	3.03300334057554322
295534123.590408980846	2467337.815021051560	64034.571990466247	-2672597.785159622785	2.45090471397141307	-2.75754309695673250	3.03300089460716205
295534123.607433974743	2467381.175140267238	64028.819628587822	-2672558.419540885370	2.45088949152386837	-2.75754177079681106	3.03299845907715460
295534123.624458968639	2467424.534539934248	64023.067185671833	-2672519.053178270813	2.45087426906726780	-2.75754044458518921	3.03299602357797005
295534123.641484022141	2467467.893479675520	64017.314573434989	-2672479.686024095397	2.45085904660274290	-2.75753911831955056	3.03299358810658592
295534123.658509016037	2467511.251635687891	64011.561864130272	-2672440.318312671036	2.45084382412576085	-2.75753779200916682	3.03299115267510055
295534123.675534009933	2467554.610124976840	64005.810138665540	-2672400.950114366133	2.45082860163858829	-2.75753646564940258	3.03298871727746633
295534123.692559003830	2467597.966994230635	64000.057198637478	-2672361.581021596212	2.45081316924335413	-2.75753515982040298	3.03298649063461578
295534123.709583997726	2467641.323182171211	63994.304128444812	-2672322.211220509373	2.45079771998582840	-2.75753385559001263	3.03298428077733462
295534123.726608991623	2467684.678781228606	63988.550930876729	-2672282.840765691828	2.45078227071444843	-2.75753255131978303	3.03298207096319228
295534123.743633985519	2467728.033725474495	63982.797607794055	-2672243.469609855209	2.45076682143374791	-2.75753124700044250	3.03297986118009399
295534123.760658979416	2467771.387994933408	63977.044192721674	-2672204.097747101448	2.45075137214259176	-2.75752994263431139	3.03297765143106490
295534123.777683973312	2467814.741652003489	63971.290636676029	-2672164.725218832493	2.45073592284097996	-2.75752863822138927	3.03297544171610589
295534123.794708967209	2467858.094651695341	63965.536959609832	-2672125.351988086943	2.45072053128029843	-2.75752721748251783	3.03297300762603106
295534123.811734020710	2467901.447129699402	63959.783155509969	-2672085.977915468160	2.45070514083626190	-2.75752579419716604	3.03297056875523952
295534123.828759014606	2467944.798861510120	63954.029232163070	-2672046.603321159724	2.45068975048862958	-2.75752437087338764	3.03296812993932008
295534123.845784008503	2467988.149940860923	63948.275181065357	-2672007.228030260187	2.45067436013267281	-2.75752294749500937	3.03296569115309955
295534123.862809002399	2468031.500364702195	63942.521031403201	-2671967.852038342040	2.45065896976385877	-2.75752152407130557	3.03296325240867537
295534123.879833996296	2468074.850137760863	63936.766771943214	-2671928.475357229356	2.45064380492660261	-2.75752021346549681	3.03296087305239626
295534123.896858990192	2468118.199270430021	63931.012360171509	-2671889.097986994777	2.45062973109665672	-2.75751944880233291	3.03295878084300963
295534123.913883984089	2468161.547771377955	63925.257834254124	-2671849.719936434645	2.45061565725755504	-2.75751868410037027	3.03295668865993262
295534123.930908977985	2468204.895616636612	63919.503198537539	-2671810.341193769127	2.45060158341043088	-2.75751791935728985	3.03295459650014232
295534123.947933971882	2468248.242812165525	63913.748448585015	-2671770.961744083557	2.45058750955528337	-2.75751715457309388	3.03295250436363872
295534123.964959025383	2468291.589518421795	63907.993551641768	-2671731.581488142721	2.45057343569211339	-2.75751638974778146	3.03295041225042272
295534123.981984019279	2468334.935441662092	63902.238524004817	-2671692.200677922461	2.45055925991605239	-2.75751559948843727	3.03294830243411218
295534123.999009013176	2468378.280711063184	63896.483415771625	-2671652.819174082484	2.45054337583925674	-2.75751438360128276	3.03294589560633510
295534124.016034007072	2468421.625328199007	63890.728184311454	-2671613.436967708636	2.45052749175314188	-2.75751316766075538	3.03294348880910736
295534124.033059000969	2468464.969303426333	63884.972822966804	-2671574.054090037011	2.45051160765657361	-2.75751195166917462	3.03294108204545498
295534124.050083994865	2468508.312631705776	63879.217340668220	-2671534.670503833797	2.45049572355068523	-2.75751073562422189	3.03293867531235461
295534124.067108988762	2468551.655322926119	63873.461748720045	-2671495.286240333226	2.45047983943207770	-2.75750951953285472	3.03293626861887899
295534124.084133982658	2468594.997378665023	63867.706004490174	-2671455.901290623005	2.45046429816251710	-2.75750842450288713	3.03293391352721997
295534124.101158976555	2468638.338799679186	63861.950155105435	-2671416.515665073413	2.45044921512173453	-2.75750749130671657	3.03293162740168931
295534124.118183970451	2468681.679544226266	63856.194195831675	-2671377.129325207788	2.45043413207297878	-2.75750655806143685	3.03292934130067993
295534124.135209023952	2468725.019813363440	63850.438076183993	-2671337.742162605282	2.45041904890913997	-2.75750562476358008	3.03292705521218409
295534124.152234017849	2468768.359295356087	63844.681866246901	-2671298.354456149973	2.45040396584217168	-2.75750469142472010	3.03292476916626663
295534124.169259011745	2468811.698094903491	63838.925557617360	-2671258.966047316790	2.45038888276609645	-2.75750375803907222	3.03292248314789648
295534124.186284005642	2468855.036285466049	63833.169101370688	-2671219.576959572267	2.45037363768478311	-2.75750273651573785	3.03292012291412938
295534124.203308999538	2468898.373820316978	63827.412542105318	-2671180.187176752370	2.45035822423545735	-2.75750162339555116	3.03291768555521424
295534124.220333993435	2468941.710721604992	63821.655832795157	-2671140.796718091238	2.45034281077974203	-2.75750051021839626	3.03291524821818603
295534124.237358987331	2468985.046967573930	63815.899029485990	-2671101.405552470125	2.45032739731083993	-2.75749939699818869	3.03291281092118492
295534124.254383981228	2469028.382579301484	63810.142096337586	-2671062.013713979628	2.45031198383328208	-2.75749828372565231	3.03291037365211924
295534124.271408975124	2469071.717557629570	63804.385031147831	-2671022.621187764686	2.45029657034593473	-2.75749717040310749	3.03290793641401413
295534124.288433969021	2469115.051856273320	63798.627867294723	-2670983.227954690810	2.45028104511760692	-2.75749614409008048	3.03290566594919442
295534124.305459022522	2469158.385686942376	63792.870552083514	-2670943.833897308912	2.45026546779022869	-2.75749515831417513	3.03290347324702259
295534124.322484016418	2469201.718715373427	63787.113130851823	-2670904.439302186016	2.45024989045096220	-2.75749417249599516	3.03290128058019537
295534124.339509010315	2469245.051115717739	63781.355579855241	-2670865.044013341889	2.45023431310207318	-2.75749318663090204	3.03289908794266649
295534124.356534004211	2469288.382859706413	63775.597932578879	-2670825.648038329557	2.45021873574242788	-2.75749220072121703	3.03289689533746154
295534124.373558998108	2469331.713949087076	63769.840157630140	-2670786.251359330025	2.45020315837429292	-2.75749121476230030	3.03289470275853423
295534124.390583992004	2469375.044426089618	63764.082235042224	-2670746.854017786216	2.45018775098702246	-2.75748999331878153	3.03289233702103012
295534124.407608985901	2469418.374204289634	63758.324238387329	-2670707.455951601267	2.45017240220872701	-2.75748869063918045	3.03288991159752275
295534124.424633979797	2469461.703367972281	63752.566094113492	-2670668.057215474080	2.45015705342018197	-2.75748738790995152	3.03288748620779725
295534124.441658973694	2469505.031902692746	63746.807835789237	-2670628.657794536557	2.45014170462025449	-2.75748608513341553	3.03288506085487874
295534124.458683967590	2469548.360771634150	63741.050538913216	-2670589.257880778052	2.45012635581234228	-2.75748478230261362	3.03288263552969894
295534124.475709021091	2469591.688151270617	63735.292014862804	-2670549.856933213770	2.45011100688520989	-2.75748347941613048	3.03288021022532073
295534124.492734014988	2469635.014736088458	63729.533400564833	-2670510.455443368293	2.45009555387132583	-2.75748296548473260	3.03287859782613012
295534124.509759008884	2469678.340668633580	63723.774663103766	-2670471.053250988945	2.45008009109700531	-2.75748252538015048	3.03287706154513037
295534124.526784002781	2469721.665967559442	63718.015795872132	-2670431.650373858400	2.45006462831498784	-2.75748208523863569	3.03287552528451076
295534124.543808996677	2469764.990627547726	63712.256796602334	-2670392.246817973442	2.45004916552527252	-2.75748164506018867	3.03287398904427219
295534124.560833990574	2469808.314637387637	63706.497680906294	-2670352.842563981656	2.45003370272899224	-2.75748120484249037	3.03287245282139262
295534124.577858984470	2469851.638012515847	63700.738453380385	-2670313.437637122348	2.45001823992388168	-2.75748076459018066	3.03287091662191743
295534124.594883978367	2469894.960730249528	63694.979104942606	-2670274.032007785980	2.45000289748189592	-2.75747975955323188	3.03286844238146402
295534124.611908972263	2469938.282794819213	63689.219655800800	-2670234.625681858044	2.44998755612478769	-2.75747874932864256	3.03286595963621375
295534124.628934025764	2469981.604359767400	63683.460059663274	-2670195.218521411065	2.44997221476049187	-2.75747773904897553	3.03286347691412894
295534124.645959019661	2470024.925159680191	63677.700339768307	-2670155.810830404982	2.44995687338674006	-2.75747672871887239	3.03286099422125766
295534124.662984013557	2470068.245318299159	63671.940490107088	-2670116.402456219308	2.44994153200240339	-2.75747571834065264	3.03285851156062014
295534124.680009007454	2470111.564802333247	63666.180546345684	-2670076.993372144178	2.44992637368161192	-2.75747473478684268	3.03285590624049917
295534124.697034001350	2470154.883635536768	63660.420506383387	-2670037.583592935931	2.44991201846352480	-2.75747386907720049	3.03285276273408977
295534124.714058995247	2470198.201849577483	63654.660296361952	-2669998.173146812245	2.44989766323934255	-2.75747300330664347	3.03284961924683705
295534124.731083989143	2470241.519432098139	63648.899970075719	-2669958.762017393485	2.44988330800566878	-2.75747213748213271	3.03284647578780797
295534124.748108983040	2470284.836364237592	63643.139536374292	-2669919.350189868826	2.44986895276363459	-2.75747127160134964	3.03284333235398229
295534124.765133976936	2470328.152655096725	63637.378966170218	-2669879.937682134099	2.44985459751324131	-2.75747040566429336	3.03284018894535956
295534124.782158970833	2470371.468274135608	63631.618301895971	-2669840.524460026994	2.44983998951948889	-2.75746945936738053	3.03283723466459421
295534124.799184024334	2470414.783428321593	63625.857468425689	-2669801.110443445388	2.44982461437665178	-2.75746826929846911	3.03283485431212085
295534124.816209018230	2470458.097733851057	63620.096571314658	-2669761.695835667662	2.44980923933410644	-2.75746707918345191	3.03283247400139366
295534124.833234012127	2470501.411472792737	63614.335517968131	-2669722.280581510626	2.44979386427930024	-2.75746588902402845	3.03283009372880930
295534124.850259006023	2470544.724486656487	63608.574376963137	-2669682.864595416002	2.44977848921676422	-2.75746469881091594	3.03282771348228009
295534124.867283999920	2470588.036914833821	63602.813097559192	-2669643.447948134504	2.44976311414196779	-2.75746350855339895	3.03282533327389503
295534124.884308993816	2470631.348660787567	63597.051710570668	-2669604.030598476995	2.44974803063671009	-2.75746233255785977	3.03282255861214489
295534124.901333987713	2470674.659775897395	63591.290187127925	-2669564.612562553491	2.44973331941730876	-2.75746117477902120	3.03281928029375170
295534124.918358981609	2470717.970276250038	63585.528525122980	-2669525.193856686819	2.44971860818775911	-2.75746001694297727	3.03281600200845514
295534124.935383975506	2470761.280077813193	63579.766782378101	-2669485.774429148529	2.44970389694919355	-2.75745885904740851	3.03281272375323319
295534124.952408969402	2470804.589262295980	63574.004889832395	-2669446.354333184659	2.44968918570161298	-2.75745770109231492	3.03280944552808718
295534124.969434022903	2470847.897951397114	63568.242863784464	-2669406.933411554433	2.44967447434164276	-2.75745654307033750	3.03280616731103825
295534124.986459016800	2470891.205875851680	63562.480723053115	-2669367.511947485618	2.44965940343881572	-2.75745540925599375	3.03280309398855596
295534125.003484010696	2470934.513098732568	63556.718508327773	-2669328.089763259981	2.44964357518554365	-2.75745432647517363	3.03280045206623505
295534125.020509004593	2470977.819704567082	63550.956130308805	-2669288.666916547343	2.44962774692457952	-2.75745324363531363	3.03279781016916905
295534125.037533998489	2471021.125683753286	63545.193649566500	-2669249.243383510504	2.44961191865139316	-2.75745216074570054	3.03279516830944429
295534125.054558992386	2471064.430986241903	63539.431061292133	-2669209.819139130414	2.44959609036938275	-2.75745107779936971	3.03279252647799735
295534125.071583986282	2471107.735666331835	63533.668320964804	-2669170.394232319668	2.44958026207741408	-2.75744999479864372	3.03278988467785160
295534125.088608980179	2471151.039696692955	63527.905459801106	-2669130.968621462584	2.44956515493047977	-2.75744899110625763	3.03278695732218395
295534125.105633974075	2471194.343073006719	63522.142513709245	-2669091.542322925758	2.44955037102746198	-2.75744802293735303	3.03278390198848813
295534125.122658967972	2471237.645811465103	63516.379417718555	-2669052.115333750844	2.44953558711674013	-2.75744705470944940	3.03278084667924430
295534125.139684021473	2471280.948051753920	63510.616194977731	-2669012.687520426698	2.44952080319831644	-2.75744608642254674	3.03277779139445380
295534125.156709015369	2471324.249503228348	63504.852857404330	-2668973.259158821311	2.44950601927105627	-2.75744511807896675	3.03277473613713910
295534125.173734009266	2471367.550298978109	63499.089416956624	-2668933.830102137290	2.44949123533382673	-2.75744414968103291	3.03277168091032312
295534125.190759003162	2471410.850456207991	63493.325840080615	-2668894.400360757951	2.44947593925392937	-2.75744311760236682	3.03276915806891845
295534125.207783997059	2471454.149960068520	63487.562158072476	-2668854.969928729814	2.44946047399244460	-2.75744206445710294	3.03276681110989976
295534125.224808990955	2471497.448833064176	63481.798346405187	-2668815.538807462901	2.44944500872125603	-2.75744101126300301	3.03276446418102763
295534125.241833984852	2471540.748055981938	63476.035498593090	-2668776.107215641066	2.44942954344036368	-2.75743995802006614	3.03276211728230205
295534125.258858978748	2471584.045637317002	63470.271436386836	-2668736.674719030038	2.44941407815089951	-2.75743890472597331	3.03275977041070410
295534125.275883972645	2471627.342559930403	63464.507280295722	-2668697.241531825159	2.44939861284946669	-2.75743785138768915	3.03275742357529721
295534125.292908966541	2471670.638852336910	63458.742981085379	-2668657.807649442926	2.44938356874821750	-2.75743709086371291	3.03275485342828155
295534125.309934020042	2471713.934619625099	63452.978561704644	-2668618.372938582208	2.44936855080199356	-2.75743634854939401	3.03275226936007458
295534125.326959013939	2471757.229641360231	63447.214009865776	-2668578.937700089999	2.44935353295271874	-2.75743560618869488	3.03274968533351741
295534125.343984007835	2471800.524007384665	63441.449348419839	-2668539.501769493334	2.44933851509487432	-2.75743486377716529	3.03274710133149084
295534125.361009001732	2471843.817720892373	63435.684572910759	-2668500.065136362333	2.44932349722845766	-2.75743412131480792	3.03274451735399708
295534125.378033995628	2471887.110768252984	63429.919687780508	-2668460.627817179542	2.44930847935233853	-2.75743337880394401	3.03274193340405640
295534125.395058989525	2471930.403165666386	63424.154684090354	-2668421.189796921797	2.44929321324373506	-2.75743226192107826	3.03273947605723038
295534125.412083983421	2471973.694972333964	63418.389517313699	-2668381.751127412543	2.44927794437811608	-2.75743114084146912	3.03273702013971436
295534125.429108977318	2472016.986099499278	63412.624256545540	-2668342.311745104846	2.44926267550166266	-2.75743001971437662	3.03273456425601973
295534125.446133971214	2472060.276554620825	63406.858904035747	-2668302.871651395224	2.44924740661550455	-2.75742889853747997	3.03273210840312846
295534125.463159024715	2472103.566574163735	63401.093380341539	-2668263.430768995546	2.44923213771964265	-2.75742777731078048	3.03272965258104055
295534125.480184018612	2472146.855735298712	63395.327766105314	-2668223.989301453810	2.44921682810191532	-2.75742671764082825	3.03272721677526125
295534125.497209012508	2472190.144284183625	63389.562029155742	-2668184.547156515531	2.44920132135738289	-2.75742595621206199	3.03272487779306044
295534125.514234006405	2472233.432217477821	63383.796149169029	-2668145.104359457269	2.44918581460506335	-2.75742519473212866	3.03272253883346998
295534125.531259000301	2472276.719474265352	63378.030166230928	-2668105.660845114384	2.44917030784382650	-2.75742443320335173	3.03272019989950925
295534125.548283994198	2472320.006053905934	63372.264087057600	-2668066.216622397304	2.44915480107367145	-2.75742367162573165	3.03271786099118001
295534125.565308988094	2472363.292024110910	63366.497864926714	-2668026.771726710722	2.44913929429459776	-2.75742290999926887	3.03271552210848405
295534125.582333981991	2472406.577355165035	63360.731506379809	-2667987.326158211567	2.44912375966798113	-2.75742206563350756	3.03271320321754079
295534125.599358975887	2472449.862052781507	63354.965022726676	-2667947.879899016581	2.44910813301499086	-2.75742094792196202	3.03271095036063043
295534125.616383969784	2472493.146080030128	63349.198465316251	-2667908.432935820427	2.44909250635082332	-2.75741983016480185	3.03270869753824890
295534125.633409023285	2472536.429624185897	63343.431740928281	-2667868.985154427588	2.44907687956682585	-2.75741871235262836	3.03270644473257889
295534125.650434017181	2472579.712376983371	63337.664892771048	-2667829.536829237361	2.44906125288596010	-2.75741759449262869	3.03270419196416086
295534125.667459011078	2472622.994471251965	63331.897955305976	-2667790.087807513308	2.44904562619165223	-2.75741647659166267	3.03270193923631526
295534125.684484004974	2472666.275931898970	63326.130881470366	-2667750.638104008511	2.44903017123666222	-2.75741527952721466	3.03269942210577970
295534125.701508998871	2472709.556739810854	63320.363695857392	-2667711.187700939365	2.44901492872817439	-2.75741398454462416	3.03269657790072689
295534125.718533992767	2472752.836911104620	63314.596382854463	-2667671.736620575655	2.44899968620977049	-2.75741268950669438	3.03269373372903006
295534125.735558986664	2472796.116402680054	63308.828978148769	-2667632.284830379765	2.44898444368031765	-2.75741139441575012	3.03269088959371169
295534125.752583980560	2472839.395282512065	63303.061412502757	-2667592.832371699158	2.44896920114321137	-2.75741009926482228	3.03268804548571280
295534125.769608974457	2472882.673511501402	63297.293750811834	-2667553.379217883106	2.44895395859505660	-2.75740880406088040	3.03268520141409281
295534125.786633968353	2472925.951074996963	63291.525966086738	-2667513.925372074358	2.44893874276709722	-2.75740760586958356	3.03268253323891912
295534125.803659021854	2472969.228186808061	63285.758019073910	-2667474.470718279947	2.44892355302087461	-2.75740650236900997	3.03268003674528197
295534125.820684015751	2473012.504468831234	63279.989992974377	-2667435.015491069760	2.44890836326506500	-2.75740539881830404	3.03267754028201475
295534125.837709009647	2473055.780114005320	63274.221848499794	-2667395.559586563148	2.44889317349853552	-2.75740429521979058	3.03267504385213860
295534125.854734003544	2473099.055099000689	63268.453583269089	-2667356.102984064724	2.44887798372241727	-2.75740319157114655	3.03267254745263504
295534125.871758997440	2473142.329512187745	63262.685193289144	-2667316.645657698158	2.44886279393557915	-2.75740208787469632	3.03267005108652432
