668048896.093837141991 0.000085687500
668048896.093837141991	2205834.746163951233	-2707113.342386090197	-1063360.323845692212	2.35184012457234859	-2.04666883689693613	2.40042185957971643
668048896.110974669456	2205840.319559339434	-2707131.500046431087	-1063304.291360509582	2.35181493100347572	-2.04665872262074444	2.40043832912536104
668048896.128112196922	2205845.892342968844	-2707149.657076272182	-1063248.258559716167	2.35178973656408319	-2.04664860853078334	2.40045479958153463
668048896.145249605179	2205851.464477932546	-2707167.813253819942	-1063192.225901789265	2.35176454162774240	-2.04663849475576765	2.40047127069314614
668048896.162387132645	2205857.036019443069	-2707185.968916432932	-1063136.192555765156	2.35173934547701924	-2.04662838102280276	2.40048774293693645
668048896.179524660110	2205862.606969444081	-2707204.123871353921	-1063080.158937125467	2.35171580770593014	-2.04661818638474635	2.40050113540442034
668048896.196662187576	2205868.177286491264	-2707222.278157171793	-1063024.125061077066	2.35169241500727200	-2.04660798474721473	2.40051425791316753
668048896.213799595833	2205873.746962931938	-2707240.431646632031	-1062968.091266368981	2.35166902152762258	-2.04659778325060859	2.40052738124716036
668048896.230937123299	2205879.316080547869	-2707258.584519752767	-1062912.056837014854	2.35164562730669813	-2.04658758187426670	2.40054050536171326
668048896.248074650764	2205884.884572586510	-2707276.736739435699	-1062856.022131002974	2.35162223231463718	-2.04657738063370331	2.40055363029041269
668048896.265212178230	2205890.452458291315	-2707294.888288802933	-1062799.987096072873	2.35159872173820261	-2.04656718476067168	2.40056696571904693
668048896.282349586487	2205896.019682494923	-2707313.039043944795	-1062743.952233005082	2.35157348791948895	-2.04655706767292900	2.40058344814308144
668048896.299487113953	2205901.586367119104	-2707331.189193868544	-1062687.916695853230	2.35154825286447444	-2.04654695063790015	2.40059993172339592
668048896.316624641418	2205907.152418426238	-2707349.338667894714	-1062631.880865412299	2.35152301694725363	-2.04653683378434703	2.40061641620476429
668048896.333762168884	2205912.717855195049	-2707367.487483566627	-1062575.844760458916	2.35149778016779054	-2.04652671711228207	2.40063290158721854
668048896.350899696350	2205918.282653245609	-2707385.635649137665	-1062519.808369114064	2.35147254253597993	-2.04651660061654983	2.40064938785962267
668048896.368037104607	2205923.846840013284	-2707403.782922774553	-1062463.772129426245	2.35144625548377029	-2.04650650991263827	2.40066783209391366
668048896.385174632072	2205929.412842312362	-2707421.929980606306	-1062407.734413450584	2.35141688096581136	-2.04649649482208984	2.40069203808744058
668048896.402312159538	2205934.975827750284	-2707440.076062266715	-1062351.697217801819	2.35138750534245089	-2.04648648005563771	2.40071624521993288
668048896.419449687004	2205940.538202852942	-2707458.221438619774	-1062295.659720789874	2.35135812862359606	-2.04647646560813312	2.40074045348023901
668048896.436587095261	2205946.099924689159	-2707476.366022758186	-1062239.622347645927	2.35132875123106677	-2.04646645161207452	2.40076466251680287
668048896.453724622726	2205951.661078590434	-2707494.510056859348	-1062183.584315388463	2.35129937232112551	-2.04645643780252406	2.40078887303283484
668048896.470862150192	2205957.221631221473	-2707512.653367277235	-1062127.546009088401	2.35127157449415147	-2.04644639027753428	2.40081012684266470
668048896.487999677658	2205962.781541801989	-2707530.796060882043	-1062071.507414498832	2.35124625408100707	-2.04643628966048219	2.40082674843412169
668048896.505137085915	2205968.340811150614	-2707548.937903811224	-1062015.468937115977	2.35122093278233901	-2.04642618923748554	2.40084337095229161
668048896.522274613380	2205973.899492874742	-2707567.079212745186	-1061959.429800619604	2.35119561063786042	-2.04641608898787597	2.40085999435249597
668048896.539412140846	2205979.457591739018	-2707585.219808750320	-1061903.390372978756	2.35117028761771341	-2.04640598892717795	2.40087661866831592
668048896.556549668312	2205985.015074129682	-2707603.359718907159	-1061847.350689588580	2.35114496373179493	-2.04639588905023517	2.40089324388861236
668048896.573687195778	2205990.571921104565	-2707621.498979582451	-1061791.310718146153	2.35111966709477604	-2.04638567088033607	2.40091053153223033
668048896.590824604034	2205996.128139858134	-2707639.637426135130	-1061735.270853703143	2.35109439042843116	-2.04637536657668750	2.40092830269725477
668048896.607962131500	2206001.683787511662	-2707657.775288023055	-1061679.230335367378	2.35106911249150485	-2.04636506233410298	2.40094607506664115
668048896.625099658966	2206007.238796486054	-2707675.912499774247	-1061623.189530636882	2.35104383365868763	-2.04635475828394275	2.40096384836723642
668048896.642237186432	2206012.793236992788	-2707694.048988373950	-1061567.148451630725	2.35101855390011938	-2.04634445444173574	2.40098162263262083
668048896.659374594688	2206018.346991488244	-2707712.184684178326	-1061511.107496726327	2.35099327324557361	-2.04633415079198189	2.40099939782929939
668048896.676512122154	2206023.900182188489	-2707730.319830930792	-1061455.065858711721	2.35096793267694748	-2.04632399804073106	2.40101638838611908
668048896.693649649620	2206029.452772783581	-2707748.454295073636	-1061399.023956639692	2.35094256814570857	-2.04631390444491634	2.40103307245766695
668048896.710787177086	2206035.004722737707	-2707766.588081606664	-1061342.981786937453	2.35091720275691074	-2.04630381102867220	2.40104975742418869
668048896.727924585342	2206040.556036740076	-2707784.721045548562	-1061286.939714017091	2.35089183648069522	-2.04629371780752845	2.40106644331926411
668048896.745062112808	2206046.106790686958	-2707802.853433907498	-1061230.896995760268	2.35086646934683685	-2.04628362476598280	2.40108313010939645
668048896.762199640274	2206051.656904757954	-2707820.985164967366	-1061174.853977568448	2.35084110135529167	-2.04627353190404948	2.40109981779462967
668048896.779337167740	2206057.206401085947	-2707839.116236965638	-1061118.810686524259	2.35081230924093809	-2.04626296567240873	2.40112282416091238
668048896.796474695206	2206062.755315893795	-2707857.246569188777	-1061062.767121440032	2.35078317103852186	-2.04625235203065348	2.40114646831922585
668048896.813612103462	2206068.303590575233	-2707875.376125752926	-1061006.723679989111	2.35075403210057932	-2.04624173884332317	2.40117011332334007
668048896.830749630928	2206073.851256834343	-2707893.505123234820	-1060950.679569439031	2.35072489161981446	-2.04623112581329636	2.40119375982724437
668048896.847887158394	2206079.398342714645	-2707911.633422036190	-1060894.635194831062	2.35069574998489106	-2.04622051309692887	2.40121740752078772
668048896.865024685860	2206084.944801893551	-2707929.761046174448	-1060838.590523610590	2.35066678965898923	-2.04620992660546941	2.40124071870470823
668048896.882162094116	2206090.490590310656	-2707947.887853643391	-1060782.545964611927	2.35064133705275591	-2.04619983875164202	2.40125753691674015
668048896.899299621582	2206096.035821879283	-2707966.014134116936	-1060726.500761469593	2.35061588357470264	-2.04618975108478018	2.40127435603915762
668048896.916437149048	2206101.580431323964	-2707984.139699758962	-1060670.455270741601	2.35059042923472683	-2.04617966359972447	2.40129117606082243
668048896.933574676514	2206107.124446023721	-2708002.264590918552	-1060614.409505501622	2.35056497401290843	-2.04616957630683549	2.40130799700413355
668048896.950712084770	2206112.667800622992	-2708020.388667712919	-1060558.363825162873	2.35053951828644259	-2.04615948933444081	2.40132481860913716
668048896.967849612236	2206118.210581191350	-2708038.512199887075	-1060502.317524911603	2.35051322484115088	-2.04614934474604970	2.40134347532108938
668048896.984987139702	2206123.752758050337	-2708056.635041983798	-1060446.270926387515	2.35048428163446133	-2.04613901783836738	2.40136794028967948
668048897.002124667168	2206129.294348097872	-2708074.757150121499	-1060390.224070686847	2.35045533729147849	-2.04612869125378705	2.40139240642700047
668048897.019262194633	2206134.835266190581	-2708092.878668654710	-1060334.176885832334	2.35042639184197855	-2.04611836497680688	2.40141687369955958
668048897.036399602890	2206140.375567710958	-2708110.999334964436	-1060278.129865944618	2.35039744524616712	-2.04610803902814675	2.40144134215210547
668048897.053537130356	2206145.915293621365	-2708129.119428720325	-1060222.082170311594	2.35036849754375643	-2.04609771338713076	2.40146581173997031
668048897.070674657822	2206151.454397349618	-2708147.238869579043	-1060166.034196360270	2.35034084492983597	-2.04608748276526997	2.40148743708621071
668048897.087812185287	2206156.992890002672	-2708165.357618682552	-1060109.985949793132	2.35031531997314058	-2.04607740787862769	2.40150439079869837
668048897.104949593544	2206162.530721738003	-2708183.475553040393	-1060053.937810462201	2.35028979451942366	-2.04606733330922719	2.40152134516298243
668048897.122087121010	2206168.068015227560	-2708201.592889224179	-1059997.889010589570	2.35026426781224096	-2.04605725880080236	2.40153830070277419
668048897.139224648476	2206173.604659839068	-2708219.709600429516	-1059941.839889873052	2.35023874022974644	-2.04604718448150891	2.40155525715628571
668048897.156362175941	2206179.140706088394	-2708237.825608936138	-1059885.790558079490	2.35021321178183884	-2.04603711034618430	2.40157221451237657
668048897.173499584198	2206184.676121787168	-2708255.940802949481	-1059829.741312612779	2.35018603470798215	-2.04602692907796291	2.40159226337662712
668048897.190637111664	2206190.210963193327	-2708274.055397577584	-1059773.691408502404	2.35015758636239358	-2.04601666531428528	2.40161469586421461
668048897.207774639130	2206195.745167215355	-2708292.169349141885	-1059717.641231540823	2.35012913695940595	-2.04600640183016935	2.40163712944232577
668048897.224912166595	2206201.278787562158	-2708310.282635283191	-1059661.590788626811	2.35010068647910231	-2.04599613863598684	2.40165956413335646
668048897.242049694061	2206206.811732966453	-2708328.395243270323	-1059605.540035307873	2.35007223494131701	-2.04598587572140467	2.40168199991499298
668048897.259187102318	2206212.344069129322	-2708346.507020626683	-1059549.489411325892	2.35004378273512060	-2.04597561323272137	2.40170443648269405
668048897.276324629784	2206217.875848494004	-2708364.618256944697	-1059493.438136788085	2.35001735774620357	-2.04596549480519352	2.40172306595693641
668048897.293462157249	2206223.406998034101	-2708382.728783937171	-1059437.386570857139	2.34999177074477617	-2.04595543609187036	2.40174012149789728
668048897.310599684715	2206228.937529909890	-2708400.838637801819	-1059381.334725663997	2.34996618287583203	-2.04594537756412764	2.40175717794342702
668048897.327737092972	2206234.467421829235	-2708418.947681978345	-1059325.283007663675	2.34994059410951550	-2.04593531923751115	2.40177423532709700
668048897.344874620438	2206239.996726223733	-2708437.056192065123	-1059269.230630548438	2.34991500448553925	-2.04592526109132589	2.40179129360423849
668048897.362012147903	2206245.525430320762	-2708455.163978718687	-1059213.177957055159	2.34988941397404671	-2.04591520314111674	2.40180835280842198
668048897.379149675369	2206251.053498272784	-2708473.271129429806	-1059157.125024255831	2.34986386211788290	-2.04590487670856014	2.40182503537714753
668048897.396287083626	2206256.580978854094	-2708491.377392990049	-1059101.072209146339	2.34983831449233094	-2.04589451815050216	2.40184167304300233
668048897.413424611092	2206262.107854273170	-2708509.483146009035	-1059045.018726132112	2.34981276561424046	-2.04588415963526948	2.40185831187785492
668048897.430562138557	2206267.634097746108	-2708527.588216136675	-1058988.964956957148	2.34978721585213224	-2.04587380130014029	2.40187495163550224
668048897.447699666023	2206273.159732257947	-2708545.692601966672	-1058932.910906376317	2.34976166518608398	-2.04586344315548363	2.40189159233834326
668048897.464837193489	2206278.684758179821	-2708563.796296283603	-1058876.856603853405	2.34973611003604210	-2.04585309557982420	2.40190825043813927
668048897.481974601746	2206284.209120734129	-2708581.899223469198	-1058820.802390747238	2.34971045452852145	-2.04584303520650623	2.40192536459988570
668048897.499112129211	2206289.732954147272	-2708600.001520070713	-1058764.747538008960	2.34968479815047626	-2.04583297501993622	2.40194247966925856
668048897.516249656677	2206295.256135839038	-2708618.103197779506	-1058708.692401965614	2.34965914090186523	-2.04582291502012703	2.40195959564629780
668048897.533387184143	2206300.778710720129	-2708636.204150729813	-1058652.636972869048	2.34963348276277406	-2.04581285521744993	2.40197671255339218
668048897.550524592400	2206306.300652136095	-2708654.304329223931	-1058596.581664082361	2.34960782410327962	-2.04580279574501755	2.40199383013765244
668048897.567662119865	2206311.824416369665	-2708672.404198188800	-1058540.524922236102	2.34958190887460905	-2.04579277009085692	2.40201157635399287
668048897.584799647331	2206317.345160591416	-2708690.503109936602	-1058484.468692410039	2.34955511665420236	-2.04578286052037228	2.40203147643237269
668048897.601937174797	2206322.865291300230	-2708708.601363531779	-1058428.412165735615	2.34952832347739804	-2.04577295119114799	2.40205137750314623
668048897.619074583054	2206328.384788721334	-2708726.698760749772	-1058372.355760074919	2.34950152934415790	-2.04576304210320092	2.40207127956635125
668048897.636212110519	2206333.903671196196	-2708744.795645446051	-1058316.298691493925	2.34947473428425591	-2.04575313324100927	2.40209118258850252
668048897.653349637985	2206339.421961090062	-2708762.891849074513	-1058260.241333196172	2.34944793826783993	-2.04574322462012725	2.40211108660316208
668048897.670487165451	2206344.939665487502	-2708780.987311804667	-1058204.183724852977	2.34942154859522701	-2.04573326762903251	2.40212999036352581
668048897.687624692917	2206350.456752277911	-2708799.082115356345	-1058148.125843660673	2.34939586185982252	-2.04572322684781138	2.40214716482654378
668048897.704762101173	2206355.973148268647	-2708817.176145357545	-1058092.068035252858	2.34937017462398678	-2.04571318638709743	2.40216433994376555
668048897.721899628639	2206361.488990961108	-2708835.269581001718	-1058036.009588156361	2.34934448612678048	-2.04570314599159575	2.40218151624502907
668048897.739037156105	2206367.004220532719	-2708853.362351260148	-1057979.950873678550	2.34931879675854294	-2.04569310578379593	2.40219869345430759
668048897.756174683571	2206372.518875279929	-2708871.454396920279	-1057923.891888247337	2.34929310648942025	-2.04568306577925352	2.40221587160516448
668048897.773312091827	2206378.032814205159	-2708889.545690913685	-1057867.832992468029	2.34926585945076472	-2.04567310094241517	2.40223690072453655
668048897.790449619293	2206383.546211620793	-2708907.636419960763	-1057811.773434251081	2.34923735629776331	-2.04566319687207132	2.40226103661174362
668048897.807587146759	2206389.059026832227	-2708925.726408744697	-1057755.713624327676	2.34920885207898467	-2.04565329311028155	2.40228517359466043
668048897.824724674225	2206394.571195778903	-2708943.815752790309	-1057699.653524202993	2.34918034679439103	-2.04564338965706627	2.40230931167332473
668048897.841862082481	2206400.082712893840	-2708961.904297586530	-1057643.593555079307	2.34915184086362183	-2.04563348663818267	2.40233345048598057
668048897.858999609947	2206405.593658618629	-2708979.992284742184	-1057587.532892622752	2.34912333344731339	-2.04562358380217146	2.40235759075622068
668048897.876137137413	2206411.103991329204	-2708998.079572537914	-1057531.471966344630	2.34909671890248761	-2.04561359075095206	2.40237698865281901
668048897.893274664879	2206416.613720844965	-2709016.166190918069	-1057475.410784083651	2.34907093570709691	-2.04560355813970807	2.40239430303317691
668048897.910412192345	2206422.122830438428	-2709034.252101847436	-1057419.349305443931	2.34904515162643079	-2.04559352572370612	2.40241161833694505
668048897.927549600601	2206427.631298030261	-2709052.337229465134	-1057363.287959231995	2.34901936665051014	-2.04558349350814161	2.40242893457533846
668048897.944687128067	2206433.139202078339	-2709070.421759924851	-1057307.225927052554	2.34899358079916887	-2.04557346148266550	2.40244625172604964
668048897.961824655533	2206438.646491831169	-2709088.505631821230	-1057251.163620362058	2.34896779406242695	-2.04556342965247451	2.40246356980029496
668048897.978962182999	2206444.153127952944	-2709106.588857302908	-1057195.101049131481	2.34894081084107187	-2.04555318398765573	2.40248404787886694
668048897.996099591255	2206449.659153830726	-2709124.671210955828	-1057139.038597252686	2.34891367280797514	-2.04554291111119602	2.40250493410864907
668048898.013237118721	2206455.164574618451	-2709142.753053995781	-1057082.975477467757	2.34888653338487696	-2.04553263834530252	2.40252582167620421
668048898.030374646187	2206460.669412777759	-2709160.834183918312	-1057026.912066539284	2.34885939294254831	-2.04552236583642433	2.40254671029857558
668048898.047512173653	2206466.173637952190	-2709178.914628454018	-1056970.848398200003	2.34883225149088481	-2.04551209357939623	2.40256759996462987
668048898.064649701118	2206471.677221375983	-2709196.994422022719	-1056914.784445130499	2.34880514292797260	-2.04550182821201076	2.40258840239125204
668048898.081787109375	2206477.180185890291	-2709215.073382898699	-1056858.720626383787	2.34877935882179845	-2.04549182289477827	2.40260575336221782
668048898.098924636841	2206482.682585672010	-2709233.151753450278	-1056802.656114539597	2.34875357383174688	-2.04548181777321192	2.40262310525503020
668048898.116062164307	2206488.184316525701	-2709251.229521380737	-1056746.591340066399	2.34872778798758874	-2.04547181283177570	2.40264045803621329
668048898.133199691772	2206493.685459529050	-2709269.306548061781	-1056690.526294873562	2.34870200124953277	-2.04546180809121703	2.40265781175049753
668048898.150337100029	2206499.185996354092	-2709287.382751854602	-1056634.461347891251	2.34867621396957471	-2.04545180369424351	2.40267516616404464
668048898.167474627495	2206504.685915388167	-2709305.458435202483	-1056578.395769115072	2.34865062462336915	-2.04544182071668557	2.40269236825280696
668048898.184612154961	2206510.185221081134	-2709323.533412368502	-1056522.329890637426	2.34862580240016161	-2.04543192033623056	2.40270897944257023
668048898.201749682426	2206515.683932222426	-2709341.607714887708	-1056466.263737648260	2.34860097932695444	-2.04542202014084262	2.40272559152034404
668048898.218887090683	2206521.182011390105	-2709359.681168096606	-1056410.197719216812	2.34857615540370990	-2.04541212013053375	2.40274220448616349
668048898.236024618149	2206526.679484280292	-2709377.754103521351	-1056354.131019335007	2.34855133066019839	-2.04540222028976659	2.40275881830655402
668048898.253162145615	2206532.176356085576	-2709395.826362993103	-1056298.064048266504	2.34852650506657046	-2.04539232063410470	2.40277543301506791
668048898.270299673080	2206537.672584952787	-2709413.897964328527	-1056241.996778922621	2.34850132176676896	-2.04538238180904397	2.40279232069187065
668048898.287437200546	2206543.168231694493	-2709431.968839335255	-1056185.929264285136	2.34847547772569776	-2.04537237043341413	2.40280971240366226
668048898.304574608803	2206548.663253777660	-2709450.038900637999	-1056129.861854987917	2.34844963316065769	-2.04536235939194500	2.40282710479466122
668048898.321712136269	2206554.157668831293	-2709468.108409831300	-1056073.793790133903	2.34842378735601853	-2.04535234840425906	2.40284449834488045
668048898.338849663734	2206559.651492714882	-2709486.177211053669	-1056017.725452666404	2.34839794065462115	-2.04534233761834505	2.40286189283113982
668048898.355987191200	2206565.144686756190	-2709504.245370732620	-1055961.656816688832	2.34837209306636474	-2.04533232702903112	2.40287928824230201
668048898.373124599457	2206570.637208214030	-2709522.312720038462	-1055905.588308138540	2.34834638944633234	-2.04532233454263102	2.40289644372683142
668048898.390262126923	2206576.129196089227	-2709540.379478814080	-1055849.519150928361	2.34832080642118735	-2.04531235726249561	2.40291339815671146
668048898.407399654388	2206581.620531148277	-2709558.445611439645	-1055793.449696871219	2.34829522253633138	-2.04530238016641608	2.40293035348329154
668048898.424537181854	2206587.111291484907	-2709576.511005384382	-1055737.379965447821	2.34826963777184838	-2.04529240326477701	2.40294730972895731
668048898.441674590111	2206592.601377192419	-2709594.575595441740	-1055681.310376656242	2.34824405251667212	-2.04528242667915716	2.40296426662071161
668048898.458812117577	2206598.090902619530	-2709612.639636881649	-1055625.240103092743	2.34821846601270323	-2.04527245015606640	2.40298122468230702
668048898.475949645042	2206603.579828200862	-2709630.702995489817	-1055569.169565470191	2.34819269111996043	-2.04526245972524912	2.40299848428365515
668048898.493087172508	2206609.068154878914	-2709648.765637662262	-1055513.098745013587	2.34816682785794040	-2.04525246291906582	2.40301588505952823
668048898.510224699974	2206614.555824637879	-2709666.827652662527	-1055457.027651707409	2.34814096372949299	-2.04524246629927520	2.40303328673738958
668048898.527362108231	2206620.042873219121	-2709684.888786666095	-1055400.956669196021	2.34811509869483404	-2.04523246988663532	2.40305068936195765
668048898.544499635696	2206625.529315480962	-2709702.949450801592	-1055344.885008089012	2.34808923278373083	-2.04522247366560128	2.40306809289976187
668048898.561637163162	2206631.015167046804	-2709721.009365776088	-1055288.813107392285	2.34806336599614340	-2.04521247763618774	2.40308549735084265
668048898.578774690628	2206636.500415064394	-2709739.068624421488	-1055232.740904861363	2.34803613864733052	-2.04520232013856296	2.40310556047169577
668048898.595912098885	2206641.984991746023	-2709757.127079810947	-1055176.668843302177	2.34800871126837185	-2.04519213930090027	2.40312601416119298
668048898.613049626350	2206647.469001628458	-2709775.184985260945	-1055120.596100293100	2.34798128248628801	-2.04518195858205942	2.40314646919552244
668048898.630187153816	2206652.952426158823	-2709793.242149695288	-1055064.523107238347	2.34795385270568779	-2.04517177811165052	2.40316692526422759
668048898.647324681282	2206658.435196690727	-2709811.298680806533	-1055008.449803794501	2.34792642193646550	-2.04516159788450480	2.40318738235618001
668048898.664462089539	2206663.917360287625	-2709829.354388601612	-1054952.376620894298	2.34789900791848627	-2.04515142017970453	2.40320780551136037
668048898.681599617004	2206669.398944456130	-2709847.409502681345	-1054896.302796217147	2.34787310941404392	-2.04514143530018355	2.40322524405085902
668048898.698737144470	2206674.879875849932	-2709865.463990573306	-1054840.228674692800	2.34784721003255514	-2.04513145061292478	2.40324268350416759
668048898.715874671936	2206680.360217344016	-2709883.517777591944	-1054784.154294096865	2.34782130975410563	-2.04512146612831591	2.40326012389366506
668048898.733012199402	2206685.839941456448	-2709901.570857352577	-1054728.079637796152	2.34779540859853020	-2.04511148183599589	2.40327756519704927
668048898.750149607658	2206691.319031088613	-2709919.623155352194	-1054672.005088262726	2.34776950691941266	-2.04510149787839124	2.40329500717926381
668048898.767287135124	2206696.799949005246	-2709937.675166036002	-1054615.929101629183	2.34774531766099681	-2.04509164430001800	2.40330941246488372
668048898.784424662590	2206702.277808521409	-2709955.726251616608	-1054559.853604678763	2.34772795759539221	-2.04508231015553710	2.40331171109510278
668048898.801562190056	2206707.755074870773	-2709973.776621667668	-1054503.777843905380	2.34771059715017483	-2.04507297601624005	2.40331401015097867
668048898.818699598312	2206713.231759805232	-2709991.826119316276	-1054447.702226246474	2.34769323629551163	-2.04506364189769441	2.40331630966604060
668048898.835837125778	2206718.707785655744	-2710009.875121827703	-1054391.625897908118	2.34767587509099585	-2.04505430776877395	2.40331860957329901
668048898.852974653244	2206724.183255637996	-2710027.923417143989	-1054335.549317392521	2.34765851348692189	-2.04504497365542548	2.40332090992862124
668048898.870112180710	2206729.658063411247	-2710045.971077094786	-1054279.472474483075	2.34763827800867952	-2.04503542619387879	2.40332829827563632
668048898.887249588966	2206735.132254203781	-2710064.017870997079	-1054223.395724782255	2.34761247443340926	-2.04502546564934828	2.40334554486142071
668048898.904387116432	2206740.605870744213	-2710082.064133232925	-1054167.318309320835	2.34758666961666762	-2.04501550516224517	2.40336279260811825
668048898.921524643898	2206746.078850225545	-2710100.109718234744	-1054111.240624567959	2.34756086393053653	-2.04500554486429520	2.40338004126106464
668048898.938662171364	2206751.551218905486	-2710118.154611247592	-1054055.162667199038	2.34753505736503953	-2.04499558476070087	2.40339729083146736
668048898.955799698830	2206757.023000994232	-2710136.198804005980	-1053999.084449097747	2.34750924991019705	-2.04498562485666691	2.40341454133053833
668048898.972937107086	2206762.494122469332	-2710154.242195768282	-1053943.006344645517	2.34748332476036481	-2.04497553847139191	2.40343340220755941
668048898.990074634552	2206767.964661948849	-2710172.285047408193	-1053886.927564211888	2.34745729407609449	-2.04496533884929610	2.40345370541667025
668048899.007212162018	2206773.434597278014	-2710190.327188386582	-1053830.848517810460	2.34743126241427857	-2.04495513946693253	2.40347400963705926
668048899.024349689484	2206778.903934900183	-2710208.368639971595	-1053774.769192147302	2.34740522978481359	-2.04494494031912755	2.40349431485759624
668048899.041487097740	2206784.372592200059	-2710226.409306607675	-1053718.689980131807	2.34737919657292338	-2.04493474153572974	2.40351462076987454
668048899.058624625206	2206789.840711539146	-2710244.449388827663	-1053662.610113990027	2.34735316199810962	-2.04492454286227821	2.40353492800198731
668048899.075762152672	2206795.308213459328	-2710262.488797703292	-1053606.529968583956	2.34732724462525244	-2.04491450002071451	2.40355324465936304
668048899.092899680138	2206800.775073858909	-2710280.527521526907	-1053550.449542006711	2.34730138616985151	-2.04490453613088574	2.40357055425134813
668048899.110037088394	2206806.241304410156	-2710298.565437380690	-1053494.369237635052	2.34727552681236196	-2.04489457244689365	2.40358786478598363
668048899.127174615860	2206811.706939904019	-2710316.602810486685	-1053438.288263931172	2.34724966659249024	-2.04488460894798996	2.40360517621863590
668048899.144312143326	2206817.171988834161	-2710334.639483316801	-1053382.207029492361	2.34722380548038378	-2.04487464564976040	2.40362248858285055
668048899.161449670792	2206822.636415885761	-2710352.675488987006	-1053326.125510323327	2.34719794348594046	-2.04486468254702958	2.40363980186749915
668048899.178587198257	2206828.100231046788	-2710370.710761536844	-1053270.043708554236	2.34717298548903441	-2.04485473337004908	2.40365505001558244
668048899.195724606514	2206833.563378058840	-2710388.745299317408	-1053213.962038976140	2.34714817724856051	-2.04484478676009962	2.40366995583470588
668048899.212862133980	2206839.025971611496	-2710406.779221777804	-1053157.879688419402	2.34712336782896847	-2.04483484018281692	2.40368486273861803
668048899.229999661446	2206844.487948139198	-2710424.812491656281	-1053101.797100890428	2.34709855760836827	-2.04482489375934451	2.40369977048288019
668048899.247137188911	2206849.949326734524	-2710442.845045355149	-1053045.714208192658	2.34707374655690959	-2.04481494750526949	2.40371467910103620
668048899.264274597168	2206855.410043805838	-2710460.876817633864	-1052989.631441507256	2.34704893470436238	-2.04480500140502963	2.40372958855962038
668048899.281412124634	2206860.870173335541	-2710478.908028838225	-1052933.547989800805	2.34702309348927418	-2.04479505048860766	2.40374685102537988
668048899.298549652100	2206866.329707717523	-2710496.938530945219	-1052877.464289476629	2.34699725116517310	-2.04478509976578415	2.40376411493295583
668048899.315687179565	2206871.788628836162	-2710514.968360684346	-1052821.380285892636	2.34697140796101067	-2.04477514923768533	2.40378137975870310
668048899.332824587822	2206877.246890977491	-2710532.997403309215	-1052765.296445379732	2.34694556425937506	-2.04476519903069409	2.40379864523651809
668048899.349962115288	2206882.704588561784	-2710551.025855460670	-1052709.211911771446	2.34691971929498155	-2.04475524889208238	2.40381591189871502
668048899.367099642754	2206888.161658957135	-2710569.053632276133	-1052653.127103884239	2.34689400683432137	-2.04474537370083942	2.40383293638452189
668048899.384237170219	2206893.618131712545	-2710587.080733644310	-1052597.042023148853	2.34686886125878713	-2.04473581691820394	2.40384892702476050
668048899.401374697685	2206899.073985128198	-2710605.107134162448	-1052540.956681914395	2.34684371488584276	-2.04472626030460702	2.40386491849905326
668048899.418512105942	2206904.529196434189	-2710623.132758371066	-1052484.871443640674	2.34681856767570762	-2.04471670388083293	2.40388091085210220
668048899.435649633408	2206909.983843544964	-2710641.157784890849	-1052428.785541736754	2.34679341967802513	-2.04470714762092998	2.40389690402811018
668048899.452787160873	2206915.437850309536	-2710659.182167417370	-1052372.699368644273	2.34676827088282547	-2.04469759153010289	2.40391289803827579
668048899.469924688339	2206920.891256267205	-2710677.205839871895	-1052316.612927922746	2.34674288576699830	-2.04468791111811532	2.40392930696496387
668048899.487062096596	2206926.344023457728	-2710695.228674726561	-1052260.526579233119	2.34671701410471734	-2.04467797406378615	2.40394657112453825
668048899.504199624062	2206931.796206675470	-2710713.250989877619	-1052204.439576179022	2.34669114118963096	-2.04466803707297817	2.40396383645693668
668048899.521337151527	2206937.247760673054	-2710731.272636167705	-1052148.352314054733	2.34666526740470571	-2.04465810027188999	2.40398110269608312
668048899.538474678993	2206942.698713858612	-2710749.293558388483	-1052092.264777888078	2.34663939273996291	-2.04464816366573077	2.40399836985318638
668048899.555612087250	2206948.149030642118	-2710767.313705233391	-1052036.177363692783	2.34661351717549227	-2.04463822726490063	2.40401563795061524
668048899.572749614716	2206953.598767661955	-2710785.333285425790	-1051980.089268283686	2.34658738097218178	-2.04462833503166941	2.40403371812711164
668048899.589887142181	2206959.047859963961	-2710803.352179852780	-1051924.000893362798	2.34656100328869544	-2.04461848373606347	2.40405255050012512
668048899.607024669647	2206964.496412957553	-2710821.370336287189	-1051867.912261515623	2.34653462467155016	-2.04460863266933757	2.40407138384505092
668048899.624162197113	2206969.944278428797	-2710839.387872373685	-1051811.823348260717	2.34650824517038359	-2.04459878180553423	2.40409021810609902
668048899.641299605370	2206975.391535937320	-2710857.404591855593	-1051755.734548420645	2.34648186510569845	-2.04458893130600616	2.40410905307348877
668048899.658437132835	2206980.838230490685	-2710875.420720768627	-1051699.645098493900	2.34645548375690360	-2.04457908088964624	2.40412788925620591
668048899.675574660301	2206986.284274921287	-2710893.436203703284	-1051643.555382363731	2.34642944128099629	-2.04456918874996152	2.40414569226199726
668048899.692712187767	2206991.729740252718	-2710911.450973960105	-1051587.465373429470	2.34640357498286090	-2.04455927495942369	2.40416295728055029
668048899.709849596024	2206997.174537338316	-2710929.464934671298	-1051531.375467924634	2.34637770779696186	-2.04454936136890542	2.40418022322614711
668048899.726987123489	2207002.618759521283	-2710947.478343301918	-1051475.284928965149	2.34635183975307138	-2.04453944796283382	2.40419749006532113
668048899.744124650955	2207008.062375150155	-2710965.491060846485	-1051419.194093392463	2.34632597082133820	-2.04452953475680932	2.40421475783161398
668048899.761262178421	2207013.505364859477	-2710983.503110151272	-1051363.102997086477	2.34630010102159625	-2.04451962174045532	2.40423202650273149
668048899.778399586678	2207018.947710542474	-2711001.514341643080	-1051307.012016091729	2.34627444253511586	-2.04450939325099323	2.40424833903747537
668048899.795537114143	2207024.389475543983	-2711019.525040061213	-1051250.920372659341	2.34624882246157096	-2.04449910568190196	2.40426447360848750
668048899.812674641609	2207029.830679226667	-2711037.534982260317	-1051194.828455185052	2.34622320148621544	-2.04448881830220675	2.40428060912481500
668048899.829812169075	2207035.271231501829	-2711055.544305277057	-1051138.736254406627	2.34619757963881348	-2.04447853109633337	2.40429674555300421
668048899.846949696541	2207040.711179742124	-2711073.552903534845	-1051082.643781248713	2.34617195690938374	-2.04446824406949279	2.40431288290426526
668048899.864087104797	2207046.150439101271	-2711091.560755883344	-1051026.551436709706	2.34614633329788358	-2.04445795722169699	2.40432902117863900
668048899.881224632263	2207051.589159387629	-2711109.568002581596	-1050970.458418086404	2.34612042751603944	-2.04444803830874644	2.40434628183650378
668048899.898362159729	2207057.027280042414	-2711127.574566268828	-1050914.365135406377	2.34609451675360159	-2.04443812495306299	2.40436355976342320
668048899.915499687195	2207062.464770403691	-2711145.580419945065	-1050858.271583668888	2.34606860512187199	-2.04442821178743639	2.40438083859653062
668048899.932637095451	2207067.901613403112	-2711163.585489092860	-1050802.178145346465	2.34604269297458323	-2.04441829895330907	2.40439811810302650
668048899.949774622917	2207073.337871258147	-2711181.590017353185	-1050746.084032705287	2.34601677958428922	-2.04440838617822962	2.40441539877094845
668048899.966912150383	2207078.775924094021	-2711199.594166595489	-1050689.988867331296	2.34599122036992114	-2.04439848600191443	2.40443208423933319
668048899.984049677849	2207084.210995625239	-2711217.597270704806	-1050633.894197578309	2.34596732107201733	-2.04438864398471365	2.40444598231354334
668048900.001187086105	2207089.645387337543	-2711235.599596533459	-1050577.799677353585	2.34594342101950692	-2.04437880210401079	2.40445988118116638
668048900.018324613571	2207095.079216926824	-2711253.601380046457	-1050521.704487560783	2.34591952020241390	-2.04436896036501370	2.40447378085340624
668048900.035462141037	2207100.512420280837	-2711271.602488494944	-1050465.609001155943	2.34589561862070006	-2.04435911876773302	2.40448768133030066
668048900.052599668503	2207105.945011016447	-2711289.602863361128	-1050409.513254486024	2.34587171628426150	-2.04434927730698224	2.40450158260072389
668048900.069737195969	2207111.376997586340	-2711307.602595344186	-1050353.417234732537	2.34584718192047337	-2.04433942007528113	2.40451654454616870
668048900.086874604225	2207116.808296245057	-2711325.601533791050	-1050297.321318408940	2.34582129511899007	-2.04432952905354703	2.40453377705155136
668048900.104012131691	2207122.239086965565	-2711343.599866397213	-1050241.224772437243	2.34579540705817502	-2.04431963810075779	2.40455101073680844
668048900.121149659157	2207127.669208401348	-2711361.597562587354	-1050185.127902048873	2.34576951812120305	-2.04430974734246407	2.40456824533631330
668048900.138287186623	2207133.098745818716	-2711379.594544687774	-1050129.030785188545	2.34574362831796890	-2.04429985677348069	2.40458548083894241
668048900.155424594879	2207138.527653674595	-2711397.590698704123	-1050072.933800504776	2.34571773760869062	-2.04428996641461547	2.40460271728938846
668048900.172562122345	2207143.955962121021	-2711415.586302055512	-1050016.836134607904	2.34569192682099281	-2.04428002422847666	2.40461932457653038
668048900.189699649811	2207149.383654516190	-2711433.581239070743	-1049960.738202990498	2.34566619513661134	-2.04427003073751257	2.40463530911740486
668048900.206837177277	2207154.810726489872	-2711451.575481982436	-1049904.640003744280	2.34564046259531533	-2.04426003742432760	2.40465129455592352
668048900.223974585533	2207160.237159746233	-2711469.568935135379	-1049848.541899385164	2.34561472955827854	-2.04425004442628167	2.40466728066611690
668048900.241112112999	2207165.663036771584	-2711487.561778987292	-1049792.443151585059	2.34558899529310283	-2.04424005147389165	2.40468326791119758
668048900.258249640465	2207171.088251334149	-2711505.554028457496	-1049736.344108365709	2.34556326018082295	-2.04423005869412266	2.40469925604288193
668048900.275387167931	2207176.512905097101	-2711523.545494487509	-1049680.244830541313	2.34553747492555198	-2.04422016010720853	2.40471600939682517
668048900.292524695396	2207181.936922650319	-2711541.536337391473	-1049624.145247560227	2.34551166195360805	-2.04421031294797428	2.40473318025389604
668048900.309662103653	2207187.360323840287	-2711559.526320841629	-1049568.045793668134	2.34548584808211524	-2.04420046599748018	2.40475035205209586
668048900.326799631119	2207192.783114877064	-2711577.515785259660	-1049511.945682324702	2.34546003337064590	-2.04419061922454315	2.40476752472448485
668048900.343937158585	2207198.205284299329	-2711595.504548410419	-1049455.845289808931	2.34543421778935457	-2.04418077264477605	2.40478469830459218
668048900.361074686050	2207203.626882500481	-2711613.492621231824	-1049399.744621119229	2.34540840131833050	-2.04417092626859187	2.40480187281478131
