294800503.291964590549 0.000081625000
294800503.291964590549	-287810.410912597377	2827996.666323492769	-2274552.278280654922	2.83822968821614197	2.29928202998037223	-1.85640713123662970
294800503.308289587498	-287807.396862816997	2828032.489466364961	-2274508.777110017370	2.83822377882150523	2.29926878175321781	-1.85641697824301977
294800503.324614584446	-287804.382635198999	2828068.311920115724	-2274465.275406823959	2.83821790970716181	2.29925576384130137	-1.85642674613231495
294800503.340939581394	-287801.368263219832	2828104.133723769337	-2274421.773152739275	2.83821204029510010	2.29924274596707168	-1.85643651428486578
294800503.357264578342	-287798.353764406114	2828139.954822771251	-2274378.270361541770	2.83820617059698321	2.29922972812726867	-1.85644628268503942
294800503.373589575291	-287795.339066446701	2828175.775312991813	-2274334.767052100506	2.83820030059333916	2.29921671032733022	-1.85645605135892633
294800503.389914572239	-287792.324240414717	2828211.595104586333	-2274291.263193608727	2.83819443030361063	2.29920369256182422	-1.85646582028046647
294800503.406239569187	-287789.309297760250	2828247.414187476039	-2274247.758769625798	2.83818834499902684	2.29918993820653750	-1.85647593204232719
294800503.422564566135	-287786.294154813746	2828283.232670616824	-2274204.253843838349	2.83818210950570249	2.29917566978567711	-1.85648628319039455
294800503.438889563084	-287783.278890562069	2828319.050412442535	-2274160.748351262882	2.83817587366814550	2.29916140140722725	-1.85649663464369041
294800503.455214619637	-287780.263471482729	2828354.867647076026	-2274117.242164091207	2.83816963745373174	2.29914713296338569	-1.85650698646049528
294800503.471539616585	-287777.247885982448	2828390.684081600048	-2274073.735598278232	2.83816340093543973	2.29913286466758793	-1.85651733851387313
294800503.487864613533	-287774.232165220601	2828426.499849888030	-2274030.228496598080	2.83815716408064667	2.29911859641203531	-1.85652769086210312
294800503.504189610481	-287771.217449533055	2828462.315882324707	-2273986.721157548018	2.83815083842220295	2.29910448390742062	-1.85653785728495091
294800503.520514607430	-287768.201442718913	2828498.130288420711	-2273943.212967975065	2.83814443838081942	2.29909050180321772	-1.85654786807646133
294800503.536839604378	-287765.185257287812	2828533.944059513044	-2273899.704258746933	2.83813803799895803	2.29907651974374083	-1.85655787917557347
294800503.553164601326	-287762.168959414994	2828569.757108755875	-2273856.194978258107	2.83813163729996232	2.29906253772246849	-1.85656789055100613
294800503.569489598274	-287759.152461208694	2828605.569534122478	-2273812.685194549151	2.83812523626435009	2.29904855574483857	-1.85657790222885755
294800503.585814595222	-287756.135835236462	2828641.381270497106	-2273769.174855735619	2.83811883490378314	2.29903457380759502	-1.85658791419349711
294800503.602139592171	-287753.119063096179	2828677.192319397815	-2273725.663964784704	2.83811254585765216	2.29902051488627812	-1.85659800549052245
294800503.618464589119	-287750.102129890351	2828713.002750450745	-2273682.152561587747	2.83810646579520176	2.29900631287936452	-1.85660824393228618
294800503.634789586067	-287747.085065179272	2828748.812465354800	-2273638.640593017917	2.83810038539878295	2.29899211091215872	-1.85661848266767837
294800503.651114583015	-287744.067836930044	2828784.621502755210	-2273595.128094688524	2.83809430466838197	2.29897790898466114	-1.85662872169671367
294800503.667439579964	-287741.050441036932	2828820.429899915587	-2273551.615073787980	2.83808822360008461	2.29896370709796516	-1.85663896102462989
294800503.683764576912	-287738.032930128160	2828856.237616097555	-2273508.101494700182	2.83808214220166244	2.29894950524989738	-1.85664920064101024
294800503.700089573860	-287735.015235767700	2828892.044652679004	-2273464.587382938713	2.83807596850296129	2.29893521867708728	-1.85665938362858984
294800503.716414570808	-287731.997428568196	2828927.851007704157	-2273421.072715960909	2.83806955725348597	2.29892071349253113	-1.85666942006669977
294800503.732739567757	-287728.979449121340	2828963.656714003999	-2273377.557526522782	2.83806314566218720	2.29890620834960391	-1.85667945680841107
294800503.749064564705	-287725.961310462269	2828999.461762761697	-2273334.041786305606	2.83805673372515210	2.29889170324939673	-1.85668949385896043
294800503.765389561653	-287722.943039081525	2829035.266106747556	-2273290.525514919776	2.83805032145015002	2.29887719818973757	-1.85669953120793330
294800503.781714618206	-287719.924592065101	2829071.069935989566	-2273247.008554992732	2.83804390882937740	2.29886269317280334	-1.85670956886577931
294800503.798039615154	-287716.905996692250	2829106.872977423947	-2273203.491210312583	2.83803755543686353	2.29884821663206562	-1.85671960214133436
294800503.814364612103	-287713.887277024332	2829142.675296784844	-2273159.973306257278	2.83803175578913880	2.29883400460433451	-1.85672959211948974
294800503.830689609051	-287710.868387565832	2829178.476976480335	-2273116.454876658507	2.83802595581304073	2.29881979261441494	-1.85673958238687753
294800503.847014605999	-287707.849355447164	2829214.277986212634	-2273072.935911246575	2.83802015551634135	2.29880558066013396	-1.85674957293308096
294800503.863339602947	-287704.830157911172	2829250.078328650445	-2273029.416407055687	2.83801435489123444	2.29879136874367029	-1.85675956376855145
294800503.879664599895	-287701.810852576979	2829285.877984187100	-2272985.896350670606	2.83800855394938933	2.29877715686176254	-1.85676955487765416
294800503.895989596844	-287698.791363151395	2829321.676964307204	-2272942.375764527358	2.83800274322695945	2.29876297385146966	-1.85677955152224872
294800503.912314593792	-287695.771732006862	2829357.475279911421	-2272898.854633607436	2.83799675392686179	2.29874933486764554	-1.85678964732458618
294800503.928639590740	-287692.751942912058	2829393.272931942251	-2272855.332963847090	2.83799076430626762	2.29873569592343197	-1.85679974341022636
294800503.944964587688	-287689.732018625597	2829429.069917725399	-2272811.810758218635	2.83798477437295071	2.29872205701665777	-1.85680983976875047
294800503.961289584637	-287686.711923653667	2829464.866231915541	-2272768.288016836625	2.83797878411910487	2.29870841814950078	-1.85681993641061127
294800503.977614581585	-287683.691700978670	2829500.661857108586	-2272724.764720346779	2.83797279355250653	2.29869477931978716	-1.85683003332538710
294800503.993939578533	-287680.671317250817	2829536.456813849509	-2272681.240891017485	2.83796680266534818	2.29868114052969608	-1.85684013052353158
294800504.010264575481	-287677.650781898468	2829572.251119763590	-2272637.716539230663	2.83796071243756964	2.29866725742674172	-1.85685030757393821
294800504.026589572430	-287674.630097598420	2829608.044742961880	-2272594.191635248717	2.83795460061452554	2.29865332190663496	-1.85686050200801578
294800504.042914569378	-287671.609263211954	2829643.837692470290	-2272550.666195514146	2.83794848846792735	2.29863938642523857	-1.85687069672511806
294800504.059239566326	-287668.588249433378	2829679.629999165423	-2272507.140227324329	2.83794237598996668	2.29862545098472992	-1.85688089173569892
294800504.075564563274	-287665.567126312002	2829715.421591220889	-2272463.613699642941	2.83793626318842085	2.29861151558293564	-1.85689108702933714
294800504.091889619827	-287662.545838747290	2829751.212648804765	-2272420.086473039351	2.83793015001599302	2.29859758011883564	-1.85690128268403654
294800504.108214616776	-287659.524410726794	2829787.002908464987	-2272376.558864767663	2.83792360039166613	2.29858385581766855	-1.85691145013942038
294800504.124539613724	-287656.502820141206	2829822.792522532865	-2272333.030736950226	2.83791682317671956	2.29857024151138578	-1.85692160308270293
294800504.140864610672	-287653.481081018166	2829858.581440050621	-2272289.502060081810	2.83791004563272997	2.29855662724998933	-1.85693175632026142
294800504.157189607620	-287650.459191426402	2829894.369697707705	-2272245.972844317555	2.83790326775578361	2.29854301303457120	-1.85694190985733254
294800504.173514604568	-287647.437151770515	2829930.157281673513	-2272202.443092799280	2.83789648955365870	2.29852939886295715	-1.85695206368349419
294800504.189839601517	-287644.414957302040	2829965.944206930697	-2272158.912796444725	2.83788971101854415	2.29851578473732765	-1.85696221780920245
294800504.206164598465	-287641.392631790717	2830001.730428671464	-2272115.381957036443	2.83788334171405365	2.29850181026953404	-1.85697240635647765
294800504.222489595413	-287638.371303545020	2830037.516924712807	-2272071.850877174176	2.83787728013382434	2.29848756476038574	-1.85698262089217492
294800504.238814592361	-287635.348668796942	2830073.301841679029	-2272028.318970415276	2.83787121823088739	2.29847331928743071	-1.85699283570621110
294800504.255139589310	-287632.325888565683	2830109.086042844690	-2271984.786507192533	2.83786515598574063	2.29845907385611037	-1.85700305082469819
294800504.271464586258	-287629.302942110691	2830144.869595380966	-2271941.253515569959	2.83785909341005693	2.29844482846316378	-1.85701326623199869
294800504.287789583206	-287626.279844269797	2830180.652482599951	-2271897.719994020183	2.83785303049602655	2.29843058311076964	-1.85702348193856737
294800504.304114580154	-287623.256603508256	2830216.434737795033	-2271854.185934930574	2.83784733425657398	2.29841651385638546	-1.85703337056984497
294800504.320439577103	-287620.233217031579	2830252.216241078917	-2271810.651306253858	2.83784194885789187	2.29840259390452584	-1.85704298193033290
294800504.336764574051	-287617.209682060988	2830287.997124871705	-2271767.116168302950	2.83783656316338728	2.29838867398293889	-1.85705259354425567
294800504.353089570999	-287614.185980430746	2830323.777323266026	-2271723.580478215124	2.83783117715355715	2.29837475409706560	-1.85706220543772615
294800504.369414567947	-287611.162149358832	2830359.556845873594	-2271680.044252372812	2.83782579085177344	2.29836083424038184	-1.85707181757944229
294800504.385739564896	-287608.138167847414	2830395.335708613042	-2271636.507487636525	2.83782040424242821	2.29834691441724104	-1.85708142999029957
294800504.402064561844	-287605.114015716012	2830431.113899751101	-2271592.970187142026	2.83781479303899697	2.29833289896354787	-1.85709123828419065
294800504.418389618397	-287602.089691457979	2830466.891543049831	-2271549.432193839457	2.83780875437021685	2.29831870136207339	-1.85710141939960027
294800504.434714615345	-287599.065256613365	2830502.668403293937	-2271505.893818641081	2.83780271537696072	2.29830450379758311	-1.85711160079663884
294800504.451039612293	-287596.040653353732	2830538.444564889651	-2271462.354891477153	2.83779667604751840	2.29829030627334241	-1.85712178249098203
294800504.467364609241	-287593.015922435268	2830574.220063944813	-2271418.815428387374	2.83779063638966855	2.29827610878717925	-1.85713196447220841
294800504.483689606190	-287589.991041496862	2830609.994889301248	-2271375.275429544505	2.83778459640339475	2.29826191133909585	-1.85714214674033573
294800504.500014603138	-287586.965987106261	2830645.769047818612	-2271331.734894889407	2.83777851825086991	2.29824793634849467	-1.85715226781256759
294800504.516339600086	-287583.940797608986	2830681.542540078051	-2271288.193824365269	2.83777234919255461	2.29823449406348113	-1.85716224187775580
294800504.532664597034	-287580.915448067361	2830717.315369324759	-2271244.652212032583	2.83776617981792878	2.29822105181905911	-1.85717221622413708
294800504.548989593983	-287577.889958172163	2830753.087501543108	-2271201.110047677997	2.83776001013477508	2.29820760961305437	-1.85718219084128577
294800504.565314590931	-287574.864316928259	2830788.858968438581	-2271157.567353396211	2.83775384013528065	2.29819416744764693	-1.85719216573965906
294800504.581639587879	-287571.838514521485	2830824.629781352356	-2271114.024133744184	2.83774766983112725	2.29818072531957363	-1.85720214090361080
294800504.597964584827	-287568.812558219885	2830860.399916876107	-2271070.480358870700	2.83774151020789134	2.29816721530342161	-1.85721214769369003
294800504.614289581776	-287565.786486517929	2830896.169352125842	-2271026.936037917156	2.83773545795298254	2.29815304064118786	-1.85722246135173563
294800504.630614578724	-287562.760223000194	2830931.938172639813	-2270983.391204719897	2.83772940535535501	2.29813886602081352	-1.85723277531434494
294800504.646939575672	-287559.733823491551	2830967.706294970587	-2270939.845825439785	2.83772335242669227	2.29812469143903497	-1.85724308956587114
294800504.663264572620	-287556.707289787009	2831003.473705896176	-2270896.299880727194	2.83771729915917748	2.29811051689803181	-1.85725340411677498
294800504.679589569569	-287553.680572777346	2831039.240514259320	-2270852.753443122376	2.83771124556059195	2.29809634239563199	-1.85726371895663300
294800504.695914566517	-287550.653741530841	2831075.006586843170	-2270809.206423818134	2.83770521432971634	2.29808216486991546	-1.85727401809062864
294800504.712239563465	-287547.626736905018	2831110.772043175530	-2270765.658889297862	2.83770018784387501	2.29806785177705208	-1.85728360916885293
294800504.728564620018	-287544.599576631619	2831146.536936239805	-2270722.110648556612	2.83769516101641583	2.29805353860901151	-1.85729320057900682
294800504.744889616966	-287541.572290012613	2831182.301006884780	-2270678.562015819829	2.83769013391822122	2.29803922557553397	-1.85730279218439898
294800504.761214613914	-287538.544823129778	2831218.064455716871	-2270635.012882777490	2.83768510650992534	2.29802491257284336	-1.85731238405862231
294800504.777539610863	-287535.517235241190	2831253.827160859946	-2270591.463165178895	2.83768007879931616	2.29801059959876186	-1.85732197619124739
294800504.793864607811	-287532.489488223742	2831289.589261378162	-2270547.912935161497	2.83767505077857551	2.29799628665547040	-1.85733156859273518
294800504.810189604759	-287529.461586624966	2831325.350679703522	-2270504.362169506028	2.83766924605776616	2.29798206327379928	-1.85734164294622039
294800504.826514601707	-287526.433534596756	2831361.111387559678	-2270460.810844358988	2.83766325234622707	2.29796786168825085	-1.85735183464700881
294800504.842839598656	-287523.405329548928	2831396.871467429679	-2270417.259010050446	2.83765725831434024	2.29795366013825708	-1.85736202662368521
294800504.859164595604	-287520.376980027067	2831432.630836934783	-2270373.706610312220	2.83765126394258260	2.29793945862926474	-1.85737221890237669
294800504.875489592552	-287517.348498563690	2831468.389545047190	-2270330.153668705840	2.83764526924264260	2.29792525715800844	-1.85738241146743377
294800504.891814589500	-287514.319836885785	2831504.147604874801	-2270286.600207611918	2.83763927420669981	2.29791105572667087	-1.85739260432931919
294800504.908139586449	-287511.291037079587	2831539.904967087321	-2270243.046197467949	2.83763320280394238	2.29789669458718837	-1.85740292026028375
294800504.924464583397	-287508.263245555572	2831575.662598410156	-2270199.491943955887	2.83762710800818185	2.29788228506793901	-1.85741327371293052
294800504.940789580345	-287505.234166298818	2831611.418634585105	-2270155.936853105202	2.83762101287812740	2.29786787558664729	-1.85742362745580647
294800504.957114577293	-287502.204897124320	2831647.173995205667	-2270112.381238441914	2.83761491739425287	2.29785346614876040	-1.85743398151504135
294800504.973439574242	-287499.175506999542	2831682.928689197637	-2270068.825078996364	2.83760882157995331	2.29783905674774624	-1.85744433585931779
294800504.989764571190	-287496.145947856130	2831718.682688713074	-2270025.268370500300	2.83760272541570124	2.29782464738905290	-1.85745469051476708
294800505.006089568138	-287493.116255851754	2831754.436021379661	-2269981.711129108444	2.83759676581987108	2.29781051234088851	-1.85746480403857950
294800505.022414565086	-287490.086402603425	2831790.188723521307	-2269938.153353146743	2.83759090386350854	2.29779657359307565	-1.85747474509249866
294800505.038739562035	-287487.056405063660	2831825.940691830125	-2269894.595020947978	2.83758504159241509	2.29778263488117718	-1.85748468642072750
294800505.055064618587	-287484.026253461139	2831861.692151066847	-2269851.036009011324	2.83757917896502088	2.29776869610306189	-1.85749462809419663
294800505.071389615536	-287480.995945309580	2831897.442813296337	-2269807.476621344686	2.83757331605270657	2.29775475746626867	-1.85750456998676694
294800505.087714612484	-287477.965490338393	2831933.192806690466	-2269763.916691926308	2.83756745282561385	2.29774081886539738	-1.85751451215369756
294800505.104039609432	-287474.934890044911	2831968.942134855315	-2269720.356226640288	2.83756123037094721	2.29772670770952825	-1.85752463270357060
294800505.120364606380	-287471.904121398693	2832004.690790824592	-2269676.795228568837	2.83755445721185628	2.29771233194182400	-1.85753502667014270
294800505.136689603329	-287468.873220876965	2832040.438758923672	-2269633.233669451438	2.83754768370369126	2.29769795621872142	-1.85754542094653696
294800505.153014600277	-287465.842163802357	2832076.186057387851	-2269589.671583434567	2.83754090983862639	2.29768358054240229	-1.85755581554321925
294800505.169339597225	-287462.810973925574	2832111.932662533130	-2269546.108945337590	2.83753413562445234	2.29766920491068971	-1.85756621044975989
294800505.185664594173	-287459.779623799492	2832147.678621477913	-2269502.545790669508	2.83752736105724512	2.29765482932467835	-1.85757660567140381
294800505.201989591122	-287456.748099719349	2832183.423941878602	-2269458.982104515657	2.83752081976296022	2.29764050824807153	-1.85758695666038287
294800505.218314588070	-287453.716470843821	2832219.168519990053	-2269415.417845633347	2.83751478110171362	2.29762630446168670	-1.85759721202926942
294800505.234639585018	-287450.684651551244	2832254.912501445506	-2269371.853087858763	2.83750874210611848	2.29761210071466193	-1.85760746769189811
294800505.250964581966	-287447.652678861225	2832290.655791669618	-2269328.287778004073	2.83750270277225702	2.29759789700808836	-1.85761772365350741
294800505.267289578915	-287444.620591726678	2832326.398362932727	-2269284.721911686473	2.83749666310791770	2.29758369333979040	-1.85762797990366924
294800505.283614575863	-287441.588325363933	2832362.140291349031	-2269241.155516915489	2.83749062310527611	2.29756948971195119	-1.85763823645284942
294800505.299939572811	-287438.555924665357	2832397.881575773936	-2269197.588602539618	2.83748478611751853	2.29755533790185229	-1.85764841101733924
294800505.316264569759	-287435.523377378471	2832433.622150400188	-2269154.021119762678	2.83747944998585888	2.29754131375500448	-1.85765838310173237
294800505.332589566708	-287432.490658064897	2832469.362076260615	-2269110.453114529140	2.83747411354093959	2.29752728964117914	-1.85766835545716202
294800505.348914563656	-287429.457816869777	2832505.101279438473	-2269066.884552889038	2.83746877678665133	2.29751326555928737	-1.85767832807841904
294800505.365239620209	-287426.424803306640	2832540.839999176096	-2269023.315315891523	2.83746343971516879	2.29749924151151141	-1.85768830097596882
294800505.381564617157	-287423.391634503787	2832576.577889398206	-2268979.745695926249	2.83745810233038043	2.29748521749676460	-1.85769827414460353
294800505.397889614105	-287420.358331664698	2832612.315118795261	-2268936.175531122833	2.83745270613143941	2.29747117571180626	-1.85770827510523873
294800505.414214611053	-287417.324876098312	2832648.051679238677	-2268892.604830505792	2.83744668867895600	2.29745694502373743	-1.85771856849263606
294800505.430539608002	-287414.291271496506	2832683.787547289394	-2268849.033583754674	2.83744067088701346	2.29744271437606340	-1.85772886217981692
294800505.446864604950	-287411.257515757170	2832719.522774119861	-2268805.461808489636	2.83743465276340689	2.29742848376660413	-1.85773915615634677
294800505.463189601898	-287408.223613842099	2832755.257303795312	-2268761.889487144072	2.83742863430421322	2.29741425319645431	-1.85774945042746964
294800505.479514598846	-287405.189550137031	2832790.991159529425	-2268718.316641928162	2.83742261550550889	2.29740002266670640	-1.85775974499842889
294800505.495839595795	-287402.155355548079	2832826.724332839716	-2268674.743226695806	2.83741665261383869	2.29738580479344456	-1.85777001063520841
294800505.512164592743	-287399.120982970751	2832862.456883740611	-2268631.169314126018	2.83741231216826240	2.29737195105027237	-1.85777943330214179
294800505.528489589691	-287396.086480748083	2832898.188746185508	-2268587.594843481667	2.83740797144390910	2.29735809733019858	-1.85778885620265832
294800505.544814586639	-287393.051829259319	2832933.919906598050	-2268544.019832752179	2.83740363043686106	2.29734424363431211	-1.85779827934199582
294800505.561139583588	-287390.017016337777	2832969.650426832959	-2268500.444293512031	2.83739928914710315	2.29733038996261785	-1.85780770272017048
294800505.577464580536	-287386.982054403226	2833005.380254673306	-2268456.868208135944	2.83739494757071498	2.29731653631620691	-1.85781712634242280
294800505.593789577484	-287383.946962808550	2833041.109420526307	-2268413.291583861690	2.83739060571549562	2.29730268269290105	-1.85782655019831555
294800505.610114574432	-287380.911702954094	2833076.837887700181	-2268369.714407624211	2.83738483590628832	2.29728858704319183	-1.85783666208934783
294800505.626439571381	-287377.876298501738	2833112.565711916424	-2268326.136711786501	2.83737877917194137	2.29727444283942006	-1.85784691233561072
294800505.642764568329	-287374.841894923884	2833148.293801563792	-2268282.558772637043	2.83737272210040725	2.29726029867620429	-1.85785716288007041
294800505.659089565277	-287371.806200019957	2833184.020268834662	-2268238.979985879268	2.83736666469948196	2.29724615455136849	-1.85786741371229369
294800505.675414562225	-287368.770351484709	2833219.746061691083	-2268195.400672281627	2.83736060696523973	2.29723201046600733	-1.85787766483752592
294800505.691739618778	-287365.734310435189	2833255.471359365154	-2268151.820686467458	2.83735454885859406	2.29721786631539615	-1.85788791632373051
294800505.708064615726	-287362.698155870370	2833291.195792018902	-2268108.240284980740	2.83734912440847786	2.29720393277120483	-1.85789758144344153
294800505.724389612675	-287359.661850208009	2833326.919583447278	-2268064.659354979638	2.83734389805260045	2.29719006512035850	-1.85790706324821375
294800505.740714609623	-287356.625383727660	2833362.642706382088	-2268021.077892137226	2.83733867139503992	2.29717619750146085	-1.85791654531631245
294800505.757039606571	-287353.588791982038	2833398.365139700938	-2267977.495877161156	2.83733344444359314	2.29716232991233626	-1.85792602763730286
294800505.773364603519	-287350.552014860907	2833434.086920415983	-2267933.913345724810	2.83732821719043482	2.29714846235516434	-1.85793551022164949
294800505.789689600468	-287347.515139902825	2833469.807990861591	-2267890.330245826393	2.83732298964726981	2.29713459482667792	-1.85794499305369065
294800505.806014597416	-287344.478042775590	2833505.528435850982	-2267846.746636827476	2.83731737671882112	2.29712051534827166	-1.85795484244693943
294800505.822339594364	-287341.440850640065	2833541.248192275874	-2267803.162478605285	2.83731146627801545	2.29710627229422304	-1.85796497480731038
294800505.838664591312	-287338.403487391013	2833576.967281250283	-2267759.577787542250	2.83730555549860863	2.29709202928028988	-1.85797510746823180
294800505.854989588261	-287335.365982716205	2833612.685705665499	-2267715.992551700212	2.83729964439230464	2.29707778630320636	-1.85798524041404312
294800505.871314585209	-287332.328341302520	2833648.403426419012	-2267672.406778746285	2.83729373295908927	2.29706354336297291	-1.85799537364476031
294800505.887639582157	-287329.290522515890	2833684.120491093025	-2267628.820457984228	2.83728782118331324	2.29704930046395317	-1.85800550718130775
294800505.903964579105	-287326.252567055461	2833719.836902694311	-2267585.233620706946	2.83728239144769834	2.29703483239695494	-1.85801504478726964
294800505.920289576054	-287323.214450154162	2833755.552623518277	-2267541.646234318614	2.83727740438899367	2.29702015753939248	-1.85802403512412018
294800505.936614573002	-287320.176198357018	2833791.267678050790	-2267498.058312064502	2.83727241703416322	2.29700548270859972	-1.85803302571541384
294800505.952939569950	-287317.137770860863	2833826.982056643814	-2267454.469857085031	2.83726742937537590	2.29699080790675936	-1.85804201657162049
294800505.969264566898	-287314.099216868402	2833862.695778117515	-2267410.880857209209	2.83726244142043393	2.29697613313169091	-1.85805100768230091
294800505.985589563847	-287311.060515189078	2833898.408774687443	-2267367.291303955484	2.83725745316150313	2.29696145838557886	-1.85805999905792674
294800506.001914560795	-287308.021666209213	2833934.121157180984	-2267323.701232459396	2.83725218497241638	2.29694702422451380	-1.85806932971189487
294800506.018239617348	-287304.982632142142	2833969.832997606136	-2267280.110468094237	2.83724633079538568	2.29693309391868405	-1.85807937070441165
294800506.034564614296	-287301.943460702547	2834005.544011180289	-2267236.519320702646	2.83724047630142628	2.29691916364896942	-1.85808941197290789
294800506.050889611244	-287298.904169572750	2834041.254349065013	-2267192.927612094674	2.83723462148661243	2.29690523341646502	-1.85809945352262940
294800506.067214608192	-287295.864683882101	2834076.964043840300	-2267149.335406435188	2.83722876635483878	2.29689130322008062	-1.85810949534836301
294800506.083539605141	-287292.825087231118	2834112.673034149688	-2267105.742632258683	2.83722291090217915	2.29687737306091044	-1.85811953745535430
294800506.099864602089	-287289.785315805813	2834148.381380438805	-2267062.149335569236	2.83721707720010974	2.29686340055479965	-1.85812954023848675
294800506.116189599037	-287286.745431004674	2834184.089013200719	-2267018.555473446380	2.83721137911906363	2.29684916708160936	-1.85813929938193900
294800506.132514595985	-287283.705355592712	2834219.795989050996	-2266974.961097891442	2.83720568071494705	2.29683493364466473	-1.85814905881007331
