323514152.947240114212 0.000082562500
323514152.947240114212	1444854.046980774496	-3317610.816134787630	-534395.010178060853	2.20644213329885552	-1.86630292143729792	2.43267283956188241
323514152.963752627373	1444851.245464151260	-3317621.600241404027	-534339.184116457356	2.20640091337515276	-1.86629296672395717	2.43270915952403222
323514152.980265140533	1444848.443607187364	-3317632.383560255636	-534283.357933740132	2.20635969086585737	-1.86628301243919870	2.43274548209649977
323514152.996777594090	1444845.641378117027	-3317643.166028563399	-534227.531801923411	2.20631846606363746	-1.86627305865691007	2.43278180702220848
323514153.013290107250	1444842.838765574386	-3317653.947742332239	-534171.705358242500	2.20627864459887757	-1.86626309219296749	2.43281676227865340
323514153.029802620411	1444840.035816065734	-3317664.728665346745	-534115.878787508002	2.20623909312331401	-1.86625312359591011	2.43285145409564318
323514153.046315133572	1444837.232461549807	-3317675.508762963116	-534060.052096503903	2.20619953916137845	-1.86624315539398777	2.43288614842354711
323514153.062827587128	1444834.429982631234	-3317686.288513123989	-534004.225480242283	2.20615998269872637	-1.86623318759309487	2.43292084527735009
323514153.079340100288	1444831.625893072458	-3317697.067056828644	-533948.398533256957	2.20612042377067263	-1.86622322017863551	2.43295554462013186
323514153.095852613449	1444828.821437510895	-3317707.844787541311	-533892.571434993879	2.20608086234868672	-1.86621325316236208	2.43299024648170725
323514153.112365126610	1444826.016642385861	-3317718.621725987643	-533836.744227387127	2.20604022748656181	-1.86620332972957637	2.43302597979432766
323514153.128877639771	1444823.211450218689	-3317729.397841250524	-533780.916893680464	2.20599916684913966	-1.86619342378309216	2.43306212230342833
323514153.145390093327	1444820.405894296011	-3317740.173203056213	-533725.089594978141	2.20595810363483302	-1.86618351826709539	2.43309826741468482
323514153.161902606487	1444817.599969256204	-3317750.947753218003	-533669.261993297958	2.20591703785767868	-1.86617361317577313	2.43313441511341777
323514153.178415119648	1444814.793682658579	-3317761.721510452684	-533613.434270274825	2.20587596951043396	-1.86616370851209679	2.43317056540718912
323514153.194927632809	1444811.987004548311	-3317772.494471880607	-533557.606419737218	2.20583489859294835	-1.86615380427611055	2.43320671829614943
323514153.211440086365	1444809.179997799685	-3317783.266615226399	-533501.778619030025	2.20579395559837321	-1.86614418196726439	2.43324330306763370
323514153.227952599525	1444806.372603498166	-3317794.038011491299	-533445.950500632636	2.20575305520754128	-1.86613465815133983	2.43328004039995704
323514153.244465112686	1444803.564808811760	-3317804.808587545995	-533390.122262078221	2.20571215234022500	-1.86612513476586406	2.43331678023183517
323514153.260977625847	1444800.756671383977	-3317815.578359440900	-533334.293890301953	2.20567124698210959	-1.86611561181673835	2.43335352257822590
323514153.277490139008	1444797.948184482288	-3317826.347333143465	-533278.465397179942	2.20563033913306583	-1.86610608930400357	2.43339026743925624
323514153.294002592564	1444795.139318065252	-3317837.115508277901	-533222.636971597560	2.20558942880005660	-1.86609656722477601	2.43342701480764356
323514153.310515105724	1444792.330059676198	-3317847.882916254923	-533166.808198389248	2.20554850497392740	-1.86608698714457533	2.43346341471810534
323514153.327027618885	1444789.520439579152	-3317858.649504621048	-533110.979317135410	2.20550757160248345	-1.86607737007499108	2.43349959304426378
323514153.343540132046	1444786.710458129412	-3317869.415326718241	-533055.150301241898	2.20546663573823309	-1.86606775343200249	2.43353577388751274
323514153.360052585602	1444783.900115971919	-3317880.180339014623	-532999.321341005387	2.20542569768597829	-1.86605813728120018	2.43357195697695294
323514153.376565098763	1444781.089388070162	-3317890.944539705291	-532943.492077674251	2.20538475683572965	-1.86604852149153100	2.43360814285476712
323514153.393077611923	1444778.278310898691	-3317901.707968866453	-532887.662679706817	2.20534381348517750	-1.86603890613151724	2.43364433125748780
323514153.409590125084	1444775.466838131659	-3317912.470609679818	-532831.833148397738	2.20530304151548240	-1.86602904390652791	2.43367986261610136
323514153.426102638245	1444772.655027992791	-3317923.232447032817	-532776.003495747806	2.20526244696551199	-1.86601892610410247	2.43371471378911108
323514153.442615091801	1444769.842831440503	-3317933.993423562031	-532720.173919291003	2.20522184984707481	-1.86600880870830554	2.43374956755682259
323514153.459127604961	1444767.030262982240	-3317944.753671424463	-532664.344005905557	2.20518125016709909	-1.86599869171624988	2.43378442391198657
323514153.475640118122	1444764.217331614811	-3317955.513091479428	-532608.513978417614	2.20514064791123854	-1.86598857513383831	2.43381928286958882
323514153.492152631283	1444761.404030214995	-3317966.271747523919	-532552.683810351533	2.20510004309351171	-1.86597845895525549	2.43385414441497039
323514153.508665084839	1444758.590352523606	-3317977.029575325549	-532496.853717181133	2.20505910057576582	-1.86596837541498606	2.43388967459849814
323514153.525177598000	1444755.776316968026	-3317987.786631359719	-532441.023288379423	2.20501778652810820	-1.86595832758173064	2.43392593988143080
323514153.541690111160	1444752.961907847319	-3317998.542899691965	-532385.192738236277	2.20497646986593843	-1.86594828017682279	2.43396220780393957
323514153.558202624321	1444750.147127299802	-3318009.298369153403	-532329.362054753117	2.20493515058200895	-1.86593823320323771	2.43399847837359085
323514153.574715137482	1444747.331982077565	-3318020.053075309843	-532273.531242574449	2.20489382867616124	-1.86592818666102245	2.43403475159054317
323514153.591227591038	1444744.516477796249	-3318030.806880464777	-532217.700513943331	2.20485250413405920	-1.86591814055608296	2.43407102746977300
323514153.607740104198	1444741.700574127957	-3318041.559970438480	-532161.869454325410	2.20481122723002487	-1.86590831531523249	2.43410700910928446
323514153.624252617359	1444738.885518554132	-3318052.312697282061	-532106.038293641526	2.20476999401327500	-1.86589869329857327	2.43414272020255718
323514153.640765130520	1444736.068897604244	-3318063.064213847741	-532050.206960105337	2.20472875830440351	-1.86588907170529650	2.43417843381330368
323514153.657277643681	1444733.251910414314	-3318073.814905571751	-531994.375518409652	2.20468752009618552	-1.86587945053837756	2.43421414994906948
323514153.673790097237	1444730.434576915344	-3318084.564771919977	-531938.544157778262	2.20464627970977745	-1.86586982985757222	2.43424986832749868
323514153.690302610397	1444727.616809477331	-3318095.313873462379	-531882.712443346973	2.20460503653082895	-1.86586020953176623	2.43428558948405671
323514153.706815123558	1444724.798744430766	-3318106.062153643463	-531826.880639041890	2.20456350834908577	-1.86585048656625907	2.43432185721841599
323514153.723327636719	1444721.980253190268	-3318116.809714403469	-531771.048649280565	2.20452152794536627	-1.86584059998686103	2.43435899349936813
323514153.739840090275	1444719.161440670257	-3318127.556394110899	-531715.216773234657	2.20447954490326747	-1.86583071385928467	2.43439613244407704
323514153.756352603436	1444716.342228119727	-3318138.302277740557	-531659.384568681358	2.20443755922973006	-1.86582082818064232	2.43443327404528143
323514153.772865116596	1444713.522623930825	-3318149.047450023238	-531603.552184961038	2.20439557093878280	-1.86581094294511907	2.43447041828831257
323514153.789377629757	1444710.702688474208	-3318159.791747701820	-531547.719737726962	2.20435358000192538	-1.86580105816448794	2.43450756520295020
323514153.805890142918	1444707.882386574754	-3318170.535305036698	-531491.887130675721	2.20431177142129497	-1.86579134361079824	2.43454406720277916
323514153.822402596474	1444705.061717141885	-3318181.278031832539	-531436.054604459088	2.20427022808185535	-1.86578187501970216	2.43457963523394794
323514153.838915109634	1444702.240674287546	-3318192.019968404435	-531380.221761849127	2.20422868196599930	-1.86577240679146694	2.43461520602491177
323514153.855427622795	1444699.419248166960	-3318202.761138007045	-531324.388772607897	2.20418713339705574	-1.86576293898475476	2.43465077929441653
323514153.871940135956	1444696.597428493900	-3318213.501481383108	-531268.555651325267	2.20414558237489366	-1.86575347159960514	2.43468635504259190
323514153.888452589512	1444693.775292034727	-3318224.240989567246	-531212.722622989211	2.20410402887103762	-1.86574400464779044	2.43472193329919318
323514153.904965102673	1444690.952758371830	-3318234.979771377984	-531156.889251666260	2.20406254718352823	-1.86573438709532469	2.43475772982733529
323514153.921477615833	1444688.129876402440	-3318245.717736461200	-531101.055778356851	2.20402126816810640	-1.86572435260914982	2.43479412533773054
323514153.937990128994	1444685.306616678601	-3318256.454920415301	-531045.222140473314	2.20397998652959881	-1.86571431855522940	2.43483052349632700
323514153.954502642155	1444682.482966621872	-3318267.191290019080	-530989.388394430978	2.20393870227493549	-1.86570428493067619	2.43486692429587404
323514153.971015095711	1444679.658976741368	-3318277.926842249930	-530933.554709984222	2.20389741569014497	-1.86569425181288606	2.43490332748613447
323514153.987527608871	1444676.834599430673	-3318288.661647342145	-530877.720707847620	2.20385612618145688	-1.86568421905599879	2.43493973359025384
323514154.004040122032	1444674.009870443959	-3318299.395597148687	-530821.886593139148	2.20381481598537921	-1.86567428956277692	2.43497616247031301
323514154.020552635193	1444671.184772617184	-3318310.128831758164	-530766.052323025418	2.20377345428907301	-1.86566463904704483	2.43501264846496968
323514154.037065088749	1444668.359275006922	-3318320.861175895669	-530710.218136344920	2.20373209006355264	-1.86565498896544746	2.43504913701342041
323514154.053577601910	1444665.533440131694	-3318331.592799406033	-530654.383619019645	2.20369072332285043	-1.86564533931216103	2.43508562810099294
323514154.070090115070	1444662.707234674832	-3318342.323619511444	-530598.548980125575	2.20364935403848872	-1.86563569009896391	2.43512212175744303
323514154.086602628231	1444659.880635881331	-3318353.053640043363	-530542.714195897453	2.20360798223158794	-1.86562604131710041	2.43515861796069188
323514154.103115141392	1444657.053685267689	-3318363.782820149325	-530486.879328916199	2.20356656075522883	-1.86561636284384003	2.43519514793649572
323514154.119627594948	1444654.226386320544	-3318374.511211816687	-530431.044504292076	2.20352488834638383	-1.86560652596143695	2.43523184491773970
323514154.136140108109	1444651.398681502789	-3318385.238879361656	-530375.209330743644	2.20348321304557970	-1.86559668944586288	2.43526854477986587
323514154.152652621269	1444648.570610531140	-3318395.965722029097	-530319.374049036298	2.20344153514162810	-1.86558685337310104	2.43530524727051745
323514154.169165134430	1444645.742196795298	-3318406.691733797081	-530263.538647401496	2.20339985463438293	-1.86557701774319717	2.43534195238984053
323514154.185677587986	1444642.913390218979	-3318417.416917325929	-530207.703320542700	2.20335817153078128	-1.86556718255326159	2.43537866013057647
323514154.202190101147	1444640.085439305054	-3318428.141810146626	-530151.867683206336	2.20331684828857544	-1.86555748455472847	2.43541499247280591
323514154.218702614307	1444637.255915001733	-3318438.865463706199	-530096.031892139115	2.20327714427865118	-1.86554839882708490	2.43544963598172926
323514154.235215127468	1444634.426005174639	-3318449.588334767148	-530040.195979729760	2.20323743800654803	-1.86553931348864466	2.43548428177572518
323514154.251727640629	1444631.595719450386	-3318460.310401701834	-529984.359933865606	2.20319772945089998	-1.86553022854824757	2.43551892987711582
323514154.268240094185	1444628.765101734316	-3318471.031626787502	-529928.523957070429	2.20315801890765695	-1.86552114406763425	2.43555358002606193
323514154.284752607346	1444625.934086702531	-3318481.752098797355	-529872.687650586711	2.20311830579876222	-1.86551205991756763	2.43558823272775937
323514154.301265120506	1444623.102710304316	-3318492.471777793486	-529816.851222762140	2.20307856527762436	-1.86550296032789209	2.43562292145547765
323514154.317777633667	1444620.270972544095	-3318503.190663771704	-529761.014673598111	2.20303784815994153	-1.86549324741990086	2.43565891974479332
323514154.334290087223	1444617.438844107324	-3318513.908710331190	-529705.178187210928	2.20299712852549767	-1.86548353493625996	2.43569492057546011
323514154.350802600384	1444614.606373693328	-3318524.626004362013	-529649.341383364983	2.20295640638831713	-1.86547382287114494	2.43573092393281687
323514154.367315113544	1444611.773514107801	-3318535.342491324060	-529593.504440009361	2.20291568173409313	-1.86546411123046663	2.43576692983180676
323514154.383827626705	1444608.940297583118	-3318546.058163797017	-529537.667388724629	2.20287495457685045	-1.86545440000839879	2.43580293825776728
323514154.400340139866	1444606.106681214413	-3318556.773069315124	-529481.830190686858	2.20283422491644432	-1.86544468920498274	2.43583894921084143
323514154.416852593422	1444603.272734861122	-3318567.487136668526	-529425.993079542182	2.20279230376377821	-1.86543495888985200	2.43587644172361140
323514154.433365106583	1444600.438397945836	-3318578.200444966089	-529370.155626828666	2.20275028435196463	-1.86542522735505822	2.43591405573899555
323514154.449877619743	1444597.603699687868	-3318588.912960239686	-529314.318052772316	2.20270826233037509	-1.86541549627508574	2.43595167238840471
323514154.466390132904	1444594.768626792356	-3318599.624679557048	-529258.480351316510	2.20266623769887016	-1.86540576564998140	2.43598929167197875
323514154.482902586460	1444591.933215213474	-3318610.335562976543	-529202.642730811727	2.20262421044314882	-1.86539603548566357	2.43602691360465551
323514154.499415099621	1444589.097397819394	-3318621.045722247567	-529146.804761381121	2.20258218059847888	-1.86538630576749997	2.43606453814957336
323514154.515927612782	1444586.261217523832	-3318631.755026957020	-529090.966691146721	2.20254026543847470	-1.86537645246193273	2.43610156960582191
323514154.532440125942	1444583.424679440213	-3318642.463562322780	-529035.128480335232	2.20249835867323851	-1.86536658795243038	2.43613854776068361
323514154.548952639103	1444580.587775441119	-3318653.171299454290	-528979.290148063679	2.20245644927860384	-1.86535672389128848	2.43617552857034791
323514154.565465092659	1444577.750498694135	-3318663.878205278888	-528923.451884745620	2.20241453758053307	-1.86534686034000696	2.43621251174337417
323514154.581977605820	1444574.912841341225	-3318674.584357952233	-528867.613291854737	2.20237262295499736	-1.86533699716398060	2.43624949783347189
323514154.598490118980	1444572.074830157915	-3318685.289707130753	-528811.774577507866	2.20233070569253986	-1.86532713443939091	2.43628648658621305
323514154.615002632141	1444569.236435652710	-3318695.994262612425	-528755.935729820631	2.20229004691465358	-1.86531760602494145	2.43632176351530694
323514154.631515085697	1444566.397700348869	-3318706.697993356735	-528700.096975081135	2.20224944073637108	-1.86530809259663100	2.43635696808198521
323514154.648027598858	1444563.558592096437	-3318717.400945620146	-528644.257860833663	2.20220883212541674	-1.86529857957851974	2.43639217510615413
323514154.664540112019	1444560.719073957065	-3318728.103139854968	-528588.418617661227	2.20216822108873567	-1.86528906696771202	2.43642738458055019
323514154.681052625179	1444557.879214360612	-3318738.804511343129	-528532.579260614351	2.20212760761911541	-1.86527955476718388	2.43646259651270247
323514154.697565138340	1444555.038976806449	-3318749.505089837126	-528476.739782113116	2.20208699171642230	-1.86527004297697840	2.43649781090274598
323514154.714077591896	1444552.198401656467	-3318760.204813933931	-528420.900403913460	2.20204548389239907	-1.86526013540947933	2.43653428228448021
323514154.730590105057	1444549.357443825807	-3318770.903821838088	-528365.060657435562	2.20200377496994815	-1.86525013996890365	2.43657103604181957
323514154.747102618217	1444546.516102348687	-3318781.601982691791	-528309.220804211101	2.20196206341063405	-1.86524014496579604	2.43660779246094705
323514154.763615131378	1444543.675578600029	-3318792.299850248266	-528253.380835211370	2.20192034921430180	-1.86523015040020446	2.43664455154201809
323514154.780127584934	1444540.833524255548	-3318802.996432546526	-528197.540908948402	2.20187863235248038	-1.86522015628392390	2.43668131331477733
323514154.796640098095	1444537.991079232190	-3318813.692229091190	-528141.700654410874	2.20183691286040872	-1.86521016260231232	2.43671807774239157
323514154.813152611256	1444535.148275958840	-3318824.387217794079	-528085.860315707629	2.20179711903007913	-1.86520040976209867	2.43675325635019746
323514154.829665124416	1444532.305091888411	-3318835.081454956904	-528030.019805074087	2.20175768601551747	-1.86519070260840292	2.43678813818249029
323514154.846177637577	1444529.461507531581	-3318845.774845111184	-527974.179187581991	2.20171825057600135	-1.86518099584673247	2.43682302246308646
323514154.862690091133	1444526.617623743368	-3318856.467479964718	-527918.338623260963	2.20167881298423751	-1.86517128955212597	2.43685790895266763
323514154.879202604294	1444523.773332284531	-3318867.159275766462	-527862.497757145669	2.20163937267316179	-1.86516158358343453	2.43689279815247239
323514154.895715117455	1444520.928679904668	-3318877.850331852213	-527806.656743094674	2.20159992992962250	-1.86515187800982574	2.43692768980840668
323514154.912227630615	1444518.083671594970	-3318888.540554052219	-527750.815603061696	2.20155879777636976	-1.86514204264350192	2.43696413741933426
323514154.928740143776	1444515.238257678924	-3318899.229970064480	-527694.974360810011	2.20151696462659663	-1.86513215381049413	2.43700123079042807
323514154.945252597332	1444512.392509041820	-3318909.918627179693	-527639.133153676172	2.20147512883082719	-1.86512226542918436	2.43703832683298671
323514154.961765110493	1444509.546386999078	-3318920.606467312202	-527583.291643446195	2.20143329040306712	-1.86511237749374237	2.43707542553236900
323514154.978277623653	1444506.699878162704	-3318931.293490029871	-527527.450019117678	2.20139144935024422	-1.86510249000127737	2.43711252688132918
323514154.994790136814	1444503.852994953515	-3318941.979743421543	-527471.608254095074	2.20134960566513183	-1.86509260295477275	2.43714963088740966
323514155.011302590370	1444501.005776864477	-3318952.665211237036	-527415.766537488787	2.20130953954999375	-1.86508295931014190	2.43718468208650973
323514155.027815103531	1444498.158179113874	-3318963.349880711641	-527359.924523957074	2.20127019104988264	-1.86507341426082918	2.43721890416609233
323514155.044327616692	1444495.310178837506	-3318974.033713463694	-527304.082378154737	2.20123084077368114	-1.86506386972465998	2.43725312811877082
323514155.060840129852	1444492.461869460531	-3318984.716783354525	-527248.240115884691	2.20119148751917093	-1.86505432545335448	2.43728735500168181
323514155.077352643013	1444489.613146884600	-3318995.399056632072	-527192.397714105784	2.20115213220195471	-1.86504478162730858	2.43732158400739696
323514155.093865096569	1444486.764074002160	-3319006.080552568194	-527136.555366681772	2.20111277480779233	-1.86503523825243001	2.43735581515079236
323514155.110377609730	1444483.914644400124	-3319016.761231459212	-527080.712716276874	2.20107197899296558	-1.86502558639629035	2.43739158259444677
323514155.126890122890	1444481.064782634843	-3319027.441098281648	-527024.869951544795	2.20103021487294948	-1.86501586177448742	2.43742838421602670
323514155.143402636051	1444478.214611940552	-3319038.120187371969	-526969.027040521149	2.20098844816776928	-1.86500613759685385	2.43746518844795546
323514155.159915089607	1444475.364069358679	-3319048.798440621700	-526913.184210216627	2.20094667887020989	-1.86499641386637571	2.43750199529776568
323514155.176427602768	1444472.513156196102	-3319059.475946591236	-526857.341062334250	2.20090490700842967	-1.86498669057133948	2.43753880473602669
323514155.192940115929	1444469.661858591717	-3319070.152650630102	-526801.497775059426	2.20086313256813781	-1.86497696771767063	2.43757561677766565
323514155.209452629089	1444466.810177767416	-3319080.828560926951	-526745.654354446568	2.20082217794776680	-1.86496724265667591	2.43761158920036269
323514155.225965142250	1444463.958153325599	-3319091.503700267058	-526689.810811077710	2.20078172546211226	-1.86495751639506580	2.43764704734892446
323514155.242477595806	1444461.105762806255	-3319102.177975611761	-526633.967338075279	2.20074127079279425	-1.86494779060825122	2.43768250774100625
323514155.258990108967	1444458.253009210806	-3319112.851493210532	-526578.123547382187	2.20070081332268952	-1.86493806516950134	2.43771797092309583
323514155.275502622128	1444455.399869042682	-3319123.524220044259	-526522.279629292199	2.20066035336720800	-1.86492834013930664	2.43775343661478328
323514155.292015135288	1444452.546342476970	-3319134.196182782762	-526466.435570508358	2.20061989092620713	-1.86491861551770866	2.43778890481621024
323514155.308527588844	1444449.692505932180	-3319144.867277587764	-526410.591606084374	2.20057924830486051	-1.86490897989877946	2.43782473333027028
323514155.325040102005	1444446.838258944219	-3319155.537616304588	-526354.747305915575	2.20053841195062239	-1.86489944005654817	2.43786094949099574
323514155.341552615166	1444443.984844853869	-3319166.207600146998	-526298.902910624049	2.20049757311552963	-1.86488990063880511	2.43789716815647672
323514155.358065128326	1444441.129865729716	-3319176.876373432577	-526243.058342482778	2.20045673179944767	-1.86488036164559268	2.43793338932684733
323514155.374577641487	1444438.274533955147	-3319187.544324681163	-526187.213672235608	2.20041588799517074	-1.86487082307989205	2.43796961300962955
323514155.391090095043	1444435.418817496626	-3319198.211449815892	-526131.369070938788	2.20037504202803191	-1.86486128499789316	2.43800583891147182
323514155.407602608204	1444432.562718125526	-3319208.877805361990	-526075.524127959041	2.20033401995423272	-1.86485169919225591	2.43804215102824040
323514155.424115121365	1444429.706267508212	-3319219.543373725377	-526019.679075635388	2.20029269264768912	-1.86484202982856262	2.43807861141157334
323514155.440627634525	1444426.849461397156	-3319230.208161504939	-525963.833870735369	2.20025136279459277	-1.86483236090012006	2.43811507436630759
323514155.457140088081	1444423.992272422183	-3319240.872100191191	-525907.988765905611	2.20021003040187768	-1.86482269240403142	2.43815153988519029
323514155.473652601242	1444421.134693057276	-3319251.535279740579	-525852.143319509574	2.20016869548354910	-1.86481302433446006	2.43818800795358248
323514155.490165114403	1444418.276769946329	-3319262.197661642917	-525796.297763652867	2.20012735801117776	-1.86480335670321162	2.43822447860118086
323514155.506677627563	1444415.418480325025	-3319272.859249729197	-525740.452074572677	2.20008574617466213	-1.86479359230298392	2.43826117597805370
323514155.523190140724	1444412.559818563517	-3319283.520057278220	-525684.606232801452	2.20004358727800042	-1.86478363367840827	2.43829832498799748
323514155.539702594280	1444409.700800542720	-3319294.180021590553	-525628.760503211990	2.20000142603509641	-1.86477367556819940	2.43833547640497317
323514155.556215107441	1444406.841387560591	-3319304.839221557602	-525572.914431940415	2.19995926181126222	-1.86476371783934436	2.43837263079248823
323514155.572727620602	1444403.981620154111	-3319315.497622447088	-525517.068227444659	2.19991709492006482	-1.86475376055989295	2.43840978787272444
323514155.589240133762	1444401.121471575694	-3319326.155233258847	-525461.221907436149	2.19987492536135232	-1.86474380372989290	2.43844694764583236
323514155.605752587318	1444398.260979157407	-3319336.812007381115	-525405.375656490680	2.19983357016890446	-1.86473384848607360	2.43848314058819948
323514155.622265100479	1444395.400093942648	-3319347.468047519680	-525349.529068389325	2.19979347577944928	-1.86472389540916761	2.43851783696218583
323514155.638777613640	1444392.538851998514	-3319358.123273075093	-525293.682372358046	2.19975337888151268	-1.86471394272763447	2.43855253586962206
323514155.655290126801	1444389.677240204066	-3319368.777707786765	-525237.835549044306	2.19971327947493700	-1.86470399044151613	2.43858723731066585
323514155.671802639961	1444386.815226164879	-3319379.431332395878	-525181.988580163452	2.19967317754542302	-1.86469403855673699	2.43862194130024790
323514155.688315093517	1444383.952900073491	-3319390.084100212436	-525126.141717642429	2.19963307339170200	-1.86468408714129086	2.43865664757818834
323514155.704827606678	1444381.090167311020	-3319400.736162269488	-525070.294486845029	2.19959246849314027	-1.86467417875004271	2.43869196252867049
323514155.721340119839	1444378.227073247777	-3319411.387404534034	-525014.447148001753	2.19955041879202629	-1.86466439445421739	2.43872903494790361
323514155.737852632999	1444375.363605982158	-3319422.037858932279	-524958.599687815295	2.19950836648254588	-1.86465461060249971	2.43876611000021404
323514155.754365086555	1444372.499799036654	-3319432.687469153199	-524902.752302523470	2.19946631153627337	-1.86464482720670710	2.43880318771529359
323514155.770877599716	1444369.635595187545	-3319443.336352853104	-524846.904574247194	2.19942425398841612	-1.86463504425217197	2.43884026805635168
323514155.787390112877	1444366.771046711830	-3319453.984416704625	-524791.056738041691	2.19938219382468869	-1.86462526174482623	2.43887735103830572
323514155.803902626038	1444363.906106994953	-3319464.631657875609	-524735.208787621115	2.19934035949717899	-1.86461527615642009	2.43891443092476612
323514155.820415139198	1444361.040808654623	-3319475.278148090467	-524679.360677268007	2.19929910488983982	-1.86460477211061981	2.43895149893735752
323514155.836927592754	1444358.175135468133	-3319485.923791402020	-524623.512661161250	2.19925784782641642	-1.86459426856978960	2.43898856945991316
323514155.853440105915	1444355.309105859837	-3319496.568644282408	-524567.664328778745	2.19921658767111516	-1.86458376539893278	2.43902564306956604
323514155.869952619076	1444352.442697613267	-3319507.212749239523	-524511.815842290409	2.19917532473094424	-1.86457326267003598	2.43906271948911169
323514155.886465132236	1444349.575934822438	-3319517.856028425042	-524455.967235873220	2.19913405901278658	-1.86456276038020374	2.43909979871134963
323514155.902977585793	1444346.710001198575	-3319528.498904882465	-524400.118761917576	2.19909266403838188	-1.86455236956647230	2.43913691411275035
323514155.919490098953	1444343.842499730643	-3319539.140624518972	-524344.269899408915	2.19905049992137558	-1.86454265206258873	2.43917423452133120
323514155.936002612114	1444340.974612849299	-3319549.781534853391	-524288.420928857522	2.19900833320819755	-1.86453293500403317	2.43921155755023422
323514155.952515125275	1444338.106365800835	-3319560.421632695943	-524232.571818907221	2.19896616387043231	-1.86452321840262147	2.43924888322913835
323514155.969027638435	1444335.237728760811	-3319571.060916028451	-524176.722600800626	2.19892399192914567	-1.86451350224957313	2.43928621153603054
323514155.985540091991	1444332.368757882621	-3319581.699368557893	-524120.873463757103	2.19888181769095903	-1.86450378661412186	2.43932354219915348
323514156.002052605152	1444329.499414464459	-3319592.337110714056	-524065.023970433103	2.19883994749119349	-1.86449412435234474	2.43936058359338848
323514156.018565118313	1444326.629675711971	-3319602.974037647247	-524009.174357067677	2.19879988172955398	-1.86448477439634819	2.43939590756580804
323514156.035077631474	1444323.759571300121	-3319613.610166232102	-523953.324622243585	2.19875981357777484	-1.86447542484872231	2.43943123395223171
323514156.051590085030	1444320.889144971734	-3319624.245432081632	-523897.474981784762	2.19871974302866446	-1.86446607571245404	2.43946656276016682
323514156.068102598190	1444318.018321785610	-3319634.879971388262	-523841.624998339394	2.19867967011036436	-1.86445672697580433	2.43950189396020756
323514156.084615111351	1444315.147120873677	-3319645.513717598282	-523785.774893437978	2.19863959480861437	-1.86444737864470222	2.43953722756724423
323514156.101127624512	1444312.275536887348	-3319656.146669996902	-523729.924655196664	2.19859945866388307	-1.86443801763511008	2.43957261892662913
323514156.117640137672	1444309.403605895350	-3319666.778786145616	-523674.074296915845	2.19855760712976034	-1.86442827382142773	2.43960963447392931
323514156.134152591228	1444306.531309159705	-3319677.410106440540	-523618.224012227962	2.19851575331613436	-1.86441853051523476	2.43964665235962563
323514156.150665104389	1444303.658634216757	-3319688.040662295185	-523562.373385971237	2.19847389659278303	-1.86440878758662931	2.43968367314526713
323514156.167177617550	1444300.785606935387	-3319698.670422723051	-523506.522644313460	2.19843203726399450	-1.86439904510504895	2.43972069656137514
323514156.183690130711	1444297.912193231285	-3319709.299392315093	-523450.671775259136	2.19839017534375936	-1.86438930306464967	2.43975772259332668
323514156.200202643871	1444295.038406232139	-3319719.927547333296	-523394.820798160159	2.19834848036428587	-1.86437957277747524	2.43979459077787197
323514156.216715097427	1444292.164283169201	-3319730.554881827906	-523338.969876716437	2.19830968988779096	-1.86437003687705438	2.43982870999093882
323514156.233227610588	1444289.289763104171	-3319741.181463097688	-523283.118625583709	2.19827089707415357	-1.86436050134954212	2.43986283156386907
323514156.249740123749	1444286.414878468495	-3319751.807227516081	-523227.267272348981	2.19823210190910512	-1.86435096620086793	2.43989695551156283
323514156.266252636909	1444283.539638649439	-3319762.432237962261	-523171.415753241919	2.19819330438544336	-1.86434143143401432	2.43993108184153762
323514156.282765090466	1444280.664016113384	-3319773.056399246678	-523115.564334208670	2.19815450480662156	-1.86433189710806446	2.43996521028301228
323514156.299277603626	1444277.788016268518	-3319783.679750924930	-523059.712606252928	2.19811570259359579	-1.86432236309318222	2.43999934134842045
323514156.315790116787	1444274.911641221959	-3319794.302351660561	-523003.860718248936	2.19807447028228875	-1.86431285062907648	2.44003581361400990
323514156.332302629948	1444272.034943823470	-3319804.924159839749	-522948.008721018268	2.19803300649031597	-1.86430334059778602	2.44007250899828332
323514156.348815143108	1444269.157843198394	-3319815.545150550548	-522892.156609571772	2.19799154019119847	-1.86429383099942014	2.44010920691357036
323514156.365327596664	1444266.280395676382	-3319826.165334168356	-522836.304559836804	2.19795007137067611	-1.86428432183991366	2.44014590737476134
323514156.381840109825	1444263.402553152060	-3319836.784726705402	-522780.452181711909	2.19790860004274702	-1.86427481311341792	2.44018261036722661
323514156.398352622986	1444260.524359720759	-3319847.403358657379	-522724.599680950399	2.19786712620021429	-1.86426530482292474	2.44021931589847973
323514156.414865136147	1444257.645784026245	-3319858.021150743589	-522668.747042091680	2.19782431253416721	-1.86425539338595803	2.44025741297769905
323514156.431377589703	1444254.766849205829	-3319868.638155854773	-522612.894494764972	2.19778115482020020	-1.86424537938306978	2.44029586737088611
323514156.447890102863	1444251.887562645832	-3319879.254375695251	-522557.041631275613	2.19773799402123737	-1.86423536578751126	2.44033432484079960
323514156.464402616024	1444249.007888665423	-3319889.869823163375	-522501.188621038513	2.19769483045802883	-1.86422535266773481	2.44037278510022837
323514156.480915129185	1444246.129050761228	-3319900.484859442338	-522445.335536329017	2.19765166413042135	-1.86421534002378864	2.44041124814932431
323514156.497427642345	1444243.248631728347	-3319911.098738375120	-522389.482252059446	2.19760849503825950	-1.86420532785572335	2.44044971398824195
323514156.513940095901	1444240.367867299356	-3319921.711733884178	-522333.629087216628	2.19756598375035361	-1.86419544753062283	2.44048734314963633
323514156.530452609062	1444237.486725938274	-3319932.323973112274	-522277.775586856820	2.19752365104927705	-1.86418560369622432	2.44052474466518854
323514156.546965122223	1444234.605198388221	-3319942.935448148288	-522221.921945804614	2.19748131569930916	-1.86417576031231857	2.44056214885441536
323514156.563477635384	1444231.723311659181	-3319953.546065484639	-522166.068198007590	2.19743897768617602	-1.86416591738484438	2.44059955573221998
323514156.579990088940	1444228.841066929046	-3319964.155903146602	-522110.214510392689	2.19739663732475377	-1.86415607498100622	2.44063696501890881
323514156.596502602100	1444225.958458407084	-3319974.764960783534	-522054.360506615252	2.19735429399899385	-1.86414623296063953	2.44067437725953384
323514156.613015115261	1444223.075459123822	-3319985.373249019496	-521998.506362030748	2.19731199880727690	-1.86413674363179749	2.44071188544960460
323514156.629527628422	1444220.192086450523	-3319995.980695974082	-521942.652122700354	2.19726971162871187	-1.86412732798426806	2.44074941560010261
323514156.646040141582	1444217.308367367834	-3320006.587386657950	-521886.797723436204	2.19722742189243458	-1.86411791279717853	2.44078694833320098
323514156.662552595139	1444214.424272358883	-3320017.193222189322	-521830.943412360502	2.19718512961244272	-1.86410849806468071	2.44082448363427096
323514156.679065108299	1444211.539822629886	-3320027.798328758217	-521775.088764473156	2.19714283479567207	-1.86409908378387379	2.44086202149606102
323514156.695577621460	1444208.654978446197	-3320038.402615560684	-521719.234008312225	2.19710053743493905	-1.86408966995774894	2.44089956192607094
323514156.712090134621	1444205.769788575824	-3320049.006074258126	-521663.379138164921	2.19705817718200924	-1.86408014685793977	2.44093706022270185
323514156.728602588177	1444202.884214586345	-3320059.608760083094	-521607.524310374982	2.19701578787235086	-1.86407057552691047	2.44097454096924649
323514156.745115101337	1444199.998277431820	-3320070.210634705145	-521551.669191491790	2.19697339565215088	-1.86406100458849844	2.44101202461632028
323514156.761627614498	1444197.111981810769	-3320080.811758300290	-521495.813912675076	2.19693100083663007	-1.86405143410794993	2.44104951088372069
323514156.778140127659	1444194.225315139163	-3320091.412056106143	-521439.958513816586	2.19688860343271664	-1.86404186408236350	2.44108699976420507
323514156.794652640820	1444191.338265180588	-3320102.011548242066	-521384.103024737677	2.19684620344733794	-1.86403229450883701	2.44112449125053033
323514156.811165094376	1444188.450858637225	-3320112.610254008789	-521328.247572074470	2.19680641577749380	-1.86402319233300240	2.44115973965688227
323514156.827677607536	1444185.563075047452	-3320123.208176796325	-521272.391797195247	2.19676765549575048	-1.86401427440280676	2.44119410607570808
323514156.844190120697	1444182.674944584025	-3320133.805304820184	-521216.535918799287	2.19672889299176788	-1.86400535685952096	2.44122847473954785
323514156.860702633858	1444179.786407780601	-3320144.401603449136	-521160.679902310134	2.19669012828661714	-1.86399643969433737	2.44126284562638451
323514156.877215087414	1444176.897547390778	-3320154.997103800997	-521104.823965581658	2.19665136166234598	-1.86398752297070858	2.44129721848578862
323514156.893727600574	1444174.008284481242	-3320165.591864153277	-521048.967679700581	2.19661259253336905	-1.86397860657067493	2.44133159384105225
323514156.910240113735	1444171.118669469142	-3320176.185788360890	-520993.111299301498	2.19657173837033604	-1.86396923701062600	2.44136778661146581
323514156.926752626896	1444168.228672460420	-3320186.778940871358	-520937.254784034740	2.19652921694667569	-1.86395950540685829	2.44140543275571709
323514156.943265140057	1444165.338307792088	-3320197.371264599264	-520881.398142783029	2.19648669288102427	-1.86394977426127051	2.44144308156686396
323514156.959777593613	1444162.447611612268	-3320207.962787818164	-520825.541587124928	2.19644416615912430	-1.86394004357980880	2.44148073305979318
323514156.976290106773	1444159.556495159166	-3320218.553522227332	-520769.684697023768	2.19640163680906841	-1.86393031335072412	2.44151838720515224
323514156.992802619934	1444156.665022542002	-3320229.143495299388	-520713.827672398707	2.19635910482365659	-1.86392058357701074	2.44155604401045512
323514157.009315133095	1444153.773209807463	-3320239.732667626347	-520657.970532373583	2.19631646799094149	-1.86391093940393793	2.44159385109297622
323514157.025827586651	1444150.881011448335	-3320250.321005529258	-520602.113455242594	2.19627375448578954	-1.86390135738556939	2.44163176777394941
323514157.042340099812	1444147.989635630511	-3320260.909026182257	-520546.256080698513	2.19623103837084432	-1.86389177582781929	2.44166968708904619
323514157.058852612972	1444145.096730081597	-3320271.495786261279	-520490.398577949440	2.19618831963185901	-1.86388219473663197	2.44170760905314133
323514157.075365126133	1444142.203411838273	-3320282.081776239444	-520434.540922395070	2.19614559828281486	-1.86387261410615568	2.44174553365162339
323514157.091877639294	1444139.309720280347	-3320292.666924905032	-520378.683172092657	2.19610287432357776	-1.86386303393643660	2.44178346088462694
323514157.108390092850	1444136.415703085950	-3320303.251312241424	-520322.825462849578	2.19606024413336520	-1.86385341618304867	2.44182120642570233
323514157.124902606010	1444133.521288527874	-3320313.834866265301	-520266.967463809706	2.19601772141965679	-1.86384375501853561	2.44185874338153530
323514157.141415119171	1444130.626503489679	-3320324.417674488854	-520211.109304837475	2.19597519608518743	-1.86383409431062952	2.44189628298306882
323514157.157927632332	1444127.731365940301	-3320334.999633867759	-520155.251057057059	2.19593266812276289	-1.86382443406232601	2.44193382523781111
323514157.174440085888	1444124.835843133507	-3320345.580812152475	-520099.392845581518	2.19589013753930251	-1.86381477427072362	2.44197137013852839
323514157.190952599049	1444121.939963200130	-3320356.161219264846	-520043.534335882578	2.19584760434877957	-1.86380511492996725	2.44200891767061856
323514157.207465112209	1444119.043704516487	-3320366.740825003479	-519987.675698674459	2.19580570144367693	-1.86379566673148278	2.44204580187246201
323514157.223977625370	1444116.147100397851	-3320377.319629275240	-519931.816934179806	2.19576445648843954	-1.86378643881235906	2.44208199364120304
323514157.240490138531	1444113.250106839929	-3320387.897672283463	-519875.958034935233	2.19572320911771568	-1.86377721131692065	2.44211818784916179
323514157.257002592087	1444110.352756269509	-3320398.474848872516	-519820.099211997760	2.19568195963146851	-1.86376798431086765	2.44215438423275399
323514157.273515105247	1444107.455030877842	-3320409.051272816490	-519764.240071370208	2.19564070741532280	-1.86375875766881949	2.44219058333422367
323514157.290027618408	1444104.556934692664	-3320419.626897603739	-519708.380797404388	2.19559945277627833	-1.86374953145353062	2.44222678488263556
323514157.306540131569	1444101.658460816136	-3320430.201702529564	-519652.521415277559	2.19555808895731364	-1.86374018266782437	2.44226326383943571
323514157.323052585125	1444098.759635799564	-3320440.775721755810	-519596.662081454182	2.19551652837139022	-1.86373061052855404	2.44230024563786996
323514157.339565098286	1444095.860457042931	-3320451.348966818769	-519540.802443465160	2.19547496525197339	-1.86372103882302120	2.44233722999318781
323514157.356077611446	1444092.960865469417	-3320461.921415086370	-519484.942665967857	2.19543339959187245	-1.86371146755422168	2.44237421691289436
323514157.372590124607	1444090.060937203234	-3320472.493059603963	-519429.082767127082	2.19539183136978977	-1.86370189673105147	2.44241120641922782
323514157.389102637768	1444087.160619353876	-3320483.063916175626	-519373.222746832413	2.19535026060675387	-1.86369232634470383	2.44244819849021866
323514157.405615091324	1444084.259967912687	-3320493.633941839449	-519317.362807601981	2.19530865506476180	-1.86368280011641341	2.44248524540884615
323514157.422127604485	1444081.358943823958	-3320504.203203677665	-519261.502538683766	2.19526694223568342	-1.86367341438292011	2.44252246383927485
323514157.438640117645	1444078.457533522509	-3320514.771674583200	-519205.642142369121	2.19522522690285582	-1.86366402909055906	2.44255968479683849
323514157.455152630806	1444075.555723546073	-3320525.339324950706	-519149.781625897856	2.19518350906615245	-1.86365464423937355	2.44259690828166320
323514157.471665143967	1444072.653594942065	-3320535.906206369400	-519093.920980959665	2.19514178871134202	-1.86364525983531082	2.44263413430860687
323514157.488177597523	1444069.751084929565	-3320546.472245849669	-519038.060404743999	2.19510006583124762	-1.86363587588136692	2.44267136288515907
323514157.504690110683	1444066.848207909847	-3320557.037508216687	-518982.199518308800	2.19505812824218127	-1.86362643667383865	2.44270873489342044
323514157.521202623844	1444063.944953573169	-3320567.602004049346	-518926.338497118850	2.19501543749007366	-1.86361680094311466	2.44274660790477993
323514157.537715137005	1444061.041338417446	-3320578.165706623346	-518870.477354589966	2.19497274410597409	-1.86360716567472662	2.44278448357285249
323514157.554227590561	1444058.137349643046	-3320588.728542801924	-518814.616288255609	2.19493004840732109	-1.86359753093437241	2.44282236161456412
323514157.570740103722	1444055.232999558561	-3320599.290655920748	-518758.754896988743	2.19488734975884903	-1.86358789659079260	2.44286024259644829
323514157.587252616882	1444052.328277176479	-3320609.851908330340	-518702.893392919214	2.19484464847092520	-1.86357826271264071	2.44289812624281577
323514157.603765130043	1444049.424376428826	-3320620.412891155574	-518647.031753837597	2.19480192090868975	-1.86356884913034038	2.44293603444743734
323514157.620277643204	1444046.518935797038	-3320630.972554055974	-518591.170001146558	2.19475912647332994	-1.86356003440353701	2.44297400481201610
323514157.636790096760	1444043.613075895701	-3320641.531481952872	-518535.308289285225	2.19471632963701424	-1.86355122013540431	2.44301197760053324
323514157.653302609921	1444040.706893799361	-3320652.089588024653	-518479.446286440187	2.19467353037144397	-1.86354240633779500	2.44304995284253801
323514157.669815123081	1444037.800344173796	-3320662.646865253802	-518423.584157616366	2.19463072869062970	-1.86353359300484889	2.44308793052339546
323514157.686327636242	1444034.893415277358	-3320673.203413777985	-518367.721892738482	2.19458792460152896	-1.86352478013365408	2.44312591063583184
323514157.702840089798	1444031.986116318963	-3320683.759119586553	-518311.859684815572	2.19454518239170726	-1.86351585947831633	2.44316381150692807
323514157.719352602959	1444029.078437694814	-3320694.314014168456	-518255.997185679444	2.19450285763646891	-1.86350622767423713	2.44320118046981571
323514157.735865116119	1444026.170397681883	-3320704.868146641180	-518200.134540139872	2.19446053029139865	-1.86349659631618469	2.44323855204669060
323514157.752377629280	1444023.261999038281	-3320715.421516206581	-518144.271777786256	2.19441820033520640	-1.86348696541306369	2.44327592625978163
323514157.768890142441	1444020.353202924132	-3320725.974054038990	-518088.408883278840	2.19437586777480487	-1.86347733496196688	2.44331330310186301
323514157.785402595997	1444017.444088563090	-3320736.525726026390	-518032.546077193285	2.19433353259595831	-1.86346770496884706	2.44335068258779486
323514157.801915109158	1444014.534584185574	-3320747.076680238824	-517976.682946058398	2.19429129862966210	-1.86345807050566226	2.44338802006782707
323514157.818427622318	1444011.624667238211	-3320757.626864292659	-517920.819662120135	2.19424963669848427	-1.86344840927073907	2.44342511315164224
323514157.834940135479	1444008.714414728573	-3320768.176226074342	-517864.956276192621	2.19420797217953822	-1.86343874848042668	2.44346220884767540
323514157.851452589035	1444005.803840616485	-3320778.724724991713	-517809.092984626186	2.19416630538282620	-1.86342908820060327	2.44349930687849337
323514157.867965102196	1444002.892843345413	-3320789.272491360083	-517753.229337962694	2.19412463570204208	-1.86341942829373641	2.44353640778463621
323514157.884477615356	1443999.981481781229	-3320799.819440752268	-517697.365589197259	2.19408296344011955	-1.86340976882866238	2.44357351129605327
