324490380.264285862446 0.000082125000
324490380.264285862446	1513358.455390556715	-3289374.784938222729	-526596.238403055351	1.84632028389278857	-2.11354924617781093	2.76974725258526044
324490380.280710875988	1513355.834924851311	-3289385.448541419115	-526540.704510066658	1.84629343660875378	-2.11354401916191037	2.76977130316008235
324490380.297135889530	1513353.214055317920	-3289396.111329332460	-526485.170504023787	1.84626658885427508	-2.11353879247402965	2.76979535422666201
324490380.313560843468	1513350.592828008812	-3289406.773310279474	-526429.636566678295	1.84623974082311659	-2.11353356615448051	2.76981940561171847
324490380.329985857010	1513347.971223179717	-3289417.434562014882	-526374.102296476136	1.84621289212123818	-2.11352834013667046	2.76984345766942530
324490380.346410870552	1513345.349225674989	-3289428.095007288735	-526318.567916359403	1.84618470179765204	-2.11352263441033505	2.76986885804970084
324490380.362835884094	1513342.726860729279	-3289438.754702552687	-526263.033386326279	1.84615617844845792	-2.11351681006392633	2.76989459313516395
324490380.379260838032	1513340.104102543322	-3289449.413556864951	-526207.498957526172	1.84612765453993699	-2.11351098609108634	2.76992032880295413
324490380.395685851574	1513337.480978811393	-3289460.071676458232	-526151.964195866603	1.84609913006882542	-2.11350516249882636	2.76994606505688434
324490380.412110865116	1513334.857463857625	-3289470.729035263415	-526096.429294674308	1.84607060503842213	-2.11349933928015954	2.76997180189310566
324490380.428535878658	1513332.233548904303	-3289481.385614779778	-526040.894285067217	1.84604207944874421	-2.11349351643509742	2.76999753931160075
324490380.444960892200	1513329.609280644450	-3289492.041390394792	-525985.359149222262	1.84601447546375352	-2.11348788733883985	2.77002208663129368
324490380.461385846138	1513326.984626203775	-3289502.696341442410	-525929.824092342053	1.84598707873175116	-2.11348230214343280	2.77004636630305745
324490380.477810859680	1513324.360809407430	-3289513.350978202187	-525874.288801705232	1.84595968128598686	-2.11347671725356712	2.77007064668904235
324490380.494235873222	1513321.735387161840	-3289524.004470532294	-525818.753268110217	1.84593228332748405	-2.11347113270516207	2.77009492761048426
324490380.510660886765	1513319.109571221517	-3289534.657146874815	-525763.217618541443	1.84590488485789384	-2.11346554849472534	2.77011920906545539
324490380.527085840702	1513316.483407924417	-3289545.308986829128	-525707.682056909776	1.84587748587067879	-2.11345996463627328	2.77014349106159408
324490380.543510854244	1513313.856833251426	-3289555.960087474436	-525652.146175718866	1.84584939704448092	-2.11345422401250405	2.77016843211025732
324490380.559935867786	1513311.229904178763	-3289566.610442106146	-525596.610150665627	1.84582092615761484	-2.11344839681607555	2.77019373819289738
324490380.576360881329	1513308.602559353923	-3289577.259986939840	-525541.074012554483	1.84579245471721531	-2.11344256998256785	2.77021904485225567
324490380.592785835266	1513305.974869813537	-3289587.908728795592	-525485.537949198275	1.84576398292719857	-2.11343674356015221	2.77024435190784635
324490380.609210848808	1513303.346775338985	-3289598.556687712669	-525430.001570497290	1.84573551037159889	-2.11343091747002898	2.77026965973014905
324490380.625635862350	1513300.718317134539	-3289609.203939532395	-525374.465034748777	1.84570703725923990	-2.11342509174986448	2.77029496813294474
324490380.642060875893	1513298.089478406357	-3289619.850372434128	-525318.928400855977	1.84567941592040974	-2.11341878082878409	2.77031945504942856
324490380.658485889435	1513295.460238538682	-3289630.496023438405	-525263.391640725080	1.84565229373255457	-2.11341218553945476	2.77034346058205161
324490380.674910843372	1513292.830622482579	-3289641.140870948322	-525207.854946264066	1.84562517094358913	-2.11340559058776556	2.77036746673979728
324490380.691335856915	1513290.200669933343	-3289651.784929026850	-525152.317951593897	1.84559804755188361	-2.11339899597722969	2.77039147352457027
324490380.707760870457	1513287.570281644352	-3289662.428289184812	-525096.780790682998	1.84557092356563368	-2.11339240169035403	2.77041548092680134
324490380.724185883999	1513284.939513890073	-3289673.070839934517	-525041.243537683855	1.84554379897993459	-2.11338580773765550	2.77043948895221837
324490380.740610837936	1513282.308403095929	-3289683.712544181384	-524985.706351765199	1.84551615481568199	-2.11337957842619240	2.77046405026287390
324490380.757035851479	1513279.676887320122	-3289694.353532892652	-524930.168838933110	1.84548792248867000	-2.11337376154943213	2.77048923782075018
324490380.773460865021	1513277.044999968261	-3289704.993699393701	-524874.631207218277	1.84545968960957540	-2.11336794503775005	2.77051442595412212
324490380.789885878563	1513274.412727125222	-3289715.633136268705	-524819.093443524092	1.84543145617841531	-2.11336212889115904	2.77053961466297327
324490380.806310892105	1513271.780070594512	-3289726.271778221242	-524763.555550562101	1.84540322198648687	-2.11335631307559524	2.77056480413454409
324490380.822735846043	1513269.147042823024	-3289736.909594773781	-524708.017745536868	1.84537498765832741	-2.11335049769679939	2.77058999380895399
324490380.839160859585	1513266.513603576459	-3289747.546693777665	-524652.479610568611	1.84534691164403353	-2.11334471539758395	2.77061507557849040
324490380.855585873127	1513263.879827702185	-3289758.182990161702	-524596.941349477507	1.84531904368540434	-2.11333897641911017	2.77064001541892280
324490380.872010886669	1513261.245635011699	-3289768.818534619641	-524541.402957705897	1.84529117519170871	-2.11333323779043702	2.77066495581681727
324490380.888435840607	1513258.611094128806	-3289779.453211362474	-524485.864658197272	1.84526330615478451	-2.11332749952908383	2.77068989678170707
324490380.904860854149	1513255.976142822765	-3289790.087180068716	-524430.326034801314	1.84523543658446143	-2.11332176161405316	2.77071483830211651
324490380.921285867691	1513253.340825896943	-3289800.720400837716	-524374.787252631271	1.84520756647421247	-2.11331602405936225	2.77073978038566837
324490380.937710881233	1513250.705134106800	-3289811.352773368359	-524319.248379672412	1.84517955071865192	-2.11331025890276836	2.77076489463442810
324490380.954135835171	1513248.069046733202	-3289821.984381995630	-524263.709562114498	1.84515118590215077	-2.11330442694375753	2.77079042166444856
324490380.970560848713	1513245.432590312557	-3289832.615258554928	-524208.170417639602	1.84512282031611941	-2.11329859532584274	2.77081594946755283
324490380.986985862255	1513242.795750387013	-3289843.245318390895	-524152.631154286035	1.84509445417350948	-2.11329276407622801	2.77084147785020063
324490381.003410875797	1513240.158522667596	-3289853.874571602792	-524097.091792900523	1.84506608747433654	-2.11328693319492444	2.77086700681237552
324490381.019835889339	1513237.520899934694	-3289864.503110248130	-524041.552277153882	1.84503772021534895	-2.11328110268894953	2.77089253635787758
324490381.036260843277	1513234.882935404545	-3289875.130790099967	-523986.012844928482	1.84500979756531347	-2.11327530594000601	2.77091771845862711
324490381.052685856819	1513232.245802839287	-3289885.758206746075	-523930.473161208618	1.84498300834724072	-2.11326959457086350	2.77094201459306388
324490381.069110870361	1513229.607044549892	-3289896.384354894981	-523874.933297983371	1.84495621861457204	-2.11326388352885575	2.77096631126323079
324490381.085535883904	1513226.967917069560	-3289907.009757790715	-523819.393281924829	1.84492942836241691	-2.11325817282449968	2.77099060847483925
324490381.101960837841	1513224.328412789153	-3289917.634364557918	-523763.853346449789	1.84490263778903119	-2.11325246249111798	2.77101490604709166
324490381.118385851383	1513221.688517352566	-3289928.258184958249	-523708.313086771814	1.84487584650121983	-2.11324675245509308	2.77103920433771833
324490381.134810864925	1513219.048255101545	-3289938.881250423379	-523652.772708525416	1.84484905469559868	-2.11324104275325153	2.77106350316783612
324490381.151235878468	1513216.407609221060	-3289949.503520938568	-523597.232201011386	1.84481998134135372	-2.11323508257002279	2.77108960763102541
324490381.167660892010	1513213.766577016097	-3289960.125030497555	-523541.691565846675	1.84479079783286370	-2.11322911073010911	2.77111579941110397
324490381.184085845947	1513211.125163527438	-3289970.745715322439	-523486.151021530852	1.84476161373509462	-2.11322313928616312	2.77114199180484277
324490381.200510859489	1513208.483368028654	-3289981.365649193525	-523430.610142858175	1.84473242905296297	-2.11321716822768924	2.77116818480650418
324490381.216935873032	1513205.841212021653	-3289991.984806281980	-523375.069139450148	1.84470324377832529	-2.11321119757221609	2.77119437842559924
324490381.233360886574	1513203.198653098661	-3290002.603186240885	-523319.528006888751	1.84467421076219229	-2.11320527383686985	2.77122046333865546
324490381.249785840511	1513200.555730335647	-3290013.220728444867	-523263.986962148454	1.84464646536792110	-2.11319974268807087	2.77124562748617276
324490381.266210854053	1513197.912410904421	-3290023.837559192907	-523208.445584664762	1.84461871925390719	-2.11319421185521872	2.77127079235671392
324490381.282635867596	1513195.268719148356	-3290034.453596876003	-523152.904092826822	1.84459097261880101	-2.11318868138434635	2.77129595777082294
324490381.299060881138	1513192.624641776551	-3290045.068866192363	-523097.362458426796	1.84456322546425167	-2.11318315127196099	2.77132112372657469
324490381.315485835075	1513189.980189647991	-3290055.683312770911	-523041.820917901059	1.84453547778864424	-2.11317762152157673	2.77134629022585788
324490381.331910848618	1513187.335357402451	-3290066.297003567219	-522986.279045937525	1.84450772959526321	-2.11317209212620272	2.77137145726484180
324490381.348335862160	1513184.690132352524	-3290076.909931392875	-522930.737043291738	1.84447906862664879	-2.11316612375273305	2.77139715512725493
324490381.364760875702	1513182.044527661754	-3290087.522078468930	-522875.194926405151	1.84445031789912361	-2.11316011280580840	2.77142290543080261
324490381.381185889244	1513179.398564212956	-3290098.133450867608	-522819.652675923426	1.84442156658604239	-2.11315410224592526	2.77144865634434323
324490381.397610843182	1513176.752199176932	-3290108.744006825145	-522764.110510350962	1.84439281490478346	-2.11314809209807430	2.77147440767082021
324490381.414035856724	1513174.105467871297	-3290119.353796681389	-522708.568016249861	1.84436406242717310	-2.11314208229830269	2.77150015979667064
324490381.430460870266	1513171.458332846873	-3290129.962838579435	-522653.025397522491	1.84433530937058254	-2.11313607287160110	2.77152591252484415
324490381.446885883808	1513168.810831136303	-3290140.571058102883	-522597.482671797159	1.84430715637184051	-2.11313036847606783	2.77155106151931241
324490381.463310837746	1513166.162974328035	-3290151.178525770549	-522541.939991205581	1.84427904948124488	-2.11312468811142917	2.77157616414195118
324490381.479735851288	1513163.514698887710	-3290161.785220748745	-522486.396992352384	1.84425094205835305	-2.11311900809837239	2.77160126731917922
324490381.496160864830	1513160.866069630254	-3290172.391119148117	-522430.853882169351	1.84422283409502974	-2.11311332845442212	2.77162637106049736
324490381.512585878372	1513158.217045733472	-3290182.996259370819	-522375.310638395604	1.84419472559618525	-2.11310764916908411	2.77165147536017598
324490381.529010891914	1513155.567632807652	-3290193.600612122566	-522319.767268383643	1.84416661656183445	-2.11310197024236901	2.77167658021819951
324490381.545435845852	1513152.917858998524	-3290204.204131801613	-522264.223995159206	1.84413839973117866	-2.11309626019893049	2.77170175013851638
324490381.561860859394	1513150.267685662722	-3290214.806935294997	-522208.680380226520	1.84411014374635718	-2.11309053921020951	2.77172694392443386
324490381.578285872936	1513147.617149114609	-3290225.408935491461	-522153.136641970603	1.84408188721468935	-2.11308481859380537	2.77175213828106859
324490381.594710886478	1513144.966208874015	-3290236.010187715292	-522097.592779088707	1.84405363014270973	-2.11307909833571683	2.77177733320079378
324490381.611135840416	1513142.314906584565	-3290246.610604272690	-522042.048995171033	1.84402537252391729	-2.11307337844996734	2.77180252869120158
324490381.627560853958	1513139.664444103837	-3290257.210679952521	-521986.504990795453	1.84399711436321878	-2.11306765892606174	2.77182772474656591
324490381.643985867500	1513137.012363379821	-3290267.809607006144	-521930.960737401969	1.84396914395145450	-2.11306199055852240	2.77185264065890857
324490381.660410881042	1513134.359925562050	-3290278.407696596347	-521875.416399387876	1.84394127242362860	-2.11305634006206589	2.77187746032513260
324490381.676835834980	1513131.707096703816	-3290289.005005198531	-521819.872107691830	1.84391340057095166	-2.11305068995691370	2.77190228036098496
324490381.693260848522	1513129.053889109986	-3290299.601538797840	-521764.327512763441	1.84388552798455230	-2.11304504017032846	2.77192710113175877
324490381.709685862064	1513126.400296861073	-3290310.197335300501	-521708.782770943362	1.84385765486888742	-2.11303939073869573	2.77195192245478550
324490381.726110875607	1513123.746322403429	-3290320.792317613494	-521653.237928062386	1.84382978122397367	-2.11303374166202795	2.77197674433004826
324490381.742535889149	1513121.091988968663	-3290331.386553927790	-521597.692929438606	1.84380180356809409	-2.11302806602513682	2.77200196640034857
324490381.758960843086	1513118.437245916808	-3290341.979947870132	-521542.148031932244	1.84377374905911062	-2.11302237089727818	2.77202748376187902
324490381.775385856628	1513115.782148973318	-3290352.572587097064	-521486.602826861839	1.84374569400671318	-2.11301667614040811	2.77205300168959479
324490381.791810870171	1513113.126640543574	-3290363.164495524019	-521431.057465933787	1.84371763841580405	-2.11301098174403057	2.77207852017777467
324490381.808235883713	1513110.470765489154	-3290373.755581548903	-521375.511998007831	1.84368958228151736	-2.11300528771866825	2.77210403923210347
324490381.824660837650	1513107.814517348073	-3290384.345868693665	-521319.966604718938	1.84366152581128118	-2.11299959409751548	2.77212955866293065
324490381.841085851192	1513105.157883556327	-3290394.935429317877	-521264.420872630668	1.84363346859354893	-2.11299390080720562	2.77215507884569812
324490381.857510864735	1513102.500853596255	-3290405.524207839277	-521208.875026188616	1.84360541083574714	-2.11298820788093966	2.77218059959075891
324490381.873935878277	1513099.843472588807	-3290416.112155753188	-521153.329066805542	1.84357735253301147	-2.11298251532923897	2.77220612090379515
324490381.890360891819	1513097.185691533843	-3290426.699352973606	-521097.782976855466	1.84354929369186693	-2.11297682313810142	2.77223164277719070
324490381.906785845757	1513094.527546326164	-3290437.285762881860	-521042.236942192656	1.84352123430419867	-2.11297113132505787	2.77225716522042287
324490381.923210859299	1513091.868998477468	-3290447.871408780571	-520986.690604295640	1.84349317437978377	-2.11296543986909802	2.77228268822207990
324490381.939635872841	1513089.210077521158	-3290458.456230260432	-520931.144156372873	1.84346496540602112	-2.11295967658224138	2.77230825109242396
324490381.956060886383	1513086.550786826061	-3290469.040313824080	-520875.597570525075	1.84343651642209228	-2.11295379725277321	2.77233387791706898
324490381.972485840321	1513083.891106327064	-3290479.623604109511	-520820.051047435089	1.84340806708496241	-2.11294791832848583	2.77235950513779894
324490381.988910853863	1513081.231052456656	-3290490.206133642234	-520764.504207699501	1.84337961697088115	-2.11294203974733641	2.77238513313920665
324490382.005335867405	1513078.570612543495	-3290500.787880373653	-520708.957250693289	1.84335116629337192	-2.11293616153686159	2.77241076172707457
324490382.021760880947	1513075.909778071567	-3290511.368868887890	-520653.410160095314	1.84332271505245360	-2.11293028369707558	2.77243639090138361
324490382.038185834885	1513073.248581626918	-3290521.949021699373	-520597.863148463599	1.84329449046101268	-2.11292459407283095	2.77246172905304400
324490382.054610848427	1513070.587005817099	-3290532.528406883124	-520542.315848509956	1.84326661024464666	-2.11291918992376404	2.77248662510277777
324490382.071035861969	1513067.925043474650	-3290543.107014125679	-520486.768399933702	1.84323872951965040	-2.11291378613428149	2.77251152168403303
324490382.087460875511	1513065.262689209078	-3290553.684896561783	-520431.220804584329	1.84321084829092063	-2.11290838269388548	2.77253641879109836
324490382.103885889053	1513062.599964769091	-3290564.261959272902	-520375.673108175630	1.84318296655359815	-2.11290297961309737	2.77256131642964787
324490382.120310842991	1513059.936864384217	-3290574.838218376506	-520320.125477434893	1.84315508451384003	-2.11289757692300029	2.77258621441455011
324490382.136735856533	1513057.273383322405	-3290585.413729039952	-520264.577530164621	1.84312710433078264	-2.11289213706347212	2.77261119875350648
324490382.153160870075	1513054.609513187548	-3290595.988473967649	-520209.029446273111	1.84309764944355625	-2.11288613034097983	2.77263747942826111
324490382.169585883617	1513051.945258907741	-3290606.562431264203	-520153.481248028344	1.84306819396076360	-2.11288012401569958	2.77266376072312859
324490382.186010837555	1513049.280660867691	-3290617.135578062851	-520097.933109622682	1.84303873787917349	-2.11287411809465109	2.77269004264188323
324490382.202435851097	1513046.616865070537	-3290627.708398389164	-520042.384759612556	1.84300928120692831	-2.11286811256033014	2.77271632517502242
324490382.218860864639	1513043.951460090699	-3290638.279994905461	-519986.836209445319	1.84297982393917348	-2.11286210742326208	2.77274260832821717
324490382.235285878181	1513041.285712066572	-3290648.850808477029	-519931.287519741571	1.84295074434808526	-2.11285614326862969	2.77276858093814349
324490382.251710891724	1513038.619552084478	-3290659.420876827091	-519875.738699474139	1.84292303105394439	-2.11285032608535595	2.77279342976019061
324490382.268135845661	1513035.953036676161	-3290669.990111464169	-519820.189961201570	1.84289531741782286	-2.11284450929643297	2.77281827896774802
324490382.284560859203	1513033.286124006379	-3290680.558596335817	-519764.640906283807	1.84286760303478214	-2.11283869282320325	2.77284312892462337
324490382.300985872746	1513030.618828789564	-3290691.126317468006	-519709.091717769275	1.84283988810812271	-2.11283287670326114	2.77286797944794428
324490382.317410886288	1513027.951166059123	-3290701.693252270576	-519653.542415016447	1.84281217263786234	-2.11282706093662043	2.77289283053769431
324490382.333835840225	1513025.283124514390	-3290712.259378746618	-519597.993168963643	1.84278445662239121	-2.11282124552679562	2.77291768219575330
324490382.350260853767	1513022.614692219300	-3290722.824757459573	-519542.443609290873	1.84275674006497137	-2.11281543046679054	2.77294253441831584
324490382.366685867310	1513019.945878719445	-3290733.389353229664	-519486.893944233540	1.84272902296399543	-2.11280961576012238	2.77296738720726132
324490382.383110880852	1513017.276666917838	-3290743.953154751100	-519431.344140941626	1.84270130532110055	-2.11280380140329749	2.77299224056068017
324490382.399535834789	1513014.607116173953	-3290754.516145647503	-519375.794409374997	1.84267358733475550	-2.11279798744440184	2.77301709430134657
324490382.415960848331	1513011.937159124063	-3290765.078396976460	-519320.244370131404	1.84264586860320456	-2.11279217379780970	2.77304194878934362
324490382.432385861874	1513009.266829656437	-3290775.639883861877	-519264.694194381824	1.84261812682491621	-2.11278637970778549	2.77306683438652479
324490382.448810875416	1513006.596109295031	-3290786.200609801337	-519209.143879096955	1.84258980915413173	-2.11278107696981188	2.77309250145767372
324490382.465235888958	1513003.925023596967	-3290796.760515878443	-519153.593474634690	1.84256149097159772	-2.11277577461180233	2.77311816906349717
324490382.481660842896	1513001.253547139466	-3290807.319619119633	-519098.043126874138	1.84253317228057889	-2.11277047262676065	2.77314383720018931
324490382.498085856438	1512998.581693803193	-3290817.877949411515	-519042.492467025004	1.84250485308433976	-2.11276517100768935	2.77316950586394118
324490382.514510869980	1512995.909460576484	-3290828.435564216226	-518986.941661784484	1.84247653337641348	-2.11275986976861718	2.77319517506230451
324490382.530935883522	1512993.236842512153	-3290838.992338281125	-518931.390756897687	1.84244821316168483	-2.11275456889904101	2.77322084478957986
324490382.547360837460	1512990.563847604673	-3290849.548344814219	-518875.839910443348	1.84241962660013980	-2.11274881449630669	2.77324658993026940
324490382.563785851002	1512987.890473348321	-3290860.103538052645	-518820.288776848116	1.84239099797488204	-2.11274298998940546	2.77327234749862539
324490382.580210864544	1512985.216700303601	-3290870.658054936212	-518764.737460912438	1.84236236878956494	-2.11273716585380944	2.77329810564990797
324490382.596635878086	1512982.542576081818	-3290881.211698061787	-518709.186079483537	1.84233373903772346	-2.11273134210355007	2.77332386439166756
324490382.613060891628	1512979.868048589677	-3290891.764636226930	-518653.634525985108	1.84230510872585884	-2.11272551872462255	2.77334962371631732
324490382.629485845566	1512977.193154046312	-3290902.316717443988	-518598.083076631592	1.84227647784750626	-2.11271969573105700	2.77337538363140634
324490382.645910859108	1512974.517868801253	-3290912.868050873745	-518542.531313658983	1.84224929680476945	-2.11271409165101254	2.77340010040995510
324490382.662335872650	1512971.842214778299	-3290923.418617143296	-518486.979408241925	1.84222235508861254	-2.11270852405080989	2.77342464513201925
324490382.678760886192	1512969.166172198718	-3290933.968367140740	-518431.427398736589	1.84219541286327670	-2.11270295678983855	2.77344919038474913
324490382.695185840130	1512966.489746143343	-3290944.517369376495	-518375.875434246496	1.84216847032646558	-2.11269738990387435	2.77347373598747815
324490382.711610853672	1512963.812963594915	-3290955.065590336919	-518320.323163610417	1.84214152708120205	-2.11269182332490013	2.77349828230337891
324490382.728035867214	1512961.135772153735	-3290965.613003329840	-518264.770782947016	1.84211458333004452	-2.11268625707818014	2.77352282914611736
324490382.744460880756	1512958.458209092496	-3290976.159704938531	-518209.218251065759	1.84208662918485500	-2.11268054793150384	2.77354804494011420
324490382.760885834694	1512955.780270626303	-3290986.705552396365	-518153.665817386820	1.84205822155614629	-2.11267477491037825	2.77357356109319353
324490382.777310848236	1512953.103175721597	-3290997.251056290232	-518098.113157309941	1.84202981337538874	-2.11266900225755494	2.77359907782129067
324490382.793735861778	1512950.424479687819	-3291007.795383967925	-518042.560270480637	1.84200140463936091	-2.11266322998005407	2.77362459512816573
324490382.810160875320	1512947.745374338934	-3291018.338954169769	-517987.007241086627	1.84197299535293668	-2.11265745806737293	2.77365011300813347
324490382.826585888863	1512945.065909937490	-3291028.881735197268	-517931.454103395459	1.84194458551127882	-2.11265168653004043	2.77367563146684315
324490382.843010842800	1512942.386090208776	-3291039.423682466615	-517875.901047698339	1.84191677411294963	-2.11264565021767536	2.77370032388187626
324490382.859435856342	1512939.705848469632	-3291049.964859635103	-517820.347679682658	1.84188926434467826	-2.11263948047369965	2.77372459985473530
324490382.875860869884	1512937.025228081737	-3291060.505309020635	-517764.794182713435	1.84186175400748198	-2.11263331107204744	2.77374887642011769
324490382.892285883427	1512934.344253918389	-3291071.044923012611	-517709.240563838335	1.84183424309813870	-2.11262714201974378	2.77377315358178800
324490382.908710837364	1512931.662905872799	-3291081.583774154074	-517653.687012358801	1.84180673182332733	-2.11262097334641652	2.77379743115536570
324490382.925135850906	1512928.981149672531	-3291092.121844871435	-517598.133151474234	1.84177921977781689	-2.11261480497531373	2.77382170950012874
324490382.941560864449	1512926.299027208006	-3291102.659203607123	-517542.579124574782	1.84175132981631240	-2.11260878905992344	2.77384653843037521
324490382.957985877991	1512923.616509187734	-3291113.195729660802	-517487.025015856023	1.84172308586224376	-2.11260291597505168	2.77387188308041477
324490382.974410891533	1512920.933610606473	-3291123.731487104204	-517431.470776458329	1.84169484134664563	-2.11259704326080389	2.77389722831550900
324490382.990835845470	1512918.250354849966	-3291134.266415594146	-517375.916616139060	1.84166659626953466	-2.11259117091718984	2.77392257413564058
324490383.007260859013	1512915.566711013671	-3291144.800584052224	-517320.362130205787	1.84163835063254622	-2.11258529894071989	2.77394792053890393
324490383.023685872555	1512912.882680327166	-3291155.334005736746	-517264.807519766211	1.84161010443893058	-2.11257942732439519	2.77397326752150697
324490383.040110886097	1512910.198281492805	-3291165.866602811962	-517209.252811179205	1.84158223677575328	-2.11257382830228746	2.77399838547446054
324490383.056535840034	1512907.513486089651	-3291176.398455012124	-517153.698129783967	1.84155473422243254	-2.11256849206172204	2.77402328244219198
324490383.072960853577	1512904.828314045910	-3291186.929527290631	-517098.143148069095	1.84152723096881843	-2.11256315614174373	2.77404818011378174
324490383.089385867119	1512902.142776485533	-3291197.459808368236	-517042.588055026601	1.84149972721667443	-2.11255782057645636	2.77407307830601946
324490383.105810880661	1512899.456822464475	-3291207.989337341860	-516987.032831303368	1.84147222297086754	-2.11255248535535456	2.77409797701322658
324490383.122235834599	1512896.770535240648	-3291218.518026339822	-516931.477686661878	1.84144471822333466	-2.11254715049597763	2.77412287624481735
324490383.138660848141	1512894.083852621494	-3291229.045967619866	-516875.922216522566	1.84141688782468704	-2.11254171871272023	2.77414799660318945
324490383.155085861683	1512891.396763504948	-3291239.573177881539	-516820.366602404101	1.84138757488457472	-2.11253584397482363	2.77417412302970323
324490383.171510875225	1512888.709319422022	-3291250.099545752630	-516764.810906578845	1.84135826136306591	-2.11252996963317408	2.77420025006218163
324490383.187935888767	1512886.021486438112	-3291260.625147806481	-516709.255074133922	1.84132894726179708	-2.11252409568427968	2.77422637769871816
324490383.204360842705	1512883.333283161279	-3291271.149938656017	-516653.699304330046	1.84129963279407027	-2.11251822216965124	2.77425250574904902
324490383.220785856247	1512880.644681248115	-3291281.674001399428	-516598.143235931755	1.84127031753495696	-2.11251234900279794	2.77427863459175361
324490383.237210869789	1512877.955709611066	-3291292.197287419811	-516542.587019031867	1.84124153019906034	-2.11250648227396542	2.77430440390853805
324490383.253635883331	1512875.266354008811	-3291302.719785725232	-516487.030687778431	1.84121379174251487	-2.11250062791052517	2.77432945870293324
324490383.270060837269	1512872.576627578819	-3291313.241458440665	-516431.474444458785	1.84118605273463642	-2.11249477390697749	2.77435451407156108
324490383.286485850811	1512869.886509223608	-3291323.762402514461	-516375.917859311914	1.84115831317867062	-2.11248892025632262	2.77437957001063573
324490383.302910864353	1512867.196015432710	-3291334.282534277998	-516320.361176136415	1.84113057307301919	-2.11248306696208088	2.77440462652202591
324490383.319335877895	1512864.505139266839	-3291344.801902220584	-516264.804359368107	1.84110283241769679	-2.11247721402426247	2.77442968360571607
324490383.335760891438	1512861.813874220941	-3291355.320504335687	-516209.247405976290	1.84107498992787200	-2.11247137463806434	2.77445484595983727
324490383.352185845375	1512859.123469877522	-3291365.838719134219	-516153.690629352001	1.84104654177947058	-2.11246561451591353	2.77448063441338011
324490383.368610858917	1512856.431445021881	-3291376.355771705974	-516098.133431043709	1.84101809286687890	-2.11245985473287012	2.77450642363510713
324490383.385035872459	1512853.739048336865	-3291386.872009265237	-516042.576128761866	1.84098964339871940	-2.11245409532611506	2.77453221343534162
324490383.401460886002	1512851.046263820957	-3291397.387490508612	-515987.018695913313	1.84096119337662412	-2.11244833629215467	2.77455800381218198
324490383.417885839939	1512848.353123932611	-3291407.902159730904	-515931.461334676773	1.84093274279415775	-2.11244257764502708	2.77458379477314132
324490383.434310853481	1512845.659590709256	-3291418.416054617148	-515875.903661237098	1.84090439710116249	-2.11243690459437872	2.77460945363107392
324490383.450735867023	1512842.965676020365	-3291428.929216972087	-515820.345849874371	1.84087660864996394	-2.11243168273738835	2.77463441119862697
324490383.467160880566	1512840.271364536602	-3291439.441565796733	-515764.787928486185	1.84084881971053460	-2.11242646123245237	2.77465936927629908
324490383.483585834503	1512837.576692221686	-3291449.953110108152	-515709.230081736343	1.84082103048349133	-2.11242124011984833	2.77468432768420170
324490383.500010848045	1512834.881638414459	-3291460.463896356057	-515653.671912401565	1.84079324056120752	-2.11241601933307521	2.77470928678958151
324490383.516435861588	1512832.186184815597	-3291470.973931783345	-515598.113612498099	1.84076545015236048	-2.11241079889488059	2.77473424640314192
324490383.532860875130	1512829.490381784271	-3291481.483117277734	-515542.555227862380	1.84073765925051980	-2.11240557881930124	2.77475920653239161
324490383.549285888672	1512826.794181989506	-3291491.991621528752	-515486.996663802071	1.84070922211151400	-2.11239980252180226	2.77478476107642180
324490383.565710842609	1512824.097615451086	-3291502.499246974476	-515431.438214268710	1.84068077695339105	-2.11239402016886535	2.77481032306397823
324490383.582135856152	1512821.400633381447	-3291513.006126048975	-515375.879445063882	1.84065233124275829	-2.11238823818172561	2.77483588562675410
324490383.598560869694	1512818.703295547515	-3291523.512263687328	-515320.320529083256	1.84062388497479468	-2.11238245657091372	2.77486144877037688
324490383.614985883236	1512816.005579278339	-3291534.017606070731	-515264.761495721817	1.84059543814952042	-2.11237667533644347	2.77488701249482617
324490383.631410837173	1512813.307492386317	-3291544.522101055831	-515209.202560675738	1.84056699097877274	-2.11237089450862836	2.77491257660829360
324490383.647835850716	1512810.609014521353	-3291555.025898667052	-515153.643279478943	1.84053848874986015	-2.11236543803279053	2.77493840386196355
324490383.664260864258	1512807.910139746964	-3291565.528904519510	-515098.083877870173	1.84050998424818135	-2.11235999235479666	2.77496424010283205
324490383.680685877800	1512805.210885706358	-3291576.031129442621	-515042.524362019671	1.84048147922190219	-2.11235454705095060	2.77499007689068256
324490383.697110891342	1512802.511271869065	-3291586.532533823978	-514986.964742199692	1.84045297366782212	-2.11234910212827920	2.77501591422925298
324490383.713535845280	1512799.811268221354	-3291597.033188354690	-514931.405164368334	1.84042446758596090	-2.11234365758679310	2.77504175211852333
324490383.729960858822	1512797.110908247065	-3291607.533061532304	-514875.845280391921	1.84039596097795144	-2.11233821342299866	2.77506759055659202
324490383.746385872364	1512794.410131912446	-3291618.032182554249	-514820.285265731509	1.84036767144969882	-2.11233243225482070	2.77509288922557840
324490383.762810885906	1512791.708985687466	-3291628.530483718961	-514764.725150014565	1.84033943358109897	-2.11232657049955419	2.77511805882104934
324490383.779235839844	1512789.007473902544	-3291639.027980456594	-514709.165097054210	1.84031119536211274	-2.11232070914647618	2.77514322881226594
324490383.795660853386	1512786.305565096205	-3291649.524727310054	-514653.604727445345	1.84028295637859807	-2.11231484811979264	2.77516839956954309
324490383.812085866928	1512783.603268528823	-3291660.020717812236	-514598.044227273902	1.84025471683925979	-2.11230898745391515	2.77519357090582108
324490383.828510880470	1512780.900614944985	-3291670.515914251097	-514542.483621715975	1.84022647673928308	-2.11230312715937574	2.77521874282671988
324490383.844935834408	1512778.197558854474	-3291681.010313248262	-514486.923072860693	1.84019850451163469	-2.11229749553048940	2.77524382920351131
324490383.861360847950	1512775.494144291850	-3291691.503979264759	-514431.362194174202	1.84017061001232740	-2.11229193082457822	2.77526889102451246
324490383.877785861492	1512772.790341524873	-3291701.996807128191	-514375.801221786242	1.84014271499022986	-2.11228636647350188	2.77529395339063001
324490383.894210875034	1512770.086147408467	-3291712.488881333265	-514320.240124774049	1.84011481944535826	-2.11228080247727146	2.77531901630184796
324490383.910635888577	1512767.381594962906	-3291722.980180663522	-514264.678894167242	1.84008692337290092	-2.11227523884641766	2.77534407976378272
324490383.927060842514	1512764.677869792096	-3291733.471118763555	-514209.117817946884	1.84005902698230295	-2.11226967560617007	2.77536914358638676
324490383.943485856056	1512761.972534756409	-3291743.960843356792	-514153.556349662249	1.84003073050495258	-2.11226395863285710	2.77539457868473827
324490383.959910869598	1512759.266844162019	-3291754.449804703239	-514097.994744986412	1.84000220376964507	-2.11225815342104539	2.77542022749119521
324490383.976335883141	1512756.560752421152	-3291764.937984362710	-514042.433040750562	1.83997367647450938	-2.11225234858431232	2.77544587688079014
324490383.992760837078	1512753.854292248841	-3291775.425354872830	-513986.871390302316	1.83994514861795455	-2.11224654412617818	2.77547152685538157
324490384.009185850620	1512751.147436126834	-3291785.911984998733	-513931.309429263812	1.83991662020482494	-2.11224074003613449	2.77549717740931978
324490384.025610864162	1512748.440221693134	-3291796.397840241436	-513875.747334630520	1.83988809122870300	-2.11223493632822024	2.77552282855009569
324490384.042035877705	1512745.732594549423	-3291806.882940604351	-513820.185103378084	1.83986124507984083	-2.11222892515567517	2.77554729740488826
324490384.058460891247	1512743.024620970478	-3291817.367195701692	-513764.622796360753	1.83983540037970772	-2.11222279060844187	2.77557106275526877
324490384.074885845184	1512740.316255023237	-3291827.850652649999	-513709.060543131374	1.83980955533139623	-2.11221665640892509	2.77559482848891914
324490384.091310858727	1512737.607504967367	-3291838.333385488018	-513653.497968925978	1.83978370955067883	-2.11221052248789176	2.77561859496139762
324490384.107735872269	1512734.898381738458	-3291848.815344232135	-513597.935252162977	1.83975786322727153	-2.11220438888523843	2.77564236199772552
324490384.124160885811	1512732.188857675763	-3291859.296477711760	-513542.372456604789	1.83973201636600359	-2.11219825559045260	2.77566612959226777
324490384.140585839748	1512729.478990044910	-3291869.776822326705	-513486.809710504778	1.83970521594264480	-2.11219217266695214	2.77569062174751791
324490384.157010853291	1512726.768719984451	-3291880.256424536463	-513431.246650788467	1.83967587495074558	-2.11218622348718821	2.77571704409646891
324490384.173435866833	1512724.058065816993	-3291890.735267671756	-513375.683454565878	1.83964653336977135	-2.11218027470136605	2.77574346705825459
324490384.189860880375	1512721.347046610434	-3291901.213290809654	-513320.120169167698	1.83961719119492062	-2.11217432632002122	2.77576989063847934
324490384.206285834312	1512718.635633037658	-3291911.690542384982	-513264.556924257835	1.83958784864773084	-2.11216837836766613	2.77579631463536103
324490384.222710847855	1512715.923851394793	-3291922.167011140846	-513208.993384971691	1.83955850529161946	-2.11216243078128585	2.77582273944489977
324490384.239135861397	1512713.211673676735	-3291932.642726320773	-513153.429709177290	1.83953000906601916	-2.11215655770745947	2.77584854100250977
324490384.255560874939	1512710.499119206797	-3291943.117670096457	-513097.865896760486	1.83950254939840474	-2.11215077568426191	2.77587357989336203
324490384.271985888481	1512707.786187882535	-3291953.591777587309	-513042.302005552396	1.83947508919085267	-2.11214499401351530	2.77589861934617543
324490384.288410842419	1512705.072886159876	-3291964.065102501307	-512986.738154835708	1.83944762844177201	-2.11213921269873817	2.77592365936280761
324490384.304835855961	1512702.359186809277	-3291974.537684893236	-512931.174002382904	1.83942016715438950	-2.11213343173292678	2.77594869993949578
324490384.321260869503	1512699.645115348743	-3291985.009502694476	-512875.609713422251	1.83939270532711485	-2.11212765111960055	2.77597374107809802
324490384.337685883045	1512696.930667299777	-3291995.480527298991	-512820.045298227575	1.83936489923239410	-2.11212183800992914	2.77599900343712891
324490384.354110836983	1512694.215847919229	-3292005.950733630918	-512764.480985877046	1.83933595173985664	-2.11211591626576789	2.77602499869540642
324490384.370535850525	1512691.500626827357	-3292016.420190143399	-512708.916344996600	1.83930700345725495	-2.11210999486544893	2.77605099474620021
324490384.386960864067	1512688.785063066054	-3292026.888863541652	-512653.351564584009	1.83927805459040505	-2.11210407386135834	2.77607699140583808
324490384.403385877609	1512686.069072402315	-3292037.356771038380	-512597.786681697937	1.83924910514895679	-2.11209815323246231	2.77610298866306326
324490384.419810891151	1512683.352706049103	-3292047.823916633613	-512542.221668247308	1.83922015512811243	-2.11209223298929771	2.77612898652347617
324490384.436235845089	1512680.635993711883	-3292058.290218142327	-512486.656727819762	1.83919147672406202	-2.11208652283995990	2.77615473058803097
324490384.452660858631	1512677.918882591184	-3292068.755774523132	-512431.091467837512	1.83916352663447813	-2.11208137452751732	2.77617979401093518
324490384.469085872173	1512675.201388591202	-3292079.220574395731	-512375.526089169842	1.83913557605911859	-2.11207622657402005	2.77620485794183836
324490384.485510885715	1512672.483516442822	-3292089.684557163622	-512319.960603501473	1.83910762499800295	-2.11207107897947965	2.77622992238072142
324490384.501935839653	1512669.766482295934	-3292100.148192397319	-512264.395244012470	1.83907967365614233	-2.11206593177662461	2.77625498714316921
324490384.518360853195	1512667.047856331570	-3292110.610596150160	-512208.829520780884	1.83905172162357888	-2.11206078490002813	2.77628005259794541
324490384.534785866737	1512664.328824982513	-3292121.072300075553	-512153.263649245549	1.83902373254255314	-2.11205558521447267	2.77630515061862049
324490384.551210880280	1512661.609449551906	-3292131.533175194636	-512097.697667795699	1.83899540748096402	-2.11204989814331467	2.77633054331641382
324490384.567635834217	1512658.889673606260	-3292141.993248002604	-512042.131745960680	1.83896708187531077	-2.11204421144070587	2.77635593658138324
324490384.584060847759	1512656.169532408472	-3292152.452549596783	-511986.565526949998	1.83893875572721388	-2.11203852510315038	2.77638133041164048
324490384.600485861301	1512653.448978437344	-3292162.911118053831	-511930.999160930456	1.83891042903668978	-2.11203283913065754	2.77640672480716777
324490384.616910874844	1512650.728069311474	-3292173.368894500658	-511875.432680672617	1.83888210180055123	-2.11202715353025905	2.77643211977168791
324490384.633335888386	1512648.006788424915	-3292183.825877620839	-511819.866086059832	1.83885386579944266	-2.11202144540150938	2.77645740338411251
324490384.649760842323	1512645.285106488736	-3292194.282044041436	-511764.299576354329	1.83882656154610236	-2.11201550508774494	2.77648155075529202
324490384.666185855865	1512642.563058820786	-3292204.737444109749	-511708.732738119375	1.83879925654445708	-2.11200956508016846	2.77650569887581078
324490384.682610869408	1512639.840628459351	-3292215.192065867595	-511653.165791586856	1.83877195099961721	-2.11200362540674336	2.77652984756231502
324490384.699035882950	1512637.117795448750	-3292225.645953783765	-511597.598695138469	1.83874464491159473	-2.11199768606748206	2.77655399681479276
324490384.715460836887	1512634.394625913817	-3292236.099004304968	-511542.031683708599	1.83871733827399098	-2.11199174707642534	2.77657814664071001
324490384.731885850430	1512631.671045660274	-3292246.551315181889	-511486.464352721756	1.83869003109643492	-2.11198580841253847	2.77660229702883488
324490384.748310863972	1512628.947095538955	-3292257.002827909775	-511430.896910293202	1.83866159838961529	-2.11197990565741467	2.77662775754943514
324490384.764735877514	1512626.222755933180	-3292267.453589025419	-511375.329334386159	1.83863307519745955	-2.11197400611022790	2.77665332333196302
324490384.781160891056	1512623.498031578725	-3292277.903552789707	-511319.761638066208	1.83860455143520962	-2.11196810694017323	2.77667888970835453
324490384.797585844994	1512620.772949672304	-3292288.352694857866	-511264.194035740045	1.83857602710288415	-2.11196220814726532	2.77670445667859100
324490384.814010858536	1512618.047482593451	-3292298.801110169385	-511208.626094618463	1.83854750220370344	-2.11195630972449955	2.77673002423891813
324490384.830435872078	1512615.321623721626	-3292309.248711736407	-511153.058055348170	1.83851897673608122	-2.11195041167539577	2.77675559239118774
324490384.846860885620	1512612.595386325382	-3292319.695546663832	-511097.489876545616	1.83849082186454083	-2.11194472233583364	2.77678103599171422
324490384.863285839558	1512609.868784880964	-3292330.141557884403	-511041.921788706852	1.83846271102025205	-2.11193905830024731	2.77680646501181849
324490384.879710853100	1512607.141788169742	-3292340.586843033787	-510986.353364983981	1.83843459942993848	-2.11193339459448071	2.77683189478146808
324490384.896135866642	1512604.414412248647	-3292351.031368941069	-510930.784816635656	1.83840648729975764	-2.11192773125501443	2.77685732511361572
324490384.912560880184	1512601.686668212060	-3292361.475098803639	-510875.216147992760	1.83837837462812748	-2.11192206828537055	2.77688275601011059
324490384.928985834122	1512598.958523174748	-3292371.918011942413	-510819.647564259300	1.83835026141826741	-2.11191640567854444	2.77690818746719836
324490384.945410847664	1512596.230025461642	-3292382.360162722878	-510764.078658050508	1.83832180089606156	-2.11191069835515099	2.77693384871938997
324490384.961835861206	1512593.501113606151	-3292392.801534651313	-510708.509634459915	1.83829322245061388	-2.11190497613950301	2.77695958813256727
324490384.978260874748	1512590.771841036621	-3292403.242143834941	-510652.940489273751	1.83826464344997764	-2.11189925430425962	2.77698532812438170
324490384.994685888290	1512588.042176265735	-3292413.681989757344	-510597.371213408012	1.83823606389577177	-2.11189353284592540	2.77701106869294811
324490385.011110842228	1512585.312146580312	-3292424.120980660897	-510541.802032830776	1.83820748399756084	-2.11188781180139173	2.77703680964895305
324490385.027535855770	1512582.581719781505	-3292434.559250293765	-510486.232513459632	1.83817890333787548	-2.11188209109340130	2.77706255136909563
324490385.043960869312	1512579.850937752519	-3292444.996749665122	-510430.662869464315	1.83815083930277368	-2.11187666294729182	2.77708775373632522
324490385.060385882854	1512577.119748099940	-3292455.433472186793	-510375.093111113994	1.83812295688238247	-2.11187133804130101	2.77711276649887795
324490385.076810836792	1512574.389435952995	-3292465.869763098657	-510319.523530828767	1.83809507395559213	-2.11186601350307201	2.77713777979097776
324490385.093235850334	1512571.657478972105	-3292476.304909903090	-510263.953543767915	1.83806719053201650	-2.11186068931156345	2.77716279360141094
324490385.109660863876	1512568.925167169422	-3292486.739307754207	-510208.383395022538	1.83803930660527737	-2.11185536548082053	2.77718780793762132
324490385.126085877419	1512566.192472147290	-3292497.172867249697	-510152.813164453954	1.83801142217699209	-2.11185004200734605	2.77721282279772463
324490385.142510890961	1512563.459389434895	-3292507.605692070909	-510097.242792939360	1.83798279087131777	-2.11184445068907278	2.77723848464985545
324490385.158935844898	1512560.725949330255	-3292518.037627757527	-510041.672526984708	1.83795304487260291	-2.11183845937932935	2.77726511207950155
324490385.175360858440	1512557.992113016080	-3292528.468873462174	-509986.101917903405	1.83792329805542654	-2.11183246843305383	2.77729174032963932
