324490380.260425388813 0.000082125000
324490380.260425388813	1513359.071224570973	-3289372.278505744878	-526609.290868569165	1.84632659391133891	-2.11355047475980840	2.76974159989755409
324490380.276850402355	1513356.450857182266	-3289382.942260497250	-526553.757009525434	1.84629974673662400	-2.11354524766949226	2.76976565035825839
324490380.293275415897	1513353.830101457890	-3289393.605259178206	-526498.223019913770	1.84627289909146031	-2.11354002090719195	2.76978970131072399
324490380.309700369835	1513351.208958482137	-3289404.267423786689	-526442.689103211858	1.84624605117125329	-2.11353479450972070	2.76981375257975504
324490380.326125383377	1513348.587430937216	-3289414.928842796013	-526387.154875917709	1.84621920258196237	-2.11352956841048378	2.76983780451952466
324490380.342550396919	1513345.965542600024	-3289425.589492019266	-526331.620512119611	1.84619140573407003	-2.11352400340459345	2.76986280946026842
324490380.358975410461	1513343.343239374226	-3289436.249362761155	-526276.086030937033	1.84616288252000715	-2.11351817896256078	2.76988854440457954
324490380.375400364399	1513340.720590493409	-3289446.908399243373	-526220.551628833404	1.84613435874169141	-2.11351235490459377	2.76991427993696826
324490380.391825377941	1513338.097536219284	-3289457.566703299060	-526165.016878850292	1.84610583440406173	-2.11350653122020482	2.76994001605167162
324490380.408250391483	1513335.474119932391	-3289468.224230582360	-526109.482032566564	1.84607730950549676	-2.11350070791290667	2.76996575275058454
324490380.424675405025	1513332.850298366277	-3289478.880983552430	-526053.947034634650	1.84604878404601336	-2.11349488498271176	2.76999149003369016
324490380.441100418568	1513330.226115478668	-3289489.536952349357	-525998.411925487337	1.84602091466219664	-2.11348920011938723	2.77001638006347095
324490380.457525372505	1513327.601547310362	-3289500.192127875052	-525942.876890981221	1.84599351805235146	-2.11348361484022895	2.77004065960746315
324490380.473950386047	1513324.976608219324	-3289510.846508770715	-525887.341538214707	1.84596612072546251	-2.11347802987361089	2.77006493986950764
324490380.490375399590	1513322.352477344219	-3289521.500573801342	-525831.806140567991	1.84593872288910821	-2.11347244524144706	2.77008922066318597
324490380.506800413132	1513319.726779081160	-3289532.153429504018	-525776.270523642423	1.84591132453674844	-2.11346686095775382	2.77011350199613782
324490380.523225367069	1513317.100679086288	-3289542.805468835402	-525720.734991626116	1.84588392567331527	-2.11346127701203956	2.77013778386260556
324490380.539650380611	1513314.474205200328	-3289553.456776243169	-525665.199120810372	1.84585608865423456	-2.11345559366858193	2.77016248434767265
324490380.556075394154	1513311.847367380280	-3289564.107266051695	-525609.663151961751	1.84582761789824046	-2.11344976638520965	2.77018779029386142
324490380.572500407696	1513309.220111376839	-3289574.757023152895	-525554.127024227520	1.84579914658871047	-2.11344393946475595	2.77021309681677197
324490380.588925361633	1513306.592514530057	-3289585.405945865437	-525498.590987456613	1.84577067492791969	-2.11343811295889283	2.77023840373783337
324490380.605350375175	1513303.964511776110	-3289596.054121757858	-525443.054628096055	1.84574220250317933	-2.11343228678181516	2.77026371142369809
324490380.621775388718	1513301.336134869838	-3289606.701487663202	-525387.518161852146	1.84571372952331592	-2.11342646097119502	2.77028901968814489
324490380.638200402260	1513298.707378454506	-3289617.348130825441	-525331.981535308762	1.84568579053158022	-2.11342033100769910	2.77031381296853940
324490380.654625415802	1513296.078240839066	-3289627.993947615381	-525276.444824144011	1.84565866848462434	-2.11341373563983748	2.77033781835468362
324490380.671050369740	1513293.448740439955	-3289638.639001088683	-525220.908149025054	1.84563154583328037	-2.11340714061661483	2.77036182436977763
324490380.687475383282	1513290.818824195070	-3289649.283286638558	-525165.371164617594	1.84560442258738289	-2.11340054591703641	2.77038583100233948
324490380.703900396824	1513288.188541134587	-3289659.926749874838	-525109.834073209320	1.84557729874038867	-2.11339395155512033	2.77040983826001064
324490380.720325410366	1513285.557884259149	-3289670.569506697822	-525054.296827668906	1.84555017429394330	-2.11338735752737694	2.77043384614086907
324490380.736750364304	1513282.926850736840	-3289681.211378226522	-524998.759684661636	1.84552279035629141	-2.11338094565524726	2.77045813035672461
324490380.753175377846	1513280.295427371981	-3289691.852576509118	-524943.222176265437	1.84549455815904162	-2.11337512869268229	2.77048331777933532
324490380.769600391388	1513277.663623647997	-3289702.492934080306	-524887.684580105240	1.84546632540970523	-2.11336931209519330	2.77050850577744656
324490380.786025404930	1513275.031435118755	-3289713.132554626092	-524832.146837053122	1.84543809210829846	-2.11336349586279093	2.77053369435104058
324490380.802450418472	1513272.398870733334	-3289723.771363058593	-524776.608995971503	1.84540985804612134	-2.11335767996141355	2.77055888368735825
324490380.818875372410	1513269.765916206175	-3289734.409400085453	-524721.071207262808	1.84538162384934346	-2.11335186449330026	2.77058407322460942
324490380.835300385952	1513267.132619390963	-3289745.046638264321	-524665.533100406989	1.84535346154320190	-2.11334606432434313	2.77060921389712700
324490380.851725399494	1513264.498894688673	-3289755.683161321562	-524609.994858545368	1.84532559371437577	-2.11334032525500559	2.77063415360181509
324490380.868150413036	1513261.864794827299	-3289766.318864859641	-524554.456503742607	1.84529772534720804	-2.11333458654246975	2.77065909386778930
324490380.884575366974	1513259.230337569723	-3289776.953732675407	-524498.918239790015	1.84526985643680796	-2.11332884819725209	2.77068403470076241
324490380.901000380516	1513256.595494229347	-3289787.587902754545	-524443.379614885082	1.84524198699136899	-2.11332311020185415	2.77070897609116873
324490380.917425394058	1513253.960251939716	-3289798.221257391851	-524387.840888808249	1.84521411700763682	-2.11331737256329255	2.77073391804281233
324490380.933850407600	1513251.324649996124	-3289808.853851713240	-524332.302032280830	1.84518621744748135	-2.11331162968571018	2.77075889489629690
324490380.950275361538	1513248.688664715039	-3289819.485647916328	-524276.763253303245	1.84515785276055100	-2.11330579764281890	2.77078442179155848
324490380.966700375080	1513246.052294762805	-3289830.116659767460	-524221.224153154588	1.84512948730735804	-2.11329996593401770	2.77080994945608827
324490380.983125388622	1513243.415526486933	-3289840.746916183736	-524165.684925353853	1.84510112129758141	-2.11329413459351256	2.77083547770016647
324490380.999550402164	1513240.778401404619	-3289851.376371352468	-524110.145577258198	1.84507275472633525	-2.11328830363182307	2.77086100652950185
324490381.015975415707	1513238.140896193217	-3289862.005096299108	-524054.606082382961	1.84504438759853784	-2.11328247303845362	2.77088653593835099
324490381.032400369644	1513235.503002270823	-3289872.632963215001	-523999.066679657495	1.84501609392595411	-2.11327664837078144	2.77091200806644089
324490381.048825383186	1513232.864715525880	-3289883.260087282397	-523943.526960400981	1.84498930483286894	-2.11327093691610157	2.77093630407024616
324490381.065250396729	1513230.227284944151	-3289893.886873465963	-523887.987196264497	1.84496251521864685	-2.11326522580256171	2.77096060061741811
324490381.081675410271	1513227.588251184439	-3289904.512466745451	-523832.447212848812	1.84493572508820547	-2.11325951501966802	2.77098489770221734
324490381.098100364208	1513224.948817224940	-3289915.137289290782	-523776.907284718822	1.84490893463816086	-2.11325380460424261	2.77100919514575850
324490381.114525377750	1513222.309027476236	-3289925.761294568889	-523721.367057683878	1.84488214347042256	-2.11324809449317730	2.77103349331149040
324490381.130950391293	1513219.668858043151	-3289936.384519121144	-523665.826716404234	1.84485535178650362	-2.11324238471278880	2.77105779201480962
324490381.147375404835	1513217.028287405847	-3289947.006983519532	-523610.286238504981	1.84482684043893119	-2.11323648622501148	2.77108345170151571
324490381.163800418377	1513214.387356391409	-3289957.628649356775	-523554.745646250667	1.84479765706692911	-2.11323051429635944	2.77110964333971355
324490381.180225372314	1513211.746031840099	-3289968.249524678569	-523499.205122691696	1.84476847310890890	-2.11322454275666516	2.77113583558776355
324490381.196650385857	1513209.104340984253	-3289978.869633913506	-523443.664270605717	1.84473928856162406	-2.11321857161294924	2.77116202844945914
324490381.213075399399	1513206.462236275198	-3289989.488995898515	-523388.123296808335	1.84471010342999198	-2.11321260085471696	2.77118822191906222
324490381.229500412941	1513203.819785048487	-3290000.107534142211	-523332.582210187276	1.84468091770913323	-2.11320663049249013	2.77121441600227181
324490381.245925366879	1513201.176935508149	-3290010.725296830293	-523277.041181761189	1.84465298663759936	-2.11320104268115383	2.77123971290510562
324490381.262350380421	1513198.533718850464	-3290021.342307757121	-523221.499827950902	1.84462524064404776	-2.11319551176755116	2.77126487765024043
324490381.278775393963	1513195.890111390967	-3290031.958529117983	-523165.958356757532	1.84459749413103191	-2.11318998121242263	2.77129004293704062
324490381.295200407505	1513193.246126142098	-3290042.573964925017	-523110.416774234269	1.84456974709856847	-2.11318445101577801	2.77131520876548887
324490381.311625361443	1513190.601768413326	-3290053.188594488893	-523054.875251441204	1.84454199954504428	-2.11317892118113360	2.77134037513747078
324490381.328050374985	1513187.957023368217	-3290063.802473670337	-522999.333409088897	1.84451425147374004	-2.11317339170149410	2.77136554204916008
324490381.344475388527	1513185.311892027035	-3290074.415591883939	-522943.791439083812	1.84448582600616962	-2.11316753659665979	2.77139110295947955
324490381.360900402069	1513182.666395567358	-3290085.027911631390	-522888.249342841387	1.84445707541224424	-2.11316152556741965	2.77141685312435859
324490381.377325415611	1513180.020497396588	-3290095.639456825331	-522832.707135271572	1.84442832423928471	-2.11315551491120868	2.77144260389161623
324490381.393750369549	1513177.374234085670	-3290106.250183448661	-522777.164987314900	1.84439957269161692	-2.11314950468103646	2.77146835507943345
324490381.410175383091	1513174.727579048835	-3290116.860176712275	-522721.622528880718	1.84437082035411826	-2.11314349478492902	2.77149410705901023
324490381.426600396633	1513172.080546792829	-3290127.469398790039	-522666.079933827394	1.84434206743274354	-2.11313748527239831	2.77151985964662639
324490381.443025410175	1513169.433133865241	-3290138.077830598224	-522610.537218476878	1.84431376243010869	-2.11313170362454095	2.77154516157661712
324490381.459450364113	1513166.785343298223	-3290148.685434952844	-522554.994588034577	1.84428565566740388	-2.11312602317129672	2.77157026406565921
324490381.475875377655	1513164.137166479137	-3290159.292298431043	-522499.451644086337	1.84425754837076838	-2.11312034307313379	2.77159536711119836
324490381.492300391197	1513161.488626006525	-3290169.898409111891	-522443.908544282429	1.84422944053369964	-2.11311466334407694	2.77162047072083029
324490381.508725404739	1513158.839677336160	-3290180.503743225243	-522388.365330121480	1.84420133216273352	-2.11310898397012492	2.77164557488692509
324490381.525150418282	1513156.190377555089	-3290191.108246759046	-522332.822003017121	1.84417322325136701	-2.11310330496530119	2.77167067961707847
324490381.541575372219	1513153.540690660710	-3290201.711983535904	-522277.278737256536	1.84414504083384578	-2.11309760489003073	2.77169582876685983
324490381.558000385761	1513150.890598012833	-3290212.314973410685	-522221.735148908920	1.84411678497678988	-2.11309188381545043	2.77172102241952967
324490381.574425399303	1513148.240143192001	-3290222.917169506662	-522166.191443292540	1.84408852857451211	-2.11308616310968089	2.77174621664101917
324490381.590850412846	1513145.589319691295	-3290233.518569816370	-522110.647617377166	1.84406027162702979	-2.11308044277273188	2.77177141143131056
324490381.607275366783	1513142.938110208139	-3290244.119145464152	-522055.103870432184	1.84403201413599205	-2.11307472280111641	2.77179660678848183
324490381.623700380325	1513140.286505833035	-3290254.719026599545	-521999.559783273551	1.84400375610304268	-2.11306900319133995	2.77182180271061540
324490381.640125393867	1513137.635739516700	-3290265.318529788405	-521944.015668973967	1.84397569469448031	-2.11306331868070130	2.77184680721726817
324490381.656550407410	1513134.983383823652	-3290275.916851444636	-521888.471327925101	1.84394782328943263	-2.11305766810432916	2.77187162675558341
324490381.672975361347	1513132.330640717177	-3290286.514302753843	-521832.927095464023	1.84391995156278621	-2.11305201791225139	2.77189644665972912
324490381.689400374889	1513129.677525345469	-3290297.111067727674	-521777.382494584483	1.84389207909915620	-2.11304636804574342	2.77192126730260346
324490381.705825388432	1513127.024018844590	-3290307.707006939221	-521721.837811996462	1.84386420610951429	-2.11304071852717890	2.77194608849393154
324490381.722250401974	1513124.370139667299	-3290318.302203543484	-521666.292982522224	1.84383633258899327	-2.11303506936708185	2.77197091023939901
324490381.738675415516	1513121.715875373455	-3290328.896581253037	-521610.748043018451	1.84380839731814161	-2.11302940463563349	2.77199596897485723
324490381.755100369453	1513119.061239564326	-3290339.490183987655	-521555.203158913297	1.84378034293487114	-2.11302370942490558	2.77202148620565980
324490381.771525382996	1513116.406212916831	-3290350.083039001096	-521499.657961191901	1.84375228801144009	-2.11301801457815985	2.77204700399884896
324490381.787950396538	1513113.750801163726	-3290360.675075116567	-521444.112653442542	1.84372423254623641	-2.11301232009890860	2.77207252235630852
324490381.804375410080	1513111.095015916508	-3290371.266382950358	-521388.567201945523	1.84369617654090567	-2.11300662598366262	2.77209804127612003
324490381.820800364017	1513108.438866926823	-3290381.856852983590	-521333.021838267741	1.84366812019636561	-2.11300093227963082	2.77212356057623621
324490381.837225377560	1513105.782321440754	-3290392.446544100530	-521277.476153420575	1.84364006310595618	-2.11299523890293806	2.77214908062639376
324490381.853650391102	1513103.125385711901	-3290403.035527402535	-521221.930314325611	1.84361200547384407	-2.11298954589378774	2.77217460124075021
324490381.870075404644	1513100.468082822161	-3290413.623673919588	-521166.384393522982	1.84358394730004749	-2.11298385325219185	2.77220012241928648
324490381.886500418186	1513097.810406385688	-3290424.211046516895	-521110.838330159488	1.84355588858295882	-2.11297816098166891	2.77222564416388417
324490381.902925372124	1513095.152334949235	-3290434.797604640946	-521055.292354731821	1.84352782932584836	-2.11297246907522140	2.77225116647072678
324490381.919350385666	1513092.493884926196	-3290445.383452622686	-520999.746018240578	1.84349976952710715	-2.11296677753636608	2.77227668934169547
324490381.935775399208	1513089.835060129175	-3290455.968519703951	-520944.199579389649	1.84347165186496098	-2.11296105849558957	2.77230222794687897
324490381.952200412750	1513087.175843749428	-3290466.552765867673	-520888.653027484252	1.84344320301547748	-2.11295517907468078	2.77232785463132902
324490381.968625366688	1513084.516270919703	-3290477.136214449536	-520833.106550334371	1.84341475380953601	-2.11294930006595738	2.77235348171566542
324490381.985050380230	1513081.856297865510	-3290487.718908591196	-520777.559747565188	1.84338630382989033	-2.11294342139335978	2.77237910957688793
324490382.001475393772	1513079.195933159208	-3290498.300849219784	-520722.012820173637	1.84335785328681401	-2.11293754309143500	2.77240473802457377
324490382.017900407314	1513076.535221921746	-3290508.881987832487	-520666.465769572242	1.84332940217544650	-2.11293166517070707	2.77243036706439883
324490382.034325361252	1513073.874106147559	-3290519.462327035144	-520610.918784525886	1.84330104324777055	-2.11292586429811413	2.77245587765711843
324490382.050750374794	1513071.212610572111	-3290530.041949106846	-520555.371478618355	1.84327316315056988	-2.11292046006535461	2.77248077358236911
324490382.067175388336	1513068.550717968727	-3290540.620757760014	-520499.824062684958	1.84324528254798792	-2.11291505618517261	2.77250567003535053
324490382.083600401878	1513065.888462849660	-3290551.198823086452	-520444.276496950712	1.84321740143679169	-2.11290965266458519	2.77253056701983791
324490382.100025415421	1513063.225847654045	-3290561.776067998726	-520388.728827240469	1.84318951981699741	-2.11290424950360212	2.77255546453581481
324490382.116450369358	1513060.562815966550	-3290572.352518997621	-520333.181223086605	1.84316163789801402	-2.11289884672630146	2.77258036239435413
324490382.132875382900	1513057.899437644985	-3290582.928209856618	-520277.633299488341	1.84313375526433521	-2.11289344427755355	2.77260526096945359
324490382.149300396442	1513055.235658708727	-3290593.503089989536	-520222.085271803488	1.84310457246218129	-2.11288754210547447	2.77263130246264033
324490382.165725409985	1513052.571491740877	-3290604.077213903423	-520166.537113551749	1.84307511712099004	-2.11288153568332904	2.77265758360986458
324490382.182150363922	1513049.906982886605	-3290614.650522503536	-520110.989018057240	1.84304566117937396	-2.11287552966891745	2.77268386538287626
324490382.198575377464	1513047.242050801171	-3290625.223118949216	-520055.440592622035	1.84301620464709859	-2.11286952404123074	2.77271014777027736
324490382.215000391006	1513044.577979957452	-3290635.795355631039	-519999.892144571175	1.84298674751605973	-2.11286351881779977	2.77273643078153009
324490382.231425404549	1513041.912286786363	-3290646.366371415090	-519944.343478541530	1.84295728979277507	-2.11285751398462462	2.77276271440902988
324490382.247850418091	1513039.246221452486	-3290656.936594059691	-519888.794698156067	1.84292954473239567	-2.11285169330088696	2.77278758933434410
324490382.264275372028	1513036.579802272376	-3290667.506006888114	-519833.245980526379	1.84290183122242479	-2.11284587643243649	2.77281243841065761
324490382.280700385571	1513033.912981400033	-3290678.074686980806	-519777.696955333464	1.84287411696877856	-2.11284005987266754	2.77283728823250053
324490382.297125399113	1513031.245773350354	-3290688.642596513033	-519722.147796433768	1.84284640216988826	-2.11283424366968919	2.77286213862268749
324490382.313550412655	1513028.578191281529	-3290699.209717709571	-519666.598520267813	1.84281868682739303	-2.11282842782000957	2.77288698957930713
324490382.329975366592	1513025.910257389070	-3290709.776002493221	-519611.049320150865	1.84279097093805988	-2.11282261233064661	2.77291184110613464
324490382.346400380135	1513023.241903885268	-3290720.341572413221	-519555.499784151500	1.84276325451002099	-2.11281679718409299	2.77293669319367986
324490382.362825393677	1513020.573181145592	-3290730.906353886705	-519499.950142766233	1.84273553753679908	-2.11281098239437659	2.77296154584950649
324490382.379250407219	1513017.904086954193	-3290741.470334808808	-519444.400372115546	1.84270782001840994	-2.11280516796151030	2.77298639907359723
324490382.395675361156	1513015.234599426156	-3290752.033525118604	-519388.850670159853	1.84268010216305522	-2.11279935391255203	2.77301125267736559
324490382.412100374699	1513012.564722745446	-3290762.595991555136	-519333.300635350635	1.84265238356087035	-2.11279354017939980	2.77303610703036041
324490382.428525388241	1513009.894484319957	-3290773.157635434996	-519277.750505423581	1.84262466441194173	-2.11278772680663662	2.77306096195346674
324490382.444950401783	1513007.223865105072	-3290783.718517677393	-519222.200233048876	1.84259646487822182	-2.11278232327378035	2.77308646871871867
324490382.461375415325	1513004.552861789707	-3290794.278612266760	-519166.649846318585	1.84256814681682557	-2.11277702082460772	2.77311213619787322
324490382.477800369263	1513001.881478995318	-3290804.837905917317	-519111.099531199434	1.84253982824531781	-2.11277171875190461	2.77313780420979272
324490382.494225382805	1512999.209704295965	-3290815.396449204534	-519055.548884638352	1.84251150916858397	-2.11276641704516832	2.77316347274877906
324490382.510650396347	1512996.537562252721	-3290825.954199221916	-518999.998135602567	1.84248318958015789	-2.11276111571842806	2.77318914182238130
324490382.527075409889	1512993.865023866063	-3290836.511195797473	-518944.447250062018	1.84245486948654746	-2.11275581475767815	2.77321481142300730
324490382.543500363827	1512991.192139162216	-3290847.067348429002	-518888.896437546355	1.84242635528156939	-2.11275018352497002	2.77324053605496257
324490382.559925377369	1512988.518846158637	-3290857.622788079083	-518833.345304055256	1.84239772679033109	-2.11274435892564760	2.77326629348352505
324490382.576350390911	1512985.845167900668	-3290868.177437475417	-518777.794038389053	1.84236909773740964	-2.11273853470113426	2.77329205149691038
324490382.592775404453	1512983.171116844518	-3290878.731301108841	-518722.242673276225	1.84234046811957941	-2.11273271085844883	2.77331781009888534
324490382.609200417995	1512980.496695958776	-3290889.284388069995	-518666.691159659531	1.84231183793685926	-2.11272688739760506	2.77334356928943082
324490382.625625371933	1512977.821898668772	-3290899.836657002103	-518611.139737004822	1.84228320719088789	-2.11272106431511109	2.77336932906663636
324490382.642050385475	1512975.146694218041	-3290910.388155048713	-518555.588011002226	1.84225562901126394	-2.11271540028728833	2.77339433158702331
324490382.658475399017	1512972.471137300367	-3290920.938930818345	-518500.036121900077	1.84222868741316392	-2.11270983261085998	2.77341887618625060
324490382.674900412560	1512969.795176256448	-3290931.488898518495	-518444.484134650207	1.84220174530750147	-2.11270426527015509	2.77344342131425670
324490382.691325366497	1512967.118843113072	-3290942.038038082421	-518388.932217515714	1.84217480289198132	-2.11269869830095303	2.77346796679037455
324490382.707750380039	1512964.442137609236	-3290952.586448141839	-518333.379979406018	1.84214785976638473	-2.11269313164224126	2.77349251298155819
324490382.724175393581	1512961.765041404637	-3290963.134075449314	-518277.827612145629	1.84212091613489060	-2.11268756531578061	2.77351705969958395
324490382.740600407124	1512959.087578582810	-3290973.680902068503	-518222.275127499772	1.84209330592548359	-2.11268190485819929	2.77354204780472324
324490382.757025361061	1512956.409725251375	-3290984.226964530535	-518166.722710138769	1.84206489842691012	-2.11267613174968805	2.77356756382220615
324490382.773450374603	1512953.731482075294	-3290994.772250010632	-518111.169974632969	1.84203649037790229	-2.11267035900596989	2.77359308041282038
324490382.789875388145	1512951.054100228939	-3291005.317175727803	-518055.617216517159	1.84200808177200148	-2.11266458664107804	2.77361859758410745
324490382.806300401688	1512948.375102664577	-3291015.860882462002	-518000.064243445056	1.84197967261569984	-2.11265881464100236	2.77364411532849076
324490382.822725415230	1512945.695706929313	-3291026.403855398297	-517944.511132338434	1.84195126290577860	-2.11265304301276746	2.77366963364973174
324490382.839150369167	1512943.015969419852	-3291036.946012970526	-517888.958083988400	1.84192323982561179	-2.11264710037568681	2.77369461823139574
324490382.855575382710	1512940.335831285920	-3291047.487401648425	-517833.404735315766	1.84189573018944053	-2.11264093055475888	2.77371889406687799
324490382.872000396252	1512937.655317642726	-3291058.027978050057	-517777.851288613630	1.84186821998434347	-2.11263476107615267	2.77374317049488539
324490382.888425409794	1512934.974426733330	-3291068.567811864894	-517722.297683139564	1.84184070921033172	-2.11262859193988062	2.77376744751540683
324490382.904850363731	1512932.293154834071	-3291079.106820809189	-517666.744168514037	1.84181319806923049	-2.11262242318608839	2.77379172494972792
324490382.921275377274	1512929.611490263604	-3291089.645108541008	-517611.190326973679	1.84178568615742844	-2.11261625473451709	2.77381600315523613
324490382.937700390816	1512926.929460986517	-3291100.182575900573	-517555.636369579122	1.84175796808894199	-2.11261016949939417	2.77384058160254643
324490382.954125404358	1512924.247030649800	-3291110.719304747414	-517500.082265180012	1.84172972426485737	-2.11260429633174374	2.77386592611740657
324490382.970550417900	1512921.564231323544	-3291121.255223318934	-517444.528065776220	1.84170147988085686	-2.11259842353120764	2.77389127121543755
324490382.986975371838	1512918.881078278180	-3291131.790332019329	-517388.973929130763	1.84167323493372326	-2.11259255110481048	2.77391661690039637
324490383.003400385380	1512916.197508628946	-3291142.324730507564	-517333.419465570478	1.84164498943155941	-2.11258667903503650	2.77394196316282837
324490383.019825398922	1512913.513556988444	-3291152.858314702753	-517277.864900951390	1.84161674336952963	-2.11258080733241460	2.77396731000838059
324490383.036250412464	1512910.829241054133	-3291163.391114683822	-517222.310184799193	1.84158870084888648	-2.11257508256958149	2.77399253381580246
324490383.052675366402	1512908.144556192448	-3291173.923129906878	-517166.755558314326	1.84156119841074850	-2.11256974624998595	2.77401743066348727
324490383.069100379944	1512905.459469267866	-3291184.454417196102	-517111.200592916226	1.84153369527393007	-2.11256441024746788	2.77404232821314611
324490383.085525393486	1512902.774003957864	-3291194.984887490515	-517055.645520515915	1.84150619164019314	-2.11255907459613246	2.77406722628157132
324490383.101950407028	1512900.088155696169	-3291205.514579598326	-517000.090339818504	1.84147868751117350	-2.11255373929248647	2.77409212486685641
324490383.118375360966	1512897.401952698361	-3291216.043452307582	-516944.535215821350	1.84145118288042320	-2.11254840435056179	2.77411702397653004
324490383.134800374508	1512894.715339621529	-3291226.571616801899	-516888.979767937388	1.84142367775765781	-2.11254306974933659	2.77414192359925460
324490383.151225388050	1512892.028370102635	-3291237.098979884293	-516833.424199755420	1.84139446453944844	-2.11253722471773164	2.77416798231900152
324490383.167650401592	1512889.341010246426	-3291247.625531466212	-516777.868524576887	1.84136515115420840	-2.11253135028377370	2.77419410920950060
324490383.184075415134	1512886.653252418851	-3291258.151327440049	-516722.312721744995	1.84133583719081795	-2.11252547623906084	2.77422023670217799
324490383.200500369072	1512883.965140905231	-3291268.676313527860	-516666.756981667364	1.84130652286096330	-2.11251960262860994	2.77424636460865548
324490383.216925382614	1512881.276630264474	-3291279.200576371048	-516611.200911648921	1.84127720773648917	-2.11251372937294457	2.77427249331128056
324490383.233350396156	1512878.587758163456	-3291289.723994811531	-516555.644756896538	1.84124804966093047	-2.11250785831599375	2.77429851520805260
324490383.249775409698	1512875.898477712413	-3291300.246687040199	-516500.088455254270	1.84122031133520458	-2.11250200386528464	2.77432356986603912
324490383.266200363636	1512873.208853977965	-3291310.768539974466	-516444.532235604594	1.84119257245491252	-2.11249614978147671	2.77434862510203128
324490383.282625377178	1512870.518822753569	-3291321.289672464598	-516388.975680074713	1.84116483302814671	-2.11249029604705596	2.77437368090658776
324490383.299050390720	1512867.828407712281	-3291331.809995453805	-516333.419020570989	1.84113709305330508	-2.11248444266553737	2.77439873728157949
324490383.315475404263	1512865.137622266775	-3291342.329549119808	-516277.862227472069	1.84110935252717289	-2.11247858964394464	2.77442379423076080
324490383.331900417805	1512862.446457357844	-3291352.848343665712	-516222.305309751944	1.84108161145138283	-2.11247273697878590	2.77444885175222922
324490383.348325371742	1512859.754932719981	-3291363.366275812034	-516166.748484293988	1.84105322822341844	-2.11246696833100867	2.77447457309674128
324490383.364750385284	1512857.064208018128	-3291373.883958583698	-516111.191401399090	1.84102477944302145	-2.11246120845601837	2.77450036218061147
324490383.381175398827	1512854.371902050916	-3291384.400381868705	-516055.634122786520	1.84099633010543773	-2.11245544896081983	2.77452615184487827
324490383.397600412369	1512851.679203623440	-3291394.916042012628	-516000.076713498856	1.84096788021230240	-2.11244968984192072	2.77455194208763656
324490383.414025366306	1512848.986147403950	-3291405.430880570319	-515944.519398200442	1.84093942976201808	-2.11244393110283957	2.77457773291075327
324490383.430450379848	1512846.292680803454	-3291415.944993971847	-515888.961738046666	1.84091097875944354	-2.11243817273306789	2.77460352430855917
324490383.446875393391	1512843.598870825022	-3291426.458309951238	-515833.403963654535	1.84088313998782716	-2.11243291003027656	2.77462854521899027
324490383.463300406933	1512840.904658433981	-3291436.970841694158	-515777.846071879612	1.84085535116191457	-2.11242768844527662	2.77465350317820780
324490383.479725360870	1512838.210083340760	-3291447.482573737390	-515722.288251829799	1.84082756204999565	-2.11242246724910032	2.77467846146577779
324490383.496150374413	1512835.515114775160	-3291457.993553222623	-515666.730109190801	1.84079977224444402	-2.11241724637524353	2.77470342044894780
324490383.512575387955	1512832.819774261210	-3291468.503739467822	-515611.171852198720	1.84077198194748815	-2.11241202586048393	2.77472837994594901
324490383.529000401497	1512830.124029475497	-3291479.013146284968	-515555.613474911777	1.84074419116398547	-2.11240680569431261	2.77475333995111439
324490383.545425415039	1512827.427906837082	-3291489.521817867178	-515500.054953759653	1.84071590767584747	-2.11240116163494562	2.77477875316479672
324490383.561850368977	1512824.731430868153	-3291500.029650821351	-515444.496517516789	1.84068746264673355	-2.11239537919789422	2.77480431501815028
324490383.578275382519	1512822.034561588429	-3291510.536709429231	-515388.937769070501	1.84065901706510449	-2.11238959712663554	2.77482987744672771
324490383.594700396061	1512819.337312885793	-3291521.043008896522	-515333.378895999631	1.84063057092775373	-2.11238381542819686	2.77485544045427357
324490383.611125409603	1512816.639678945765	-3291531.548539815936	-515277.819880364987	1.84060212423469771	-2.11237803410258707	2.77488100404077098
324490383.627550363541	1512813.941657089628	-3291542.053229419049	-515222.260977846861	1.84057367719616605	-2.11237225318363375	2.77490656801629010
324490383.643975377083	1512811.243278314592	-3291552.557209951803	-515166.701726264611	1.84054518826513247	-2.11236671801850351	2.77493233148793594
324490383.660400390625	1512808.544488777407	-3291563.060409042519	-515111.142351354472	1.84051668388874612	-2.11236127224824166	2.77495816759791891
324490383.676825404167	1512805.845354321646	-3291573.562786794268	-515055.582881443319	1.84048817898292172	-2.11235582686264589	2.77498400426052916
324490383.693250417709	1512803.145822669379	-3291584.064401493873	-515000.023268970021	1.84045967355251383	-2.11235038185120771	2.77500984147010366
324490383.709675371647	1512800.445906276582	-3291594.565222668462	-514944.463731136115	1.84043116759593084	-2.11234493721744565	2.77503567922850358
324490383.726100385189	1512797.745623304276	-3291605.065284966026	-514888.903879681486	1.84040266111158246	-2.11233949296487733	2.77506151753758745
324490383.742525398731	1512795.044939693529	-3291615.564565119799	-514833.343901991379	1.84037430829199500	-2.11233381003183585	2.77508697354203893
324490383.758950412273	1512792.343887629453	-3291626.063071099576	-514777.783793623734	1.84034607055281207	-2.11232794819445768	2.77511214300285092
324490383.775375366211	1512789.642475069268	-3291636.560728980228	-514722.223780657398	1.84031783246484770	-2.11232208675575750	2.77513731285753451
324490383.791800379753	1512786.940650808625	-3291647.057676474564	-514666.663452661422	1.84028959361396405	-2.11231622563994348	2.77516248347640149
324490383.808225393295	1512784.238462389680	-3291657.553839694709	-514611.102973133849	1.84026135420242154	-2.11231036489545199	2.77518765467991102
324490383.824650406837	1512781.535872651264	-3291668.049228167627	-514555.542382278305	1.84023311423667701	-2.11230450450826845	2.77521282646052958
324490383.841075360775	1512778.832928500837	-3291678.543835889082	-514499.981858704705	1.84020506065089884	-2.11229880349711108	2.77523793885015602
324490383.857500374317	1512776.129581128247	-3291689.037648148835	-514444.421036225918	1.84017716627806749	-2.11229323869996577	2.77526300053883324
324490383.873925387859	1512773.425867046928	-3291699.530688339379	-514388.860074215452	1.84014927137922202	-2.11228767426466613	2.77528806277638829
324490383.890350401402	1512770.721756978426	-3291710.022968054749	-514333.298987461720	1.84012137595598779	-2.11228211018771406	2.77531312556092669
324490383.906775414944	1512768.017291781725	-3291720.514434030745	-514277.737796853355	1.84009348000838413	-2.11227654646912466	2.77533818889242934
324490383.923200368881	1512765.313667412614	-3291731.005557173863	-514222.176741391420	1.84006558374102469	-2.11227098314464579	2.77536325258648420
324490383.939625382423	1512762.608417896787	-3291741.495446298737	-514166.615321958030	1.84003743524105445	-2.11226532312167770	2.77538855036956722
324490383.956050395966	1512759.902798826806	-3291751.984604278114	-514111.053752834443	1.84000890863893729	-2.11225951781820243	2.77541419903708642
324490383.972475409508	1512757.196810448775	-3291762.472956766840	-514055.492057360068	1.83998038147377074	-2.11225371289681840	2.77543984829150192
324490383.988900363445	1512754.490440281807	-3291772.960520412773	-513999.930445493781	1.83995185374879044	-2.11224790835052278	2.77546549812904031
324490384.005325376987	1512751.783694318030	-3291783.447296663187	-513944.368518395873	1.83992332546401349	-2.11224210417932845	2.77549114854968471
324490384.021750390530	1512749.076549539343	-3291793.933353351429	-513888.806456405728	1.83989479662267508	-2.11223630037623389	2.77551679954966213
324490384.038175404072	1512746.369029990397	-3291804.418612055015	-513833.244271090720	1.83986731944117832	-2.11223036704584866	2.77554171176942299
324490384.054600417614	1512743.661130205030	-3291814.903080282267	-513777.681965479685	1.83984147486983307	-2.11222423242110890	2.77556547698583733
324490384.071025371552	1512740.952853223542	-3291825.386720852926	-513722.119744774071	1.83981562994708980	-2.11221809815109696	2.77558924258927764
324490384.087450385094	1512738.244200367015	-3291835.869641432539	-513666.557197271031	1.83978978429354911	-2.11221196415605972	2.77561300892966933
324490384.103875398636	1512735.535154271405	-3291846.351767519023	-513610.994523414993	1.83976393809892214	-2.11220583047589106	2.77563677583203861
324490384.120300412178	1512732.825720459688	-3291856.833137232345	-513555.431718991953	1.83973809136482513	-2.11219969710709510	2.77566054329449940
324490384.136725366116	1512730.115946868900	-3291867.313621790148	-513499.869038071425	1.83971211205408580	-2.11219357099670679	2.77568441162640100
324490384.153150379658	1512727.405752615770	-3291877.793410537764	-513444.305993058020	1.83968277120262802	-2.11218762172002261	2.77571083382899531
324490384.169575393200	1512724.695203874726	-3291888.272460394073	-513388.742819093051	1.83965342975726975	-2.11218167284779890	2.77573725665005355
324490384.186000406742	1512721.984257018426	-3291898.750650984701	-513333.179564719787	1.83962408772445718	-2.11217572436601930	2.77576368008205687
324490384.202425360680	1512719.272950001992	-3291909.228051384911	-513277.616359693871	1.83959474531287470	-2.11216977632725778	2.77579010393822090
324490384.218850374222	1512716.561237562448	-3291919.704772086348	-513222.052820512443	1.83956540209879171	-2.11216382864043650	2.77581652859954708
324490384.235275387764	1512713.849166540662	-3291930.180614311248	-513166.489194981521	1.83953646300541385	-2.11215791674282904	2.77584265603654456
324490384.251700401306	1512711.136709559243	-3291940.655717118643	-513110.925431418989	1.83950900346310164	-2.11215213464030338	2.77586769479718720
324490384.268125414848	1512708.423858524067	-3291951.130039750598	-513055.361544645508	1.83948154338405989	-2.11214635288320940	2.77589273411604598
324490384.284550368786	1512705.710648669163	-3291961.603552994318	-512999.797735423606	1.83945408276027278	-2.11214057148909751	2.77591777400247697
324490384.300975382328	1512702.997056608554	-3291972.076322443783	-512944.233606755675	1.83942662159978632	-2.11213479044044039	2.77594281444709257
324490384.317400395870	1512700.283060949529	-3291982.548326783348	-512888.669332499499	1.83939915990101088	-2.11212900974075923	2.77596785545175173
324490384.333825409412	1512697.568713288289	-3291993.019515130203	-512833.104975123308	1.83937169765914343	-2.11212322940058694	2.77599289702206020
324490384.350250363350	1512694.853966104798	-3292003.489910700358	-512777.540683414263	1.83934275555238425	-2.11211730806381537	2.77601888876770531
324490384.366675376892	1512692.138854726683	-3292013.959563836455	-512721.976043943781	1.83931380740276351	-2.11211138657986019	2.77604488468046195
324490384.383100390434	1512689.423336941749	-3292024.428420981858	-512666.411318322702	1.83928485867691549	-2.11210546547459099	2.77607088119270262
324490384.399525403976	1512686.707459037192	-3292034.896508026868	-512610.846456195519	1.83925590937004357	-2.11209954475854378	2.77609687831002727
324490384.415950417519	1512683.991192430956	-3292045.363829159178	-512555.281457445526	1.83922695948377091	-2.11209362442822401	2.77612287603054364
324490384.432375371456	1512681.274560125545	-3292055.830302717164	-512499.716568899108	1.83919804593826086	-2.11208773293127283	2.77614883984831273
324490384.448800384998	1512678.557530466467	-3292066.296076832805	-512444.151331171743	1.83917009596285408	-2.11208258453446529	2.77617390315181600
324490384.465225398540	1512675.840126253664	-3292076.761031149421	-512388.585980502190	1.83914214550166655	-2.11207743649660129	2.77619896696332358
324490384.481650412083	1512673.122342768125	-3292087.225226254202	-512333.020505212538	1.83911419455472047	-2.11207228881769327	2.77622403128281370
324490384.498075366020	1512670.405412747059	-3292097.689000751823	-512277.455207985651	1.83908624332702253	-2.11206714153046704	2.77624909592587565
324490384.514500379562	1512667.686847743811	-3292108.151652330067	-512221.889490687405	1.83905829141022248	-2.11206199456598931	2.77627416125939819
324490384.530925393105	1512664.967942109564	-3292118.613494192250	-512166.323647149373	1.83903033900290902	-2.11205684797102133	2.77629922710645927
324490384.547350406647	1512662.248636999168	-3292129.074563364033	-512110.757683431555	1.83900206494621776	-2.11205123477805401	2.77632457506087871
324490384.563775360584	1512659.528944676742	-3292139.534805528354	-512055.191807534837	1.83897373947004095	-2.11204554798531374	2.77634996819067181
324490384.580200374126	1512656.808896909468	-3292149.994319358375	-511999.625610777235	1.83894541344820905	-2.11203986156463852	2.77637536188949952
324490384.596625387669	1512654.088450516341	-3292160.453046164941	-511944.059290697507	1.83891708688394728	-2.11203417550902595	2.77640075615360038
324490384.613050401211	1512651.367625559913	-3292170.911006348673	-511888.492831085518	1.83888875977567023	-2.11202848982199587	2.77642615098482715
324490384.629475414753	1512648.646425385261	-3292181.368154122028	-511832.926273441350	1.83886043212339434	-2.11202280450355895	2.77645154638316294
324490384.645900368690	1512645.924837716389	-3292191.824503593612	-511777.359781464969	1.83883297913230548	-2.11201690125384900	2.77647587515394356
324490384.662325382233	1512643.202875103801	-3292202.280118701980	-511721.792959547543	1.83880567425870978	-2.11201096116691245	2.77650002314099353
324490384.678750395775	1512640.480521415127	-3292212.734958305024	-511666.226023389958	1.83877836884351864	-2.11200502141061630	2.77652417169216248
324490384.695175409317	1512637.757801444270	-3292223.188997066114	-511610.658969847369	1.83875106288033274	-2.11199908199900355	2.77654832081491820
324490384.711600363255	1512635.034715528367	-3292233.642216945533	-511555.092004357430	1.83872375637237240	-2.11199314292507090	2.77657247050550549
324490384.728025376797	1512632.311208644882	-3292244.094719653483	-511499.524711839855	1.83869644932285459	-2.11198720418181418	2.77659662076017355
324490384.744450390339	1512629.587347316789	-3292254.546422943007	-511443.957290169550	1.83866830229366696	-2.11198129231392340	2.77662174874687695
324490384.760875403881	1512626.863105721772	-3292264.997357485816	-511388.389737818216	1.83863977923192556	-2.11197539268593903	2.77664731439400025
324490384.777300417423	1512624.138483465882	-3292275.447487112600	-511332.822090465459	1.83861125560329075	-2.11196949342806883	2.77667288063125284
324490384.793725371361	1512621.413465217222	-3292285.896843015216	-511277.254492458131	1.83858273140617778	-2.11196359454383309	2.77669844746048611
324490384.810150384903	1512618.688093725592	-3292296.345422186423	-511221.686597271182	1.83855420664060265	-2.11195769603324335	2.77672401488168319
324490384.826575398445	1512615.962341982173	-3292306.793232603464	-511166.118571405590	1.83852568130498217	-2.11195179789982301	2.77674958289669460
324490384.843000411987	1512613.236179675907	-3292317.240261479281	-511110.550422217697	1.83849742890251977	-2.11194605365041799	2.77677505928735391
324490384.859425365925	1512610.509674364934	-3292327.686450940557	-511054.982355022395	1.83846931818352410	-2.11194038953225105	2.77680048817711267
324490384.875850379467	1512607.782759243390	-3292338.131932047661	-510999.413963938772	1.83844120672170197	-2.11193472573688279	2.77682591781268462
324490384.892275393009	1512605.055471518543	-3292348.576588507276	-510943.845462829689	1.83841309471840830	-2.11192906231132227	2.77685134801262645
324490384.908700406551	1512602.327799659688	-3292359.020507615991	-510888.276814830431	1.83838498217526114	-2.11192339925207184	2.77687677877505168
324490384.925125360489	1512599.599768687505	-3292369.463581122458	-510832.708280059451	1.83835686909067753	-2.11191773656265180	2.77690221010181126
324490384.941550374031	1512596.871337534860	-3292379.905950442422	-510777.139387140574	1.83832851778880002	-2.11191204333279359	2.77692779910512844
324490384.957975387573	1512594.142536400119	-3292390.347528525162	-510721.570371013484	1.83829993947186865	-2.11190632103207232	2.77695353838460735
324490384.974400401115	1512591.413338026498	-3292400.788300362881	-510666.001259767858	1.83827136060294394	-2.11190059910473460	2.77697927823899482
324490384.990825414658	1512588.683784411522	-3292411.228301946074	-510610.432023896778	1.83824278117724504	-2.11189487756131999	2.77700501867387262
324490385.007250368595	1512585.953845385695	-3292421.667478601914	-510554.862866993994	1.83821420140913649	-2.11188915642819675	2.77703075949432643
324490385.023675382137	1512583.223509985488	-3292432.105987071060	-510499.293356583046	1.83818562087794990	-2.11188343563512015	2.77705650108078839
324490385.040100395679	1512580.492807072354	-3292442.543627207633	-510443.723768792232	1.83815739261033562	-2.11187791454341589	2.77708187490550440
324490385.056525409222	1512577.761723946780	-3292452.980498571415	-510388.154050323472	1.83812951030464333	-2.11187258956048129	2.77710688754863888
324490385.072950363159	1512575.031474458054	-3292463.417039433960	-510332.584467116336	1.83810162749894435	-2.11186726493127042	2.77713190071386151
324490385.089375376701	1512572.299625729444	-3292473.852337195538	-510277.014511085232	1.83807374419165881	-2.11186194065930444	2.77715691440301882
324490385.105800390244	1512569.567392894765	-3292484.286897594109	-510221.444408160343	1.83804586038280315	-2.11185661674459180	2.77718192861609303
324490385.122225403786	1512566.834786508000	-3292494.720669439994	-510165.874187969079	1.83801797607239847	-2.11185129318714537	2.77720694335306373
324490385.138650417328	1512564.101789414883	-3292505.153637032956	-510110.303875688813	1.83798978222325404	-2.11184585893206833	2.77723222628350941
324490385.155075371265	1512561.368448928930	-3292515.585815682076	-510054.733612866607	1.83796003636604532	-2.11183986752694475	2.77725885356587243
324490385.171500384808	1512558.634689711034	-3292526.017228747252	-509999.163046697038	1.83793028969197092	-2.11183387648177678	2.77728548166686506
