336467206.703372180462 0.000081250000
336467206.703372180462	2787877.183021169621	-1824698.712325472385	-1493674.373313431162	2.07481874404720479	-2.62256186107218037	2.75581980658781456
336467206.719622194767	2787892.967382385861	-1824716.940377376508	-1493623.752089403803	2.07480224220292531	-2.62255591157517509	2.75582699644414753
336467206.735872209072	2787908.751101567876	-1824735.167948160553	-1493573.130522261839	2.07478505833679261	-2.62254970852470981	2.75583446690633549
336467206.752122163773	2787924.534050551709	-1824753.395123645896	-1493522.508786685765	2.07476787435561150	-2.62254350558776972	2.75584193753948403
336467206.768372178078	2787940.317618264351	-1824771.621830296004	-1493471.887197392294	2.07475069026540426	-2.62253730274524477	2.75584940833145176
336467206.784622192383	2787956.099279375281	-1824789.848271567142	-1493421.264588132966	2.07473350606215368	-2.62253110000987899	2.75585687929033263
336467206.800872206688	2787971.880240492988	-1824808.074320696527	-1493370.641619862989	2.07471632174786702	-2.62252489737530636	2.75586435041208011
336467206.817122161388	2787987.660452698823	-1824826.299924286082	-1493320.018491700990	2.07469922708106402	-2.62251875550602209	2.75587179089954049
336467206.833372175694	2788003.440028052777	-1824844.525233207969	-1493269.394828214077	2.07468249276092109	-2.62251285754542440	2.75587910792334867
336467206.849622189999	2788019.218916694634	-1824862.750129692024	-1493218.770805716747	2.07466575833581857	-2.62250695968704406	2.75588642510273019
336467206.865872204304	2788034.997119767591	-1824880.974657130428	-1493168.146436317358	2.07464902380776284	-2.62250106192450883	2.75589374243364027
336467206.882122159004	2788050.774618431926	-1824899.198691287776	-1493117.521933621494	2.07463228917273845	-2.62249516427056806	2.75590105992416934
336467206.898372173309	2788066.551442392636	-1824917.422468351666	-1493066.896869007731	2.07461555443576273	-2.62248926670929317	2.75590837756420326
336467206.914622187614	2788082.327573204879	-1824935.645822144113	-1493016.271434684284	2.07459885709524006	-2.62248341621066006	2.75591570000547836
336467206.930872201920	2788098.103039339185	-1824953.868798599346	-1492965.645683396142	2.07458242436547557	-2.62247789739189407	2.75592305543614158
336467206.947122156620	2788113.877798896749	-1824972.091334431432	-1492915.019785741111	2.07456599166015643	-2.62247237871042360	2.75593041095468694
336467206.963372170925	2788129.651890633162	-1824990.313497628551	-1492864.393329726765	2.07454955873853830	-2.62246686008415253	2.75593776666831713
336467206.979622185230	2788145.425294462126	-1825008.535323190503	-1492813.766531568486	2.07453312572049153	-2.62246134155572630	2.75594512252444179
336467206.995872199535	2788161.198025991209	-1825026.756801606854	-1492763.139379380504	2.07451669260501159	-2.62245582312833170	2.75595247852508329
336467207.012122154236	2788176.969996557571	-1825044.977779921144	-1492712.512050434481	2.07450025939209892	-2.62245030480197361	2.75595983467024075
336467207.028372168541	2788192.741363657638	-1825063.198425637325	-1492661.884218700696	2.07448362643206030	-2.62244451199143969	2.75596705679438569
336467207.044622182846	2788208.512030584272	-1825081.418700159527	-1492611.256038649939	2.07446696736461034	-2.62243868351744380	2.75597426159674619
336467207.060872197151	2788224.281973137986	-1825099.638621031307	-1492560.627455170732	2.07445030819632148	-2.62243285513720137	2.75598146654811460
336467207.077122151852	2788240.051210113335	-1825117.858081210870	-1492509.998762387317	2.07443364904872496	-2.62242702689562579	2.75598867159700411
336467207.093372166157	2788255.819834878668	-1825136.077153384220	-1492459.369524770882	2.07441698967574650	-2.62242119871245283	2.75599587685245462
336467207.109622180462	2788271.587760603055	-1825154.295939938398	-1492408.739943823079	2.07440033020192649	-2.62241537062304086	2.75600308225691260
336467207.125872194767	2788287.354980725795	-1825172.514290614286	-1492358.109997691587	2.07438421898170278	-2.62240965052122510	2.75601038785793317
336467207.142122209072	2788303.121505369898	-1825190.732249415945	-1492307.479686608771	2.07436823764377820	-2.62240395608429733	2.75601771731446110
336467207.158372163773	2788318.887324422598	-1825208.949789715465	-1492256.849259093637	2.07435225620623465	-2.62239826174858059	2.75602504691804606
336467207.174622178078	2788334.652522280347	-1825227.166983576259	-1492206.218291499652	2.07433627467208215	-2.62239256750451943	2.75603237666262224
336467207.190872192383	2788350.417010238860	-1825245.383762459503	-1492155.586946842261	2.07432029304132071	-2.62238687335211518	2.75603970654818875
336467207.207122206688	2788366.180829037447	-1825263.600205862429	-1492104.955284032971	2.07430431131093940	-2.62238117930092862	2.75604703658081140
336467207.223372161388	2788381.943878099322	-1825281.816169732483	-1492054.323438524967	2.07428792710292154	-2.62237531750962649	2.75605434335603938
336467207.239622175694	2788397.706315890886	-1825300.031852143118	-1492003.691063863458	2.07427122643727913	-2.62236932388984778	2.75606163200280774
336467207.255872189999	2788413.468039101455	-1825318.247140234103	-1491953.058328773594	2.07425452566527913	-2.62236333037166647	2.75606892080706167
336467207.272122204304	2788429.229077989236	-1825336.461984395282	-1491902.425229917513	2.07423782478792340	-2.62235733695190198	2.75607620976677925
336467207.288372159004	2788444.989404637367	-1825354.676462386036	-1491851.792007502634	2.07422112380420787	-2.62235134363374156	2.75608349888398196
336467207.304622173309	2788460.749084553681	-1825372.890580651816	-1491801.158238840057	2.07420442271714212	-2.62234535040763017	2.75609078815260533
336467207.320872187614	2788476.508077798411	-1825391.104286418296	-1491750.524111164734	2.07418773661668521	-2.62233936882989926	2.75609831336674693
336467207.337122201920	2788492.266381028108	-1825409.317622757051	-1491699.889642530587	2.07417106502658299	-2.62233339853455449	2.75610606707640748
336467207.353372156620	2788508.023954308126	-1825427.530536883511	-1491649.255020174664	2.07415439345161001	-2.62232742838708299	2.75611382088454127
336467207.369622170925	2788523.780887499452	-1825445.743081138004	-1491598.619851569179	2.07413772164550902	-2.62232145830513463	2.75612157490823817
336467207.385872185230	2788539.537116240244	-1825463.955275057349	-1491547.984322767472	2.07412104973291189	-2.62231548832511097	2.75612932908592168
336467207.402122199535	2788555.293954820372	-1825482.166983082192	-1491497.349157648860	2.07410437771181266	-2.62230951845338511	2.75613708342163388
336467207.418372154236	2788571.048791525420	-1825500.378324979683	-1491446.713142706547	2.07408770111438123	-2.62230357284787408	2.75614468640151156
336467207.434622168541	2788586.802985799033	-1825518.589328424539	-1491396.076586271171	2.07407101254875048	-2.62229769148410519	2.75615188730855820
336467207.450872182846	2788602.556477756705	-1825536.800013278145	-1491345.439668450970	2.07405432388024158	-2.62229181021738178	2.75615908836811263
336467207.467122197151	2788618.309295368381	-1825555.010234754765	-1491294.802412044723	2.07403763510885497	-2.62228592904770785	2.75616628958017351
336467207.483372151852	2788634.061374222860	-1825573.220096811419	-1491244.164988848148	2.07402094635934908	-2.62228004801082593	2.75617349088721753
336467207.499622166157	2788649.812829597387	-1825591.429559409386	-1491193.527044582414	2.07400425738220573	-2.62227416703525673	2.75618069240429042
336467207.515872180462	2788665.563582686707	-1825609.638661200181	-1491142.888746059965	2.07398769727641952	-2.62226832366182006	2.75618801905106681
336467207.532122194767	2788681.313659256324	-1825627.847352272132	-1491092.250095881289	2.07397165332211042	-2.62226263050891362	2.75619584609650436
336467207.548372209072	2788697.063087954652	-1825646.055699793389	-1491041.611128965858	2.07395560926625766	-2.62225693746146060	2.75620367328878224
336467207.564622163773	2788712.811703443062	-1825664.263603820931	-1490990.971939459909	2.07393956510886213	-2.62225124451946501	2.75621150062789955
336467207.580872178078	2788728.559711019974	-1825682.471174867591	-1490940.332253105706	2.07392352085293119	-2.62224555167336781	2.75621932810779402
336467207.597122192383	2788744.307050880976	-1825700.678314578487	-1490889.692221038975	2.07390747649545615	-2.62223985893273293	2.75622715573452748
336467207.613372206688	2788760.053721814416	-1825718.885097773978	-1490839.051860123174	2.07389143203743931	-2.62223416629437622	2.75623498350607887
336467207.629622161388	2788775.799587324262	-1825737.091470711865	-1490788.411288728938	2.07387523049329570	-2.62222836465631515	2.75624201642784383
336467207.645872175694	2788791.544860540889	-1825755.297501142370	-1490737.770208603702	2.07385901821147467	-2.62222255576428376	2.75624899632627018
336467207.662122189999	2788807.289468201343	-1825773.503089772305	-1490687.128788705217	2.07384280582908742	-2.62221674696978635	2.75625597637521613
336467207.678372204304	2788823.033385856077	-1825791.708351127570	-1490636.487020720495	2.07382659334914132	-2.62221093826326479	2.75626295656862119
336467207.694622159004	2788838.776512556244	-1825809.913140902994	-1490585.845068622613	2.07381038077063318	-2.62220512964790897	2.75626993690850552
336467207.710872173309	2788854.519058074336	-1825828.117620538687	-1490535.202594724717	2.07379416809356165	-2.62219932112371978	2.75627691739486913
336467207.727122187614	2788870.260899189860	-1825846.321707590250	-1490484.559767758241	2.07377792098528779	-2.62219326249059748	2.75628404761283674
336467207.743372201920	2788886.002021263819	-1825864.525442136219	-1490433.916579178534	2.07376166081638269	-2.62218710954965450	2.75629123442952295
336467207.759622156620	2788901.742477051914	-1825882.728666912066	-1490383.273266073549	2.07374540066233415	-2.62218095674403440	2.75629842134609992
336467207.775872170925	2788917.482215876225	-1825900.931629546685	-1490332.629377523670	2.07372914028292232	-2.62217480398870872	2.75630560847133799
336467207.792122185230	2788933.221339278854	-1825919.134146336000	-1490281.985181964235	2.07371287979675278	-2.62216865133097565	2.75631279575388222
336467207.808372199535	2788948.959724914283	-1825937.336308428319	-1490231.340600799769	2.07369661920582793	-2.62216249876446561	2.75631998318969318
336467207.824622154236	2788964.697413993068	-1825955.538052544929	-1490180.695891322102	2.07368005617645013	-2.62215651013531481	2.75632722693479293
336467207.840872168541	2788980.434418542776	-1825973.739432251779	-1490130.050616126973	2.07366333230149991	-2.62215060870619698	2.75633450068350738
336467207.857122182846	2788996.170794180129	-1825991.940449566580	-1490079.405037492746	2.07364660832174463	-2.62214470737858951	2.75634177458772323
336467207.873372197151	2789011.906448880676	-1826010.141027842183	-1490028.759044503327	2.07362988423718342	-2.62213880615249328	2.75634904864743957
336467207.889622151852	2789027.641367005184	-1826028.341227768222	-1489978.112941026455	2.07361316017584052	-2.62213290505423746	2.75635632279854370
336467207.905872166157	2789043.375674927142	-1826046.541092300788	-1489927.466302224202	2.07359643588367160	-2.62212700402479904	2.75636359716522117
336467207.922122180462	2789059.109276324976	-1826064.740532482043	-1489876.819311536849	2.07358022850356427	-2.62212118180056741	2.75637037845243338
336467207.938372194767	2789074.842209994793	-1826082.939625688596	-1489826.171960881213	2.07356439614633992	-2.62211541677477733	2.75637680202306568
336467207.954622209072	2789090.574411399197	-1826101.138302242616	-1489775.524262867635	2.07354856369679119	-2.62210965182706612	2.75638322573270100
336467207.970872163773	2789106.305915298872	-1826119.336538640782	-1489724.876406606287	2.07353273115191072	-2.62210388696700170	2.75638964958739718
336467207.987122178078	2789122.036784588825	-1826137.534469756763	-1489674.228020962328	2.07351689851470455	-2.62209812218502192	2.75639607358109684
336467208.003372192383	2789137.766949497629	-1826155.732008253457	-1489623.579282247229	2.07350106578517224	-2.62209235748112812	2.75640249771379953
336467208.019622206688	2789153.496423292905	-1826173.929176034173	-1489572.930183335906	2.07348492217212987	-2.62208653590666740	2.75640925048055196
336467208.035872161388	2789169.225177349988	-1826192.125881116837	-1489522.280945184873	2.07346819301925089	-2.62208060715198377	2.75641662225474704
336467208.052122175694	2789184.954542269930	-1826210.322105038911	-1489471.631851902930	2.07345146351139498	-2.62207467842492647	2.75642399430093255
336467208.068372189999	2789200.681954033673	-1826228.518121473258	-1489420.981706120539	2.07343473414978074	-2.62206874986666305	2.75643136638201014
336467208.084622204304	2789216.408708060160	-1826246.713729290757	-1489370.331232674653	2.07341800443218283	-2.62206282133922164	2.75643873873710143
336467208.100872159004	2789232.134687750135	-1826264.908878103131	-1489319.680593168130	2.07340127485882331	-2.62205689298695210	2.75644611113111759
336467208.117122173309	2789247.860069712158	-1826283.103704080684	-1489269.029413810931	2.07338472546760944	-2.62205103440028564	2.75645339704717562
336467208.133372187614	2789263.584735982586	-1826301.298168221721	-1489218.377898020903	2.07336866227069860	-2.62204536379634723	2.75646044944153612
336467208.149622201920	2789279.308738048654	-1826319.492255114950	-1489167.726036746521	2.07335259897969637	-2.62203969327740083	2.75646750197427348
336467208.165872156620	2789295.032009129878	-1826337.685834080912	-1489117.074016764993	2.07333653558858888	-2.62203402286257559	2.75647455465750113
336467208.182122170925	2789310.754643459339	-1826355.879118196899	-1489066.421461461345	2.07332047210338777	-2.62202835253274680	2.75648160747910609
336467208.198372185230	2789326.476558978669	-1826374.072028771508	-1489015.768533847528	2.07330440852309117	-2.62202268229110524	2.75648866044110763
336467208.214622199535	2789342.197810105514	-1826392.264583063312	-1488965.115271444432	2.07328833534698465	-2.62201700943887861	2.75649571720661024
336467208.230872154236	2789357.918302547652	-1826410.456626605708	-1488914.461838225368	2.07327151263597820	-2.62201112353093979	2.75650306293762482
336467208.247122168541	2789373.638203685172	-1826428.648391924798	-1488863.807919083163	2.07325468969587945	-2.62200523768399840	2.75651040887932375
336467208.263372182846	2789389.357368309051	-1826446.839727660175	-1488813.153597470140	2.07323786665142418	-2.62199935193702105	2.75651775497514828
336467208.279622197151	2789405.075899738353	-1826465.030721867457	-1488762.498960535042	2.07322104350361425	-2.62199346628682362	2.75652510122308048
336467208.295872151852	2789420.793663491495	-1826483.221246899338	-1488711.844157538377	2.07320422024944317	-2.62198758074296956	2.75653244762917549
336467208.312122166157	2789436.510785053018	-1826501.411454594694	-1488661.188795224531	2.07318739689291753	-2.62198169529271219	2.75653979418535888
336467208.328372180462	2789452.227202067617	-1826519.601290592458	-1488610.533090535318	2.07317141011823569	-2.62197640055394166	2.75654747309971038
336467208.344622194767	2789467.942948081996	-1826537.790738226846	-1488559.877058184939	2.07315545248565236	-2.62197112654739994	2.75655516375366405
336467208.360872209072	2789483.658030911349	-1826555.979796937434	-1488509.220667052316	2.07313949475984671	-2.62196585264384208	2.75656285454391492
336467208.377122163773	2789499.372365004383	-1826574.168367665960	-1488458.564123154152	2.07312353705921204	-2.62196057887773915	2.75657054541137247
336467208.393372178078	2789515.086053555831	-1826592.356664127670	-1488407.907037992030	2.07310757915097366	-2.62195530516740005	2.75657823646614197
336467208.409622192383	2789530.799072117545	-1826610.544560564915	-1488357.249611871783	2.07309162114851109	-2.62195003156324091	2.75658592765922483
336467208.425872206688	2789546.511405260768	-1826628.732045535464	-1488306.591845977120	2.07307513786291420	-2.62194445557905631	2.75659329262409258
336467208.442122161388	2789562.223000758793	-1826646.919117085636	-1488255.933907122817	2.07305846124480819	-2.62193876841392060	2.75660053766534352
336467208.458372175694	2789577.933945125435	-1826665.105828450993	-1488205.275427959859	2.07304178452892351	-2.62193308134002923	2.75660778285061081
336467208.474622189999	2789593.644207348116	-1826683.292203474324	-1488154.616619949928	2.07302510771526149	-2.62192739435738531	2.75661502817989401
336467208.490872204304	2789609.353796296753	-1826701.478145530215	-1488103.957452928647	2.07300843079881059	-2.62192170748193565	2.75662227366328105
336467208.507122159004	2789625.062644460704	-1826719.663654070813	-1488053.298127429327	2.07299175390824830	-2.62191602073523766	2.75662951923486066
336467208.523372173309	2789640.770864704624	-1826737.848847106565	-1488002.638272548094	2.07297515399489019	-2.62191020316564316	2.75663735577114144
336467208.539622187614	2789656.478361703921	-1826756.033624036703	-1487951.978058426874	2.07295859418107042	-2.62190431753808717	2.75664550011322662
336467208.555872201920	2789672.185186544433	-1826774.218053585151	-1487901.317490279209	2.07294203425842971	-2.62189843202384765	2.75665364461160145
336467208.572122156620	2789687.891279412899	-1826792.402028997196	-1487850.656769594876	2.07292547422696760	-2.62189254662292415	2.75666178926626682
336467208.588372170925	2789703.596754485741	-1826810.585690722102	-1487799.995526883285	2.07290891408968969	-2.62188666132575365	2.75666993407116889
336467208.604622185230	2789719.301538521424	-1826828.768939441536	-1487749.333931102185	2.07289235384358950	-2.62188077614190673	2.75667807903236017
336467208.620872199535	2789735.005594810471	-1826846.951813934371	-1487698.671974894591	2.07287586593795314	-2.62187494445646774	2.75668579838014782
336467208.637122154236	2789750.708963593468	-1826865.134270955110	-1487648.009878491284	2.07285947918062874	-2.62186918744048247	2.75669292349591144
336467208.653372168541	2789766.411666841712	-1826883.316344664432	-1487597.347229669802	2.07284309220353880	-2.62186343047751347	2.75670004881170572
336467208.669622182846	2789782.113712355960	-1826901.498094082577	-1487546.684238930466	2.07282670512621792	-2.62185767361195721	2.75670717427662559
336467208.685872197151	2789797.816297827289	-1826919.679307585815	-1487496.021593368845	2.07281031795066983	-2.62185191683744012	2.75671429988663785
336467208.702122151852	2789813.516882516909	-1826937.860185208498	-1487445.358077557292	2.07279393067288442	-2.62184616016671868	2.75672142564980982
336467208.718372166157	2789829.216852735728	-1826956.040739856195	-1487394.694064898882	2.07277742807316834	-2.62184036416599797	2.75672869524044817
336467208.734622180462	2789844.916155317798	-1826974.220905208029	-1487344.029699398903	2.07276041838573422	-2.62183439485123415	2.75673659719277353
336467208.750872194767	2789860.614764711820	-1826992.400668002665	-1487293.364974887110	2.07274340858852391	-2.62182842564587926	2.75674449930429910
336467208.767122209072	2789876.312665280420	-1827010.580079958541	-1487242.699896120233	2.07272639868253750	-2.62182245654674828	2.75675240157300738
336467208.783372163773	2789892.009836057201	-1827028.759027281310	-1487192.034670759691	2.07270938879188282	-2.62181648759979069	2.75676030394229121
336467208.799622178078	2789907.706395678222	-1827046.937692943262	-1487141.368916243315	2.07269237866533995	-2.62181051872268034	2.75676820653141297
336467208.815872192383	2789923.402203218080	-1827065.115938458592	-1487090.702771139098	2.07267539141841883	-2.62180457257194766	2.75677604842119361
336467208.832122206688	2789939.097381951753	-1827083.293779246742	-1487040.036329721333	2.07265858961206151	-2.62179880910338392	2.75678339927412752
336467208.848372161388	2789954.791797690094	-1827101.471214528661	-1486989.369691350730	2.07264178770350860	-2.62179304573473004	2.75679075027818010
336467208.864622175694	2789970.485600004438	-1827119.648272949737	-1486938.702549963025	2.07262498569275966	-2.62178728246598824	2.75679810143335091
336467208.880872189999	2789986.178719050251	-1827137.824993784539	-1486888.035060488153	2.07260818357981424	-2.62178151929716030	2.75680545273963995
336467208.897122204304	2790001.871107086539	-1827156.001307413913	-1486837.367192535661	2.07259138136467147	-2.62177575622825199	2.75681280419704677
336467208.913372159004	2790017.562807855196	-1827174.177140370477	-1486786.699180818163	2.07257457433007630	-2.62177001065102599	2.75682016848797806
336467208.929622173309	2790033.253808349371	-1827192.352681451710	-1486736.030618836405	2.07255765033949713	-2.62176468351002301	2.75682784009239912
336467208.945872187614	2790048.944195645396	-1827210.527850466548	-1486685.361741533736	2.07254072625032437	-2.62175935648082037	2.75683551184337761
336467208.962122201920	2790064.633853059262	-1827228.702655673260	-1486634.692497861804	2.07252380206656328	-2.62175402955065984	2.75684318373284931
336467208.978372156620	2790080.322808630764	-1827246.876935847802	-1486584.023116138764	2.07250687778420817	-2.62174870273230498	2.75685085576887667
336467208.994622170925	2790096.011091809720	-1827265.050948186312	-1486533.353178438731	2.07248995340626330	-2.62174337601618879	2.75685852794541120
336467209.010872185230	2790111.698713010643	-1827283.224572704174	-1486482.682901193621	2.07247302893272778	-2.62173804940231259	2.75686620026245333
336467209.027122199535	2790127.385628766846	-1827301.397803261410	-1486432.012251640670	2.07245636425582536	-2.62173227003514775	2.75687347596004173
336467209.043372154236	2790143.071811422706	-1827319.570570029318	-1486381.341480672825	2.07243976329561619	-2.62172637981388856	2.75688065451281039
336467209.059622168541	2790158.757379657589	-1827337.743022158975	-1486330.670162499649	2.07242316210862576	-2.62172048965303839	2.75688783327496223
336467209.075872182846	2790174.442226831336	-1827355.915089845657	-1486279.998483899515	2.07240656081896368	-2.62171459958840014	2.75689501218915467
336467209.092122197151	2790190.126426479314	-1827374.086750597926	-1486229.326484993100	2.07238995942762916	-2.62170870961678615	2.75690219125337199
336467209.108372151852	2790205.809862995520	-1827392.257984559750	-1486178.654306958197	2.07237335793161925	-2.62170281974777097	2.75690937047366003
336467209.124622166157	2790221.492639408447	-1827410.428942029597	-1486127.981586241163	2.07235669860237337	-2.62169706560908011	2.75691716013269383
336467209.140872180462	2790237.174786111806	-1827428.599430360133	-1486077.308546407148	2.07234001771388243	-2.62169136198661512	2.75692517673639914
336467209.157122194767	2790252.856235150713	-1827446.769557963824	-1486026.635146374814	2.07232333672108782	-2.62168565847317447	2.75693319349068267
336467209.173372209072	2790268.536977556534	-1827464.939324211096	-1485975.961398026207	2.07230665562399086	-2.62167995506875995	2.75694121039554219
336467209.189622163773	2790284.216973632108	-1827483.108613123186	-1485925.287485033041	2.07228997454628727	-2.62167425181099656	2.75694922738949932
336467209.205872178078	2790299.896356444806	-1827501.277588584693	-1485874.613044070546	2.07227329324158527	-2.62166854862145327	2.75695724459349467
336467209.222122192383	2790315.575020345394	-1827519.446211317321	-1485823.938241496449	2.07225654743765819	-2.62166277872220244	2.75696493166848988
336467209.238372206688	2790331.253036735579	-1827537.614427091088	-1485773.263118616771	2.07223973105110915	-2.62165693578446080	2.75697225739686802
336467209.254622161388	2790346.930285518989	-1827555.782215743093	-1485722.587822547648	2.07222291455902408	-2.62165109295271659	2.75697958328233428
336467209.270872175694	2790362.606936718337	-1827573.949596995721	-1485671.912000884069	2.07220609796440591	-2.62164525021740413	2.75698690931884283
336467209.287122189999	2790378.282855715603	-1827592.116645816015	-1485621.235817607725	2.07218928126725377	-2.62163940757852565	2.75699423550639455
336467209.303372204304	2790393.958102613222	-1827610.283347154269	-1485570.559280303773	2.07217246446556480	-2.62163356504246270	2.75700156184901823
336467209.319622159004	2790409.633902084548	-1827628.449424299877	-1485519.883303422481	2.07215571784962282	-2.62162782819810136	2.75700890064150483
336467209.335872173309	2790425.307749252301	-1827646.615319411503	-1485469.206065918785	2.07213906605451426	-2.62162223440909248	2.75701625637739056
336467209.352122187614	2790440.980974473525	-1827664.780820809538	-1485418.528514280217	2.07212241416069309	-2.62161664071918921	2.75702361225929282
336467209.368372201920	2790456.653459728230	-1827682.945956511190	-1485367.850588918431	2.07210576216815845	-2.62161104712839244	2.75703096828721161
336467209.384622156620	2790472.325210950803	-1827701.110606219154	-1485317.172512206947	2.07208911007691032	-2.62160545363670439	2.75703832446114605
336467209.400872170925	2790487.996362224687	-1827719.274922139011	-1485266.493907528464	2.07207245788694827	-2.62159986024412905	2.75704568078109569
336467209.417122185230	2790503.666806885507	-1827737.438876668690	-1485215.814954533940	2.07205578204976293	-2.62159425140737579	2.75705304711239219
336467209.433372199535	2790519.336570676416	-1827755.602462105453	-1485165.135648698546	2.07203900267355934	-2.62158857439146287	2.75706045692430601
336467209.449622154236	2790535.005614676513	-1827773.765605588211	-1485114.456214322476	2.07202222331982178	-2.62158289751681650	2.75706786683030636
336467209.465872168541	2790550.673985408153	-1827791.928374611074	-1485063.776208287803	2.07200544374071605	-2.62157722070539467	2.75707527694242582
336467209.482122182846	2790566.341685205232	-1827810.090797319775	-1485013.095867465017	2.07198866406165916	-2.62157154399143844	2.75708268720162675
336467209.498372197151	2790582.008708462585	-1827828.252829999197	-1484962.415185682243	2.07197188428064782	-2.62156586738132980	2.75709009761193746
336467209.514622151852	2790597.674959839322	-1827846.414414238650	-1484911.734325956553	2.07195517429690312	-2.62156023518369219	2.75709747771604397
336467209.530872166157	2790613.340616724920	-1827864.575687146978	-1484861.052962256828	2.07193900785329577	-2.62155494771889641	2.75710462109437371
336467209.547122180462	2790629.005573843140	-1827882.736567537999	-1484810.371239544824	2.07192284132010807	-2.62154966034414372	2.75711176460550567
336467209.563372194767	2790644.669858914334	-1827900.897058197763	-1484759.689169933088	2.07190667469533896	-2.62154437306582144	2.75711890825346639
336467209.579622209072	2790660.333416346461	-1827919.057132286020	-1484709.006747024599	2.07189050798098950	-2.62153908587754936	2.75712605203422845
336467209.595872163773	2790675.996221824549	-1827937.216769678751	-1484658.324139042525	2.07187434129397952	-2.62153379882346504	2.75713319589876082
336467209.612122178078	2790691.658470839728	-1827955.376079397276	-1484607.641035858309	2.07185817439746600	-2.62152851182486968	2.75714033995116425
336467209.628372192383	2790707.319981027395	-1827973.535066787386	-1484556.957571061095	2.07184185259276710	-2.62152284831168592	2.75714731719399442
336467209.644622206688	2790722.980821366888	-1827991.693611764815	-1484506.273772432702	2.07182550908718710	-2.62151713234971773	2.75715427129262469
336467209.660872161388	2790738.640936490148	-1828009.851692288416	-1484455.589821269503	2.07180916548210625	-2.62151141648562946	2.75716122554070076
336467209.677122175694	2790754.300393898971	-1828028.009464825736	-1484404.905322670471	2.07179282178252722	-2.62150570070346856	2.75716817992815422
336467209.693372189999	2790769.959160340484	-1828046.166866404703	-1484354.220463874750	2.07177647798444564	-2.62149998501600257	2.75717513446303997
336467209.709622204304	2790785.617249242496	-1828064.323889591265	-1484303.535277416231	2.07176013409086313	-2.62149426941366004	2.75718208913931662
336467209.725872159004	2790801.274592885282	-1828082.480423694476	-1484252.849913016194	2.07174339925160567	-2.62148865604109371	2.75718967747007992
336467209.742122173309	2790816.931336519774	-1828100.636699997354	-1484202.164056751877	2.07172644837251996	-2.62148309908651811	2.75719761573142152
336467209.758372187614	2790832.587345937267	-1828118.792536037741	-1484151.477803956717	2.07170949739016175	-2.62147754224470608	2.75720555414373036
336467209.774622201920	2790848.242684470955	-1828136.947983518476	-1484100.791223500390	2.07169254630653166	-2.62147198550928096	2.75721349270297988
336467209.790872156620	2790863.897297771182	-1828155.103008734295	-1484050.104483380215	2.07167559511862720	-2.62146642888981685	2.75722143141520926
336467209.807122170925	2790879.551253212616	-1828173.257704690564	-1483999.417213650420	2.07165864382945042	-2.62146087237674452	2.75722937027437709
336467209.823372185230	2790895.204542261548	-1828191.412012398476	-1483948.729610317387	2.07164186605559619	-2.62145515322897094	2.75723687830299635
336467209.839622199535	2790910.857125935610	-1828209.565926031675	-1483898.041634674650	2.07162521745503181	-2.62144931300532491	2.75724406557485846
336467209.855872154236	2790926.508988898713	-1828227.719375491142	-1483847.353500557365	2.07160856887482714	-2.62144347292009616	2.75725125294466045
336467209.872122168541	2790942.160216376185	-1828245.872531089233	-1483796.664850355126	2.07159192007206805	-2.62143763288327536	2.75725844051512992
336467209.888372182846	2790957.810736162122	-1828264.025281820912	-1483745.975839724764	2.07157527116520868	-2.62143179294944417	2.75726562824094179
336467209.904622197151	2790973.460603980813	-1828282.177667392185	-1483695.286507603480	2.07155862215725062	-2.62142595310903248	2.75727281611605735
336467209.920872151852	2790989.109700975008	-1828300.329592797440	-1483644.596984240692	2.07154224045690372	-2.62142008099854396	2.75727980994217470
336467209.937122166157	2791004.758192559239	-1828318.481195700122	-1483593.906952149700	2.07152612690956950	-2.62141417649105657	2.75728660909646539
336467209.953372180462	2791020.405967642087	-1828336.632414345630	-1483543.216553690843	2.07151001326332906	-2.62140827207159655	2.75729340839822434
336467209.969622194767	2791036.054305043537	-1828354.783119546715	-1483492.526481396984	2.07149389951718188	-2.62140236774335689	2.75730020784946461
336467209.985872209072	2791051.700739418156	-1828372.933549351292	-1483441.835414319066	2.07147778567212537	-2.62139646350315125	2.75730700744817359
336467210.002122163773	2791067.346385185141	-1828391.083538973937	-1483391.144161939621	2.07146167172716034	-2.62139055935416998	2.75731380719636343
336467210.018372178078	2791082.991432198323	-1828409.233195928391	-1483340.452400831971	2.07144542527885811	-2.62138468081466325	2.75732071535772594
336467210.034622192383	2791098.635807177518	-1828427.382505292073	-1483289.760285696248	2.07142881091672848	-2.62137887300339223	2.75732792422318029
336467210.050872206688	2791114.279492392205	-1828445.531402650056	-1483239.067836728645	2.07141219670247345	-2.62137306535603587	2.75733513312186673
336467210.067122161388	2791129.922385729849	-1828463.679826866835	-1483188.375184411416	2.07139558226047615	-2.62136725777659629	2.75734234223249608
336467210.083372175694	2791145.564715803601	-1828481.827954461332	-1483137.682047584560	2.07137896771794150	-2.62136145029069123	2.75734955149147343
336467210.099622189999	2791161.206274943426	-1828499.975722722011	-1483086.988499744562	2.07136235307486904	-2.62135564289832557	2.75735676089879789
336467210.115872204304	2791176.847214396577	-1828518.123044490814	-1483036.294650838943	2.07134587506141665	-2.62134980900340153	2.75736412682116816
336467210.132122159004	2791192.487382982392	-1828536.269939892925	-1482985.600653923117	2.07132999805438356	-2.62134385825822713	2.75737218030522913
336467210.148372173309	2791208.126937206369	-1828554.416562714381	-1482934.906102673616	2.07131412094146938	-2.62133790761743990	2.75738023393945886
336467210.164622187614	2791223.765791772399	-1828572.562708520796	-1482884.211206668289	2.07129824372367377	-2.62133195707784994	2.75738828772184563
336467210.180872201920	2791239.403986416291	-1828590.708519035019	-1482833.515980628086	2.07128236639799512	-2.62132600664903359	2.75739634165842551
336467210.197122156620	2791255.041399308015	-1828608.853858222486	-1482782.820558592910	2.07126648908523325	-2.62132005636085053	2.75740439568141582
336467210.213372170925	2791270.678203253541	-1828626.998938923003	-1482732.124656576198	2.07125061155078960	-2.62131410613124904	2.75741244991229584
336467210.229622185230	2791286.314318719786	-1828645.143541131169	-1482681.428353503114	2.07123389596053187	-2.62130815509530990	2.75741977817015593
336467210.245872199535	2791301.949747690000	-1828663.287806445034	-1482630.731727525126	2.07121711760831229	-2.62130220408299275	2.75742705228149898
336467210.262122154236	2791317.584442527965	-1828681.431606589584	-1482580.034960892517	2.07120033914904145	-2.62129625317568316	2.75743432655207243
336467210.278372168541	2791333.218497488182	-1828699.575078670867	-1482529.337640884798	2.07118356058571784	-2.62129030236381055	2.75744160097584068
336467210.294622182846	2791348.851877090521	-1828717.718204017496	-1482478.639992027543	2.07116678191834236	-2.62128435164737583	2.75744887555280460
336467210.310872197151	2791364.484551393893	-1828735.860893008765	-1482427.941977990558	2.07115000314491216	-2.62127840103276721	2.75745615028698676
336467210.327122151852	2791380.116482723970	-1828754.003179645631	-1482377.243810232263	2.07113297493020232	-2.62127236719513812	2.75746400426840754
336467210.343372166157	2791395.747795278672	-1828772.145108956844	-1482326.545108335791	2.07111591153380203	-2.62126632175388075	2.75747193959741477
336467210.359622180462	2791411.378427997697	-1828790.286691203713	-1482275.846083534416	2.07109884802670718	-2.62126027641966974	2.75747987508606851
336467210.375872194767	2791427.008355421480	-1828808.427837088471	-1482225.146693550982	2.07108178440691670	-2.62125423119889067	2.75748781073839089
336467210.392122209072	2791442.637600912247	-1828826.568612545030	-1482174.446931488113	2.07106472067442970	-2.62124818609154664	2.75749574655438145
336467210.408372163773	2791458.266100119799	-1828844.708944321377	-1482123.747048010817	2.07104765683224556	-2.62124214108806486	2.75750368252800593
336467210.424622178078	2791473.894012739416	-1828862.848964072065	-1482073.046629437245	2.07103088556856108	-2.62123629053894769	2.75751121690493273
336467210.440872192383	2791489.521162276156	-1828880.988573287381	-1482022.345826217672	2.07101427434106267	-2.62123054640945075	2.75751853161787253
336467210.457122206688	2791505.147664223332	-1828899.127796327462	-1481971.644713388057	2.07099766301153387	-2.62122480238140332	2.75752584648198695
336467210.473372161388	2791520.773409998976	-1828917.266561266966	-1481920.943410731619	2.07098105170415714	-2.62121905848953007	2.75753316143894223
336467210.489622175694	2791536.398553502746	-1828935.405057524331	-1481870.241628095973	2.07096444017356562	-2.62121331465481289	2.75754047659937118
336467210.505872189999	2791552.022986276541	-1828953.543094930006	-1481819.539456285536	2.07094782854094106	-2.62120757092155365	2.75754779191097432
336467210.522122204304	2791567.646739197895	-1828971.680827456294	-1481768.836954440922	2.07093125601952543	-2.62120179455069646	2.75755514750349029
336467210.538372159004	2791583.269728220999	-1828989.818026407855	-1481718.134257787373	2.07091471245928460	-2.62119599402210213	2.75756253299886245
336467210.554622173309	2791598.892133906018	-1829007.954937885981	-1481667.431094448781	2.07089816879889854	-2.62119019358602223	2.75756991864036083
336467210.570872187614	2791614.513824323658	-1829026.091474594083	-1481616.727533623343	2.07088162503536655	-2.62118439325203845	2.75757730443401750
336467210.587122201920	2791630.134830467869	-1829044.227621692466	-1481566.023662959691	2.07086508117068746	-2.62117859301376699	2.75758469037581211
336467210.603372156620	2791645.756335861050	-1829062.363200003747	-1481515.320287646260	2.07084853732555008	-2.62117279291592364	2.75759207641292026
336467210.619622170925	2791661.375952650793	-1829080.498550712364	-1481464.615673782304	2.07083204503517937	-2.62116700331955466	2.75759935362993858
336467210.635872185230	2791676.994906240143	-1829098.633524752222	-1481413.910762189422	2.07081565423041569	-2.62116123430222769	2.75760641709624599
336467210.652122199535	2791692.613162293565	-1829116.768137848470	-1481363.205490400083	2.07079926332640962	-2.62115546537823940	2.75761348070990042
336467210.668372154236	2791708.230696682818	-1829134.902298337081	-1481312.500073431293	2.07078287232415903	-2.62114969654439722	2.75762054446889149
336467210.684622168541	2791723.847602217458	-1829153.036099608755	-1481261.794114969904	2.07076648122066587	-2.62114392781028327	2.75762760837924947
336467210.700872182846	2791739.463784662075	-1829171.169526671292	-1481211.087790140882	2.07075009001892685	-2.62113815916632165	2.75763467243494365
336467210.717122197151	2791755.079296299722	-1829189.302565051941	-1481160.381137649994	2.07073365265440268	-2.62113241752985004	2.75764171563755012
336467210.733372151852	2791770.694059378002	-1829207.435199492145	-1481109.674318141071	2.07071682196273255	-2.62112690587803909	2.75764857962527898
336467210.749622166157	2791786.308194924146	-1829225.567454968579	-1481058.966965681408	2.07069999105178049	-2.62112139427964852	2.75765544380825256
336467210.765872180462	2791801.921649555676	-1829243.699319918640	-1481008.259278203594	2.07068316004433939	-2.62111588277727492	2.75766230813747804
336467210.782122194767	2791817.534400008619	-1829261.830834063236	-1480957.551230528392	2.07066632894240765	-2.62111037136453762	2.75766917260893507
336467210.798372209072	2791833.146497456357	-1829279.961939517176	-1480906.842849249719	2.07064949774398510	-2.62110486004782262	2.75767603722664356
336467210.814622163773	2791848.757835242432	-1829298.092608653242	-1480856.134314022027	2.07063266975142124	-2.62109933980657983	2.75768291404029320
336467210.830872178078	2791864.368540953379	-1829316.222982912790	-1480805.425237529678	2.07061594515902936	-2.62109353694616454	2.75769016864055683
336467210.847122192383	2791879.978576931171	-1829334.352914585033	-1480754.715827205218	2.07059922046244882	-2.62108773419015728	2.75769742339611934
336467210.863372206688	2791895.587876524776	-1829352.482492337469	-1480704.006050514756	2.07058249566667563	-2.62108193152259794	2.75770467829693233
336467210.879622161388	2791911.196478744969	-1829370.611608242150	-1480653.296133399243	2.07056577088972915	-2.62107612900098896	2.75771193329917219
336467210.895872175694	2791926.804420065600	-1829388.740383052500	-1480602.585650798399	2.07054904588757527	-2.62107032653587568	2.75771918850656084
336467210.912122189999	2791942.411705011968	-1829406.868792255409	-1480551.874852646142	2.07053232078422855	-2.62106452416560209	2.75772644386321897
336467210.928372204304	2791958.018300056923	-1829424.996852479642	-1480501.163724230137	2.07051566003162080	-2.62105863557722207	2.75773370638992077
336467210.944622159004	2791973.624136840925	-1829443.124422795838	-1480450.452407175675	2.07049900210587934	-2.62105274316213022	2.75774096938847979
336467210.960872173309	2791989.229331482202	-1829461.251654169988	-1480399.740548628382	2.07048234407659937	-2.62104685084480193	2.75774823253991608
336467210.977122187614	2792004.833861995488	-1829479.378486668691	-1480349.028362418292	2.07046568594377867	-2.62104095862523856	2.75775549584422963
336467210.993372201920	2792020.437693757936	-1829497.505033010384	-1480298.315832877764	2.07044902770841688	-2.62103506650025153	2.75776275929941139
336467211.009622156620	2792036.040809469298	-1829515.631030916236	-1480247.603153173812	2.07043236949204124	-2.62102917451522810	2.75777002285353534
336467211.025872170925	2792051.643221937586	-1829533.756724971114	-1480196.889887331054	2.07041563945709495	-2.62102333563527745	2.75777730865457382
336467211.042122185230	2792067.245015732944	-1829551.882036770694	-1480146.176343228202	2.07039888141201889	-2.62101751753546131	2.75778460320082619
336467211.058372199535	2792082.846133272629	-1829570.006979572820	-1480095.462440342410	2.07038212326512028	-2.62101169953125623	2.75779189789709056
336467211.074622154236	2792098.446483413689	-1829588.131452761125	-1480044.748371395748	2.07036536501340063	-2.62100588163224746	2.75779919274939411
336467211.090872168541	2792114.046181492042	-1829606.255564206047	-1479994.033742903499	2.07034860665885834	-2.62100006383204853	2.75780648775371784
336467211.107122182846	2792129.645224287640	-1829624.379395634402	-1479943.318803845206	2.07033184820448879	-2.62099424612108400	2.75781378290403589
336467211.123372197151	2792145.243535195943	-1829642.502733913483	-1479892.603481323924	2.07031528319086178	-2.62098815620568759	2.75782117831370011
336467211.139622151852	2792160.841143206228	-1829660.625663878629	-1479841.888030489907	2.07029882614971106	-2.62098191453769269	2.75782862966185771
336467211.155872166157	2792176.438102406450	-1829678.748307233909	-1479791.172031036578	2.07028236887658856	-2.62097567292748268	2.75783608122727042
336467211.172122180462	2792192.034416456707	-1829696.870490696747	-1479740.455724344822	2.07026591149354378	-2.62096943141662297	2.75784353295261964
336467211.188372194767	2792207.629990840331	-1829714.992329456378	-1479689.739026106661	2.07024945400257243	-2.62096318999873246	2.75785098483388813
336467211.204622209072	2792223.224898768589	-1829733.113800722407	-1479639.022004962899	2.07023299640067737	-2.62095694868339280	2.75785843687710130
336467211.220872163773	2792238.819069385529	-1829751.234773726435	-1479588.304825112922	2.07021637448006013	-2.62095089262968894	2.75786585952107410
336467211.237122178078	2792254.413818882778	-1829769.355346718105	-1479537.587769708131	2.07019949043572415	-2.62094513211531588	2.75787323513863569
336467211.253372192383	2792270.006710115355	-1829787.475617558928	-1479486.869728289079	2.07018260628962425	-2.62093937169849056	2.75788061090607162
336467211.269622206688	2792285.598859193735	-1829805.595553846098	-1479436.151317900978	2.07016572203976157	-2.62093361138560210	2.75788798682739822
336467211.285872161388	2792301.190276592504	-1829823.714993379544	-1479385.432762107113	2.07014883781231873	-2.62092785121149419	2.75789536284383940
336467211.302122175694	2792316.781061982270	-1829841.834095775615	-1479334.713672174141	2.07013195335792677	-2.62092209109690799	2.75790273906692063
336467211.318372189999	2792332.371175449807	-1829859.952850392787	-1479283.994228214957	2.07011517159491287	-2.62091647068995837	2.75791016632451003
336467211.334622204304	2792347.960580327082	-1829878.071211609989	-1479233.274437126704	2.07009858920112588	-2.62091112127085646	2.75791769245406382
336467211.350872159004	2792363.549252393190	-1829896.189074858325	-1479182.554481392261	2.07008200670916853	-2.62090577196251884	2.75792521872995255
336467211.367122173309	2792379.137284557801	-1829914.306685947115	-1479131.834008386824	2.07006542412603345	-2.62090042274259183	2.75793274513811859
336467211.383372187614	2792394.724622658920	-1829932.423850683728	-1479081.113164258422	2.07004884144572721	-2.62089507363024055	2.75794027169061007
336467211.399622201920	2792410.311295427382	-1829950.540691316128	-1479030.392009335104	2.07003225867124607	-2.62088972461588732	2.75794779838140158
336467211.415872156620	2792425.897220976185	-1829968.657010862837	-1478979.670677657006	2.07001565907798835	-2.62088433241076757	2.75795529756506141
336467211.432122170925	2792441.482519936748	-1829986.773057929473	-1478928.948828704422	2.06999891074995990	-2.62087855820875859	2.75796255366574794
336467211.448372185230	2792457.067112633493	-1830004.888722369215	-1478878.226620743284	2.06998216232209620	-2.62087278409853974	2.75796980991324814
336467211.464622199535	2792472.651027831249	-1830023.003995277919	-1478827.504052583128	2.06996541378940258	-2.62086701009608225	2.75797706631759931
336467211.480872154236	2792488.234219159000	-1830041.118762463797	-1478776.781358255073	2.06994866515487352	-2.62086123619180889	2.75798432287277961
336467211.497122168541	2792503.816759526730	-1830059.233253473649	-1478726.058109364705	2.06993191642050789	-2.62085546237933320	2.75799157957477181
336467211.513372182846	2792519.398614563514	-1830077.347353529418	-1478675.334531397326	2.06991518257456564	-2.62084968061887924	2.75799884051785638
336467211.529622197151	2792534.979755584151	-1830095.461037685163	-1478624.610582308844	2.06989888524450638	-2.62084366451650297	2.75800622068089485
336467211.545872151852	2792550.560200371314	-1830113.574345507659	-1478573.886497780913	2.06988258792937607	-2.62083764855460410	2.75801360094235637
336467211.562122166157	2792566.140013201162	-1830131.687273953110	-1478523.161886241520	2.06986629038941317	-2.62083163264697827	2.75802098141182128
336467211.578372180462	2792581.719111845829	-1830149.799807431409	-1478472.436914277729	2.06984999274349857	-2.62082561683992799	2.75802836203650648
336467211.594622194767	2792597.297527479008	-1830167.911960734054	-1478421.711601353716	2.06983369499262970	-2.62081960113025936	2.75803574281440556
336467211.610872209072	2792612.875262453686	-1830186.023702440318	-1478370.985942716710	2.06981739713780488	-2.62081358551478250	2.75804312374351035
336467211.627122163773	2792628.452239944600	-1830204.135081644170	-1478320.260121816769	2.06980097510695016	-2.62080784050428361	2.75805037727618219
336467211.643372178078	2792644.028627807740	-1830222.246086404659	-1478269.533787431661	2.06978452083692410	-2.62080216566042878	2.75805759790724858
336467211.659622192383	2792659.604282557033	-1830240.356714972062	-1478218.807079324964	2.06976806646710099	-2.62079649091573996	2.75806481868646802
336467211.675872206688	2792675.179273240268	-1830258.466944564134	-1478168.080043556634	2.06975161199847868	-2.62079081626702504	2.75807203961183323
336467211.692122161388	2792690.753496757708	-1830276.576683508698	-1478117.352831031196	2.06973515755408677	-2.62078514174849486	2.75807926062570941
336467211.708372175694	2792706.327118169051	-1830294.686119768769	-1478066.625095292926	2.06971870288686688	-2.62077946729492872	2.75808648184537253
336467211.724622189999	2792721.900053228717	-1830312.795176737476	-1478015.897043775534	2.06970172709944444	-2.62077361425527133	2.75809399533496569
336467211.740872204304	2792737.472287538461	-1830330.903881865088	-1477965.168606881518	2.06968434704596937	-2.62076762272679709	2.75810173558835592
336467211.757122159004	2792753.043774582911	-1830349.012099707965	-1477914.440036462620	2.06966696688153551	-2.62076163130755724	2.75810947600417533
336467211.773372173309	2792768.614661837928	-1830367.120025645941	-1477863.710930948379	2.06964958660614329	-2.62075563999755623	2.75811721658242348
336467211.789622187614	2792784.184842717368	-1830385.227547646035	-1477812.981484247837	2.06963220621979138	-2.62074964879679673	2.75812495732309904
336467211.805872201920	2792799.754319530912	-1830403.334676496219	-1477762.251684477786	2.06961482572347810	-2.62074365770208662	2.75813269822419649
336467211.822122156620	2792815.323075791355	-1830421.441383084282	-1477711.521719103446	2.06959779843623393	-2.62073780890340968	2.75814014561967857
336467211.838372170925	2792830.891205562279	-1830439.547732724808	-1477660.791250712937	2.06958114594435783	-2.62073211109195636	2.75814728146343313
336467211.854622185230	2792846.458596790675	-1830457.653683679178	-1477610.060384605546	2.06956449335197146	-2.62072641337955137	2.75815441745718681
336467211.870872199535	2792862.025338385720	-1830475.759258728707	-1477559.329202948138	2.06954784066007269	-2.62072071576300436	2.75816155359893234
336467211.887122154236	2792877.592604839709	-1830493.864312021993	-1477508.598566042492	2.06953118786866064	-2.62071501824231623	2.75816868988867014
336467211.903372168541	2792893.157937189098	-1830511.969099530485	-1477457.866659007501	2.06951453497773574	-2.62070932081749142	2.75817582632639891
336467211.919622182846	2792908.722663186956	-1830530.073538233992	-1477407.134479883360	2.06949786183414997	-2.62070383412664709	2.75818273312961670
336467211.935872197151	2792924.286658440251	-1830548.177569292951	-1477356.401922280435	2.06948116004336846	-2.62069864598608770	2.75818931448542370
336467211.952122151852	2792939.849886553362	-1830566.281109667383	-1477305.669187921565	2.06946445816434643	-2.62069345793347486	2.75819589597637993
336467211.968372166157	2792955.412520301063	-1830584.384422790958	-1477254.935935331509	2.06944775632192490	-2.62068826999944848	2.75820247754954329
336467211.984622180462	2792970.974471144844	-1830602.487271270249	-1477204.202356039779	2.06943105414157369	-2.62068308209209899	2.75820905936373828
336467212.000872194767	2792986.535717905499	-1830620.589768778067	-1477153.468416550662	2.06941435212366631	-2.62067789433078246	2.75821564120519014
336467212.017122209072	2793002.096269451547	-1830638.691852470627	-1477102.734129932243	2.06939764263244275	-2.62067259863098112	2.75822235386672077
336467212.033372163773	2793017.656078174710	-1830656.793533557793	-1477051.999689593446	2.06938090128231078	-2.62066681863075202	2.75822965246849661
336467212.049622178078	2793033.215258337092	-1830674.894834298175	-1477001.264697064878	2.06936415970486332	-2.62066103869430567	2.75823695127953261
336467212.065872192383	2793048.773764245212	-1830692.995810208144	-1476950.529405624606	2.06934741802623012	-2.62065525885343220	2.75824425023962227
336467212.082122206688	2793064.331585132517	-1830711.096340294927	-1476899.793731179321	2.06933067624341671	-2.62064947911771773	2.75825154935478167
336467212.098372161388	2793079.888652089518	-1830729.196435409831	-1476849.057916080346	2.06931393435941668	-2.62064369947757925	2.75825884861899384
336467212.114622175694	2793095.445079313591	-1830747.296202216065	-1476798.321547607426	2.06929722729785759	-2.62063794736735201	2.75826616956595627
336467212.130872189999	2793111.000861238223	-1830765.395614334615	-1476747.584868338890	2.06928082051289497	-2.62063243132555934	2.75827367587480365
336467212.147122204304	2793126.555899115279	-1830783.494639104931	-1476696.847810591338	2.06926441363252689	-2.62062691537721593	2.75828118232252173
336467212.163372159004	2793142.110245406162	-1830801.593161148252	-1476646.110632845666	2.06924800677543974	-2.62062139956814910	2.75828868885740430
336467212.179622173309	2793157.663909646217	-1830819.691349930363	-1476595.372888197191	2.06923159969926829	-2.62061588382268873	2.75829619559288730
336467212.195872187614	2793173.216940970160	-1830837.789238861762	-1476544.634821101790	2.06921519252669261	-2.62061036817388349	2.75830370246924383
336467212.212122201920	2793188.769224848598	-1830855.886686215876	-1476493.896375298733	2.06919878525571566	-2.62060485262812293	2.75831120949048492
336467212.228372156620	2793204.320789374411	-1830873.983670264250	-1476443.157790257130	2.06918199398737590	-2.62059911848893545	2.75831858035761934
336467212.244622170925	2793219.871750623453	-1830892.080384185305	-1476392.418705998454	2.06916513535729241	-2.62059334613477324	2.75832592749675376
336467212.260872185230	2793235.421987987123	-1830910.176659321180	-1476341.679232563591	2.06914827662542233	-2.62058757387757568	2.75833327478582202
336467212.277122199535	2793250.971577891149	-1830928.272590224631	-1476290.939442393370	2.06913141778976772	-2.62058180172373945	2.75834062222883336
336467212.293372154236	2793266.520398340188	-1830946.368061803048	-1476240.199480221607	2.06911455897632424	-2.62057602970818770	2.75834796976722840
336467212.309622168541	2793282.068586892914	-1830964.463153904537	-1476189.458991039079	2.06909769993609505	-2.62057025775149199	2.75835531751210938
336467212.325872182846	2793297.616134652868	-1830982.557891601697	-1476138.718185121892	2.06908122176938747	-2.62056478273431237	2.75836255437494682
336467212.342122197151	2793313.162898368202	-1831000.652247770922	-1476087.976975316880	2.06906483862893875	-2.62055938191300974	2.75836976364972886
336467212.358372151852	2793328.708972621709	-1831018.746175117325	-1476037.235637200298	2.06904845539169013	-2.62055398119669114	2.75837697306981600
336467212.374622166157	2793344.254466108046	-1831036.839749488514	-1475986.493784412742	2.06903207206063566	-2.62054858057577134	2.75838418262919438
336467212.390872180462	2793359.799221008085	-1831054.932958948193	-1475935.751577139832	2.06901568863776886	-2.62054318004386033	2.75839139232385522
336467212.407122194767	2793375.343266318552	-1831073.025731428759	-1475885.009010628797	2.06899930512009700	-2.62053777961055001	2.75839860215981103
336467212.423372209072	2793390.886653167661	-1831091.118190777255	-1475834.266115499428	2.06898272327016652	-2.62053220496343586	2.75840580544769232
336467212.439622163773	2793406.429309494328	-1831109.210141507443	-1475783.523061664775	2.06896598878754379	-2.62052649623871758	2.75841300368657016
336467212.455872178078	2793421.971303785220	-1831127.301825776696	-1475732.779459210113	2.06894925408243768	-2.62052078756719498	2.75842020212597783
336467212.472122192383	2793437.512602938339	-1831145.393053962849	-1475682.035516752861	2.06893251927593891	-2.62051507899610625	2.75842740071647174
336467212.488372206688	2793453.053235882893	-1831163.483935740078	-1475631.291233567055	2.06891578437004231	-2.62050937051906541	2.75843459945404224
336467212.504622161388	2793468.593162825797	-1831181.574333844706	-1475580.546811143402	2.06889904936175340	-2.62050366214566166	2.75844179834470182
336467212.520872175694	2793484.133666440379	-1831199.664321092423	-1475529.802525045816	2.06888257118522834	-2.62049808503770043	2.75844863106488214
336467212.537122189999	2793499.672236183193	-1831217.754038841696	-1475479.057206874248	2.06886636014176606	-2.62049264444016083	2.75845508292964281
336467212.553372204304	2793515.210125175770	-1831235.843365801964	-1475428.311553683365	2.06885014900730990	-2.62048720392937362	2.75846153493341939
336467212.569622159004	2793530.747298208065	-1831253.932228494668	-1475377.565736076562	2.06883393790210413	-2.62048176354102624	2.75846798702622698
336467212.585872173309	2793546.283800278325	-1831272.020781875355	-1475326.819388859440	2.06881772658865248	-2.62047632319416657	2.75847443930202063
336467212.602122187614	2793561.819619422778	-1831290.108954941155	-1475276.072700682096	2.06880151518520261	-2.62047088293086938	2.75848089171482513
336467212.618372201920	2793577.354755647946	-1831308.196747682523	-1475225.325671547092	2.06878525127977264	-2.62046536076075043	2.75848750950682131
336467212.634622156620	2793592.889159195125	-1831326.284042253625	-1475174.578477765899	2.06876883101446296	-2.62045959424468844	2.75849462010075808
336467212.650872170925	2793608.422905241139	-1831344.371028452413	-1475123.830736551201	2.06875241065243998	-2.62045382781321257	2.75850173083643169
336467212.667122185230	2793623.955989445094	-1831362.457647260744	-1475073.082666489063	2.06873599018971266	-2.62044806147910991	2.75850884172185751
336467212.683372199535	2793639.488372922875	-1831380.543905751547	-1475022.334261408309	2.06871956962927328	-2.62044229523279304	2.75851595275102435
336467212.699622154236	2793655.020025908481	-1831398.629655578174	-1474971.585697623901	2.06870314908791375	-2.62043652912831959	2.75852306387913160
336467212.715872168541	2793670.551037031226	-1831416.715087492019	-1474920.836574523477	2.06868672779214169	-2.62043077239263722	2.75853018331114752
336467212.732122182846	2793686.081378433388	-1831434.800194809912	-1474870.087146567646	2.06867027833694284	-2.62042550541122488	2.75853772881092674
336467212.748372197151	2793701.611019247677	-1831452.884865730768	-1474819.337347490713	2.06865382878732440	-2.62042023853366990	2.75854527445023878
336467212.764622151852	2793717.139917337336	-1831470.969091738807	-1474768.587401819415	2.06863737914428514	-2.62041497175677707	2.75855282022707993
336467212.780872166157	2793732.668187850155	-1831489.053001654800	-1474717.836926766904	2.06862092940782460	-2.62040970508055127	2.75856036614144795
336467212.797122180462	2793748.195761045441	-1831507.136508120224	-1474667.086098644882	2.06860447957794236	-2.62040443850499249	2.75856791219334374
336467212.813372194767	2793763.722644670866	-1831525.219644400757	-1474616.334929563571	2.06858802965563626	-2.62039917202690731	2.75857545838076312
336467212.829622209072	2793779.248856544029	-1831543.302390479250	-1474565.583413583459	2.06857131416147588	-2.62039343961907356	2.75858267430130377
336467212.845872163773	2793794.774292349815	-1831561.384687315207	-1474514.831725600408	2.06855458441151630	-2.62038768227580254	2.75858987254199395
336467212.862122178078	2793810.299152872991	-1831579.466653576819	-1474464.079546942608	2.06853785443526395	-2.62038192499493006	2.75859707099034646
336467212.878372192383	2793825.823280556127	-1831597.548222540878	-1474413.326983865118	2.06852112435876201	-2.62037616780807081	2.75860426958689908
336467212.894622206688	2793841.346760867164	-1831615.629404983716	-1474362.574111177819	2.06850439418001431	-2.62037041072162102	2.75861146833565840
336467212.910872161388	2793856.869463996962	-1831633.710136942798	-1474311.821047250880	2.06848766389802385	-2.62036465373878169	2.75861866723862548
336467212.927122175694	2793872.391527356580	-1831651.790574349929	-1474261.067473179661	2.06847123019609747	-2.62035875745469982	2.75862599094274374
336467212.943372189999	2793887.912936786190	-1831669.870601525065	-1474210.313546268735	2.06845484023669179	-2.62035284067638052	2.75863333322897963
336467212.959622204304	2793903.433645547368	-1831687.950226136949	-1474159.559291467303	2.06843845017579842	-2.62034692398902758	2.75864067566284232
336467212.975872159004	2793918.953614967875	-1831706.029404890956	-1474108.804864892969	2.06842206013198115	-2.62034100744140730	2.75864801819382688
336467212.992122173309	2793934.472954649478	-1831724.108278007479	-1474058.049902995117	2.06840566986312480	-2.62033509095197514	2.75865536093295560
336467213.008372187614	2793949.991600293666	-1831742.186780593824	-1474007.294606080046	2.06838927949178109	-2.62032917455671255	2.75866270382171441
336467213.024622201920	2793965.509550815914	-1831760.264869219624	-1473956.538962036604	2.06837278672611147	-2.62032336036367131	2.75866995862350173
336467213.040872156620	2793981.026763126254	-1831778.342513203155	-1473905.783165459055	2.06835623597319174	-2.62031760404675795	2.75867716363897220
336467213.057122170925	2793996.543375788722	-1831796.419822907541	-1473855.026840912644	2.06833968511969024	-2.62031184782612936	2.75868436880325207
336467213.073372185230	2794012.059256584849	-1831814.496757437242	-1473804.270161883440	2.06832313416660263	-2.62030609169859297	2.75869157411433852
336467213.089622199535	2794027.574465688784	-1831832.573259523837	-1473753.513143081218	2.06830658311193449	-2.62030033567054454	2.75869877957623633
336467213.105872154236	2794043.088938688394	-1831850.649390890263	-1473702.755963431206	2.06829003207941975	-2.62029457977678559	2.75870598513143417
336467213.122122168541	2794058.602760958485	-1831868.725119252689	-1473651.998250601813	2.06827402450046982	-2.62028884221693170	2.75871280323409307
336467213.138372182846	2794074.115940326825	-1831886.800503580132	-1473601.240215094993	2.06825843928440811	-2.62028311894821897	2.75871932025613065
336467213.154622197151	2794089.628384535201	-1831904.875521972543	-1473550.481799924048	2.06824285397579999	-2.62027739576080299	2.75872583741685418
336467213.170872151852	2794105.141358288471	-1831922.949934438569	-1473499.723937819013	2.06822726857464545	-2.62027167265468552	2.75873235471626366
336467213.187122166157	2794120.652430123650	-1831941.024159991881	-1473448.964847857598	2.06821168308194014	-2.62026594962667092	2.75873887215235758
336467213.203372180462	2794136.162856797222	-1831959.097988493042	-1473398.205454229377	2.06819609749469269	-2.62026022668635417	2.75874538973114136
336467213.219622194767	2794151.672568600159	-1831977.171420912025	-1473347.445652416209	2.06818009327997032	-2.62025444923777773	2.75875215328973189
336467213.235872209072	2794167.181591867935	-1831995.244463031879	-1473296.685546709457	2.06816315390517236	-2.62024854992702672	2.75875946623952117
336467213.252122163773	2794182.689875818789	-1832013.317059254739	-1473245.925269228639	2.06814621454974912	-2.62024265075863383	2.75876677929055569
336467213.268372178078	2794198.197518900502	-1832031.389359653927	-1473195.164462364512	2.06812927496452126	-2.62023675164811110	2.75877409255142503
336467213.284622192383	2794213.704504721798	-1832049.461250682594	-1473144.403327839915	2.06811233527307969	-2.62023085264090572	2.75878140596983590
336467213.300872206688	2794229.210763180628	-1832067.532766822958	-1473093.641832889756	2.06809539547741794	-2.62022495373062592	2.75878871954178440
336467213.317122161388	2794244.716296780389	-1832085.603817955358	-1473042.880185404560	2.06807861492778100	-2.62021918983112645	2.75879607046201825
336467213.333372175694	2794260.221209678799	-1832103.674521828070	-1472992.117997841910	2.06806229584665324	-2.62021381677720511	2.75880352924232986
336467213.349622189999	2794275.725434008520	-1832121.744877598947	-1472941.355499254074	2.06804597667211087	-2.62020844381870877	2.75881098815949288
336467213.365872204304	2794291.228968922514	-1832139.814829233801	-1472890.592616478447	2.06802965740116385	-2.62020307096523597	2.75881844721951053
336467213.382122159004	2794306.731743351091	-1832157.884355881484	-1472839.829593049595	2.06801333815983224	-2.62019769823598292	2.75882590635500780
336467213.398372173309	2794322.233903619926	-1832175.953503820114	-1472789.066047365079	2.06799701870006292	-2.62019232557976745	2.75883336569272641
336467213.414622187614	2794337.735383304767	-1832194.022324324353	-1472738.302141712746	2.06798069244396032	-2.62018694521116613	2.75884082050871848
336467213.430872201920	2794353.236154611688	-1832212.090708933771	-1472687.537896059686	2.06796400539980851	-2.62018114479033759	2.75884802478503577
336467213.447122156620	2794368.736192066222	-1832230.158670083620	-1472636.773502627388	2.06794731825176425	-2.62017534447295342	2.75885522921627624
336467213.463372170925	2794384.235587750562	-1832248.226271020947	-1472586.008557005320	2.06793063100381325	-2.62016954424622561	2.75886243379443696
336467213.479622185230	2794399.734331589658	-1832266.293527241563	-1472535.243300587172	2.06791394365296544	-2.62016374411974828	2.75886963852552025
336467213.495872199535	2794415.232329189312	-1832284.360385120381	-1472484.477677576942	2.06789725620121345	-2.62015794408713276	2.75887684340552353
336467213.512122154236	2794430.729644266888	-1832302.426782916766	-1472433.711915555177	2.06788056877030080	-2.62015214419309039	2.75888404838294621
336467213.528372168541	2794446.226291814353	-1832320.492870363872	-1472382.945598744554	2.06786356380542635	-2.62014652864253783	2.75889137700900688
336467213.544622182846	2794461.722268790938	-1832338.558568738867	-1472332.178954272298	2.06784654047217131	-2.62014092379971331	2.75889871288949706
336467213.560872197151	2794477.217550695408	-1832356.623853074852	-1472281.411962670973	2.06782951703743034	-2.62013531906102815	2.75890604892125602
336467213.577122151852	2794492.712075498421	-1832374.688711473718	-1472230.644805238582	2.06781249350219865	-2.62012971442329023	2.75891338510228223
336467213.593372166157	2794508.205991727766	-1832392.753234887030	-1472179.877131721471	2.06779546986647667	-2.62012410988649957	2.75892072143257527
336467213.609622180462	2794523.699231785722	-1832410.817367674317	-1472129.109117245534	2.06777844612926742	-2.62011850545385716	2.75892805791413576
336467213.625872194767	2794539.191746815573	-1832428.881136319134	-1472078.340730463155	2.06776193703779843	-2.62011283727478306	2.75893518967021745
336467213.642122209072	2794554.683600167278	-1832446.944453029893	-1472027.572029086994	2.06774563784511489	-2.62010714314778115	2.75894223799373695
336467213.658372163773	2794570.174729735591	-1832465.007390318904	-1471976.803180160001	2.06772933867658315	-2.62010144914771415	2.75894928640593129
336467213.674622178078	2794585.665165140294	-1832483.069960549008	-1471926.033758162754	2.06771303928843286	-2.62009575520589699	2.75895633501950543
336467213.690872192383	2794601.154948843177	-1832501.132207316346	-1471875.264007544843	2.06769673980354485	-2.62009006135347677	2.75896338377610695
336467213.707122206688	2794616.644047456328	-1832519.194020599127	-1471824.493934980128	2.06768044021992514	-2.62008436759685370	2.75897043267973618
336467213.723372161388	2794632.132423553616	-1832537.255379611859	-1471773.723697997164	2.06766402714676101	-2.62007868319389203	2.75897734811291651
336467213.739622175694	2794647.620139921550	-1832555.316419313196	-1471722.952925463440	2.06764749002779347	-2.62007300899512874	2.75898411762651197
336467213.755872189999	2794663.107203557156	-1832573.377049893606	-1471672.181819328340	2.06763095281101217	-2.62006733488940391	2.75899088728777242
336467213.772122204304	2794678.593520969618	-1832591.437282103347	-1471621.410346596735	2.06761441549840974	-2.62006166087032177	2.75899765709269840
336467213.788372159004	2794694.079118932597	-1832609.497156108962	-1471570.638731069397	2.06759787821062879	-2.62005598698167708	2.75900442699297965
336467213.804622173309	2794709.565354056656	-1832627.556498799473	-1471519.867263011402	2.06758134070339317	-2.62005031314548420	2.75901119709123455
336467213.820872187614	2794725.049629680812	-1832645.615579368081	-1471469.094767404953	2.06756476277682300	-2.62004460576940446	2.75901818185566094
336467213.837122201920	2794740.533249129541	-1832663.674336134922	-1471418.321949121775	2.06754812581650738	-2.62003884933320386	2.75902548030585537
336467213.853372156620	2794756.016077113338	-1832681.732576966286	-1471367.548934613355	2.06753148875271497	-2.62003309300154363	2.75903277890982901
336467213.869622170925	2794771.498323229142	-1832699.790497258306	-1471316.775429429952	2.06751485158843451	-2.62002733676483457	2.75904007766158221
336467213.885872185230	2794786.979853185359	-1832717.848032725509	-1471266.001557880314	2.06749821432266856	-2.62002158062627633	2.75904737656311472
336467213.902122199535	2794802.460708071943	-1832735.905220965855	-1471215.227357481606	2.06748157695641321	-2.62001582458267146	2.75905467561242679
336467213.918372154236	2794817.940800326411	-1832753.961939464789	-1471164.452985082287	2.06746498834181747	-2.62001014604589111	2.75906192559641950
336467213.934622168541	2794833.420288681518	-1832772.018302328186	-1471113.678079960169	2.06744849780488682	-2.62000462378956778	2.75906907654689704
336467213.950872182846	2794848.899073945358	-1832790.074314817321	-1471062.902862400282	2.06743200741744326	-2.61999910169775418	2.75907622752798964
336467213.967122197151	2794864.377173266374	-1832808.129935121629	-1471012.127268006559	2.06741551668832990	-2.61999357963173063	2.75908337876411114
336467213.983372151852	2794879.854538822081	-1832826.185089684324	-1470961.351532959379	2.06739902610770931	-2.61998805773341559	2.75909053003284255
336467213.999622166157	2794895.331246851943	-1832844.239914416336	-1470910.575268302811	2.06738253530870475	-2.61998253589397834	2.75909768149949919
