336467206.699557483196 0.000081250000
336467206.699557483196	2787873.477505154442	-1824694.433266338427	-1493686.256616931641	2.07482255869971732	-2.62256323572941996	2.75581814311211115
336467206.715807497501	2787889.262083474547	-1824712.661355646327	-1493635.635496418225	2.07480627610653645	-2.62255736775720472	2.75582524277309693
336467206.732057511806	2787905.045937233604	-1824730.889027925441	-1493585.013997425092	2.07478909226570041	-2.62255116468551819	2.75583271319860046
336467206.748307466507	2787920.829062131699	-1824749.116321462905	-1493534.392356822500	2.07477190831282776	-2.62254496171780138	2.75584018378899387
336467206.764557480812	2787936.612798958551	-1824767.343101297040	-1493483.770837094169	2.07475472424691398	-2.62253875885724019	2.75584765454630043
336467206.780807495117	2787952.394582574256	-1824785.569589530351	-1493433.148279118119	2.07473754006996458	-2.62253255609746638	2.75585512546647360
336467206.797057509422	2787968.175717249978	-1824803.795788153308	-1493382.525410575792	2.07472035578298364	-2.62252635343529894	2.75586259654748922
336467206.813307464123	2787983.956091949251	-1824822.021432870300	-1493331.902359105181	2.07470317150834216	-2.62252015092795521	2.75587006774197985
336467206.829557478428	2787999.735833076760	-1824840.246858043829	-1493281.278783235699	2.07468642115800517	-2.62251424208671091	2.75587739023635159
336467206.845807492733	2788015.514901933726	-1824858.471851679264	-1493230.654867592966	2.07466968675730623	-2.62250834420508250	2.75588470737968727
336467206.862057507038	2788031.293260840699	-1824876.696472591721	-1493180.030567758018	2.07465295225365454	-2.62250244641929919	2.75589202467455108
336467206.878307461739	2788047.070889774710	-1824894.920629156055	-1493129.406121330336	2.07463621764403783	-2.62249654873892402	2.75589934212701104
336467206.894557476044	2788062.847879526671	-1824913.144480275689	-1493078.781151459552	2.07461948293146659	-2.62249065115439928	2.75590665973099869
336467206.910807490349	2788078.624197192024	-1824931.367921071826	-1493028.155823992565	2.07460274811593948	-2.62248475366572942	2.75591397748651445
336467206.927057504654	2788094.399842574261	-1824949.590972523205	-1492977.530149624450	2.07458628196318706	-2.62247919293034126	2.75592132873458784
336467206.943307459354	2788110.174725777470	-1824967.813598704757	-1492926.904315364547	2.07456984928251131	-2.62247367421953070	2.75592868421563786
336467206.959557473660	2788125.948987572454	-1824986.035899452632	-1492876.277951722266	2.07455341638152380	-2.62246815557666313	2.75593603989986224
336467206.975807487965	2788141.722521683667	-1825004.257805228233	-1492825.651216956321	2.07453698338711678	-2.62246263702208005	2.75594339572051394
336467206.992057502270	2788157.495409066323	-1825022.479334914824	-1492775.024141460657	2.07452055029427385	-2.62245711857171626	2.75595075168770487
336467207.008307456970	2788173.267580908258	-1825040.700423333561	-1492724.396931482246	2.07450411710299498	-2.62245160022557489	2.75595810780143369
336467207.024557471275	2788189.039103838615	-1825058.921162531245	-1492673.769169311970	2.07448753713921175	-2.62244588024440972	2.75596536548757376
336467207.040807485580	2788204.809897732921	-1825077.141526539577	-1492623.141027477337	2.07447087809566977	-2.62244005174765915	2.75597257025447906
336467207.057057499886	2788220.580028300639	-1825095.361535603413	-1492572.512570091989	2.07445421895229121	-2.62243422334147391	2.75597977516837123
336467207.073307454586	2788236.349427745678	-1825113.581079117954	-1492521.883946872549	2.07443755982759903	-2.62242839508032821	2.75598698018382882
336467207.089557468891	2788252.118199351244	-1825131.800286350073	-1492471.254783575190	2.07442090047852901	-2.62242256687439701	2.75599418540382457
336467207.105807483196	2788267.886299850419	-1825150.019105392508	-1492420.625292614102	2.07440424102861698	-2.62241673876222459	2.75600139077282869
336467207.122057497501	2788283.653679102659	-1825168.237582474714	-1492369.995434101438	2.07438797059343338	-2.62241098730470279	2.75600866728484695
336467207.138307511806	2788299.420395082328	-1825186.455628601369	-1492319.365223933011	2.07437198927741928	-2.62240529284869961	2.75601599670982456
336467207.154557466507	2788315.186341118068	-1825204.673216187628	-1492268.734841760015	2.07435600786279073	-2.62239959849071891	2.75602332627983682
336467207.170807480812	2788330.951702608261	-1825222.890494569438	-1492218.103962969966	2.07434002635255643	-2.62239390422120699	2.75603065598881836
336467207.187057495117	2788346.716339556966	-1825241.107398057356	-1492167.472698572557	2.07432404474370635	-2.62238821004972333	2.75603798584283499
336467207.203307509422	2788362.480293122586	-1825259.323921988951	-1492116.841093216557	2.07430806303724236	-2.62238251597308603	2.75604531583986390
336467207.219557464123	2788378.243541300762	-1825277.540006431518	-1492066.209360733861	2.07429184757599483	-2.62237672452691539	2.75605263236486486
336467207.235807478428	2788394.006122648250	-1825295.755748777417	-1492015.577049464919	2.07427514693408144	-2.62237073088721928	2.75605992097715990
336467207.252057492733	2788409.767995066475	-1825313.971098288894	-1491964.944391068071	2.07425844618781685	-2.62236473734274966	2.75606720974289665
336467207.268307507038	2788425.529214139562	-1825332.186081822263	-1491914.311391939176	2.07424174533519290	-2.62235874389988100	2.75607449866611942
336467207.284557461739	2788441.289736628998	-1825350.400605249219	-1491863.678271625889	2.07422504437520727	-2.62235275056180495	2.75608178774884838
336467207.300807476044	2788457.049532380421	-1825368.614822843345	-1491813.044547118945	2.07420834331387693	-2.62234675730940170	2.75608907697895500
336467207.317057490349	2788472.808710314799	-1825386.828626090428	-1491762.410520357545	2.07419165026395369	-2.62234077037273616	2.75609649320195427
336467207.333307504654	2788488.567171526607	-1825405.042045456590	-1491711.776127229212	2.07417497869808365	-2.62233480005590636	2.75610424687701272
336467207.349557459354	2788504.324915054254	-1825423.255076170433	-1491661.141586548882	2.07415830714834559	-2.62232882988376170	2.75611200064852380
336467207.365807473660	2788520.082011872437	-1825441.467704950832	-1491610.506506746169	2.07414163536848317	-2.62232285977395252	2.75611975463357695
336467207.382057487965	2788535.838413014077	-1825459.680005002068	-1491559.871065560495	2.07412496348011821	-2.62231688977244026	2.75612750877665880
336467207.398307502270	2788551.595407437533	-1825477.891764315544	-1491509.235977132805	2.07410829148425435	-2.62231091987603859	2.75613526307574785
336467207.414557456970	2788567.350390997715	-1825496.103199070785	-1491458.600043639541	2.07409161874609316	-2.62230495351675685	2.75614299600933821
336467207.430807471275	2788583.104732102714	-1825514.314337583724	-1491407.963561523473	2.07407493020461242	-2.62229907213020663	2.75615019688058416
336467207.447057485580	2788598.858392171562	-1825532.525107281283	-1491357.326726564672	2.07405824156125718	-2.62229319083751422	2.75615739790231640
336467207.463307499886	2788614.611375542358	-1825550.735445034690	-1491306.689557775389	2.07404155281402147	-2.62228730964505807	2.75616459907857614
336467207.479557454586	2788630.363614745438	-1825568.945316491183	-1491256.052212455077	2.07402486408866604	-2.62228142858539259	2.75617180034981990
336467207.495807468891	2788646.115216951817	-1825587.154914160026	-1491205.414342509117	2.07400817513567359	-2.62227554758703940	2.75617900183109166
336467207.512057483196	2788661.866154727060	-1825605.364113436546	-1491154.776144900825	2.07399148607980122	-2.62226966668574279	2.75618620346486987
336467207.528307497501	2788677.616401538718	-1825623.572921104264	-1491104.137576397043	2.07397541965623855	-2.62226396696803521	2.75619400868049169
336467207.544557511806	2788693.365969309118	-1825641.781328244600	-1491053.498678819044	2.07395937562298549	-2.62225827389976329	2.75620183584079337
336467207.560807466507	2788709.114741776604	-1825659.989326952724	-1491002.859578114934	2.07394333149119703	-2.62225258092738489	2.75620966314187310
336467207.577057480812	2788724.862926261034	-1825678.196962241316	-1490952.219980565133	2.07392728725786579	-2.62224688806046657	2.75621749058979226
336467207.593307495117	2788740.610428563319	-1825696.404227509396	-1490901.580010934267	2.07391124292298956	-2.62224119529900968	2.75622531818454997
336467207.609557509422	2788756.357263116166	-1825714.611095244065	-1490850.939738820773	2.07389519848957793	-2.62223550263345473	2.75623314592008484
336467207.625807464123	2788772.103282114957	-1825732.817550905980	-1490800.299248873256	2.07387903631805592	-2.62222972831082712	2.75624037791618370
336467207.642057478428	2788787.848749008961	-1825751.023637250066	-1490749.658264907077	2.07386282405937195	-2.62222391939739641	2.75624735778022378
336467207.658307492733	2788803.593477947637	-1825769.229347686516	-1490699.016913158819	2.07384661170112539	-2.62221811057831200	2.75625433779276330
336467207.674557507038	2788819.337544778828	-1825787.434712687507	-1490648.375214738771	2.07383039924531953	-2.62221230184720300	2.75626131794976192
336467207.690807461739	2788835.080843874719	-1825805.639608603669	-1490597.733350256458	2.07381418668894568	-2.62220649321363197	2.75626829825728015
336467207.707057476044	2788850.823555170093	-1825823.844162317924	-1490547.090971104335	2.07379797403501254	-2.62220068466804213	2.75627527870925748
336467207.723307490349	2788866.565528688021	-1825842.048361347523	-1490496.448206346249	2.07378173805128529	-2.62219470690875855	2.75628236052676323
336467207.739557504654	2788882.306848923210	-1825860.252152125584	-1490445.805107983528	2.07376547790720567	-2.62218855394565509	2.75628954730699594
336467207.755807459354	2788898.047421499155	-1825878.455498402007	-1490395.161868969677	2.07374921777898535	-2.62218240111468637	2.75629673418510013
336467207.772057473660	2788913.787375059444	-1825896.658529908862	-1490344.518088688375	2.07373295742339758	-2.62217624834038521	2.75630392127590440
336467207.788307487965	2788929.526656439062	-1825914.861129736295	-1490293.873968636151	2.07371669696105121	-2.62217009566367931	2.75631110852401484
336467207.804557502270	2788945.265226754826	-1825933.063389325049	-1490243.229488385608	2.07370043639495361	-2.62216394307500611	2.75631829592337230
336467207.820807456970	2788961.003031677566	-1825951.265190583421	-1490192.584830190055	2.07368398209814231	-2.62215789551079492	2.75632551944065618
336467207.837057471275	2788976.740223043598	-1825969.466699529672	-1490141.939654723741	2.07366725824655740	-2.62215199406178456	2.75633279315536051
336467207.853307485580	2788992.476725629065	-1825987.667806361336	-1490091.294114304241	2.07365053429116974	-2.62214609271109467	2.75634006702354606
336467207.869557499886	2789008.212561682332	-1826005.868483003229	-1490040.648247409379	2.07363381023298166	-2.62214019145554245	2.75634734104319401
336467207.885807454586	2789023.947629998904	-1826024.068732733373	-1489990.002207325306	2.07361708619400131	-2.62213429034057866	2.75635461516230773
336467207.902057468891	2789039.682072670199	-1826042.268677823944	-1489939.355625975877	2.07360036192720365	-2.62212838928486835	2.75636188949093563
336467207.918307483196	2789055.415877655614	-1826060.468238912290	-1489888.708742373856	2.07358394514240185	-2.62212253515358995	2.75636887053660473
336467207.934557497501	2789071.148953681812	-1826078.667424684856	-1489838.061479106778	2.07356811280708531	-2.62211677010872224	2.75637529407413240
336467207.950807511806	2789086.881334314123	-1826096.866176269948	-1489787.413858012762	2.07355228037944572	-2.62211100514193340	2.75638171775066265
336467207.967057466507	2789102.612999476492	-1826115.064528647345	-1489736.766095309518	2.07353644785647351	-2.62210524026279046	2.75638814157225420
336467207.983307480812	2789118.343999028206	-1826133.262540007941	-1489686.117773059290	2.07352061524217879	-2.62209947545854316	2.75639456553082907
336467207.999557495117	2789134.074328528251	-1826151.460193610750	-1489635.469102723524	2.07350478253255055	-2.62209371074194664	2.75640098963446523
336467208.015807509422	2789149.804010435939	-1826169.657398214098	-1489584.820119208889	2.07348884936078193	-2.62208792770945731	2.75640751996373323
336467208.032057464123	2789165.532911333721	-1826187.854196179658	-1489534.170962504577	2.07347212023252059	-2.62208199893134530	2.75641489170167020
336467208.048307478428	2789181.262413136195	-1826206.050532402704	-1489483.521925490582	2.07345539074928364	-2.62207607018086009	2.75642226371159804
336467208.064557492733	2789196.990009573754	-1826224.246646344662	-1489432.871880620951	2.07343866141228705	-2.62207014159916607	2.75642963575641842
336467208.080807507038	2789212.716900504660	-1826242.442324259551	-1489382.221470570192	2.07342193171930811	-2.62206421304829451	2.75643700807525160
336467208.097057461739	2789228.443069355562	-1826260.637570892461	-1489331.570926037151	2.07340520217056667	-2.62205828467259483	2.75644438043301054
336467208.113307476044	2789244.168591512367	-1826278.832499905024	-1489280.919828126207	2.07338849629575250	-2.62205236558920429	2.75645174151493144
336467208.129557490349	2789259.893432521727	-1826297.027038767468	-1489230.268395198276	2.07337243312140096	-2.62204669496381815	2.75645879387585913
336467208.145807504654	2789275.617606997024	-1826315.221189612057	-1489179.616628665943	2.07335636985195482	-2.62204102442660991	2.75646584637718384
336467208.162057459354	2789291.341003828682	-1826333.414890716085	-1489128.964670894435	2.07334030648440804	-2.62203535398714793	2.75647289902496073
336467208.178307473660	2789307.063772879075	-1826351.608297599247	-1489078.312165915966	2.07332424302276852	-2.62202968363268241	2.75647995181111494
336467208.194557487965	2789322.785870744381	-1826369.801294909790	-1489027.659351098584	2.07330817946402846	-2.62202401337277680	2.75648700474170383
336467208.210807502270	2789338.507317697629	-1826387.993894671090	-1488977.006190796616	2.07329211580919015	-2.62201834320424920	2.75649405781470636
336467208.227057456970	2789354.227969214786	-1826406.186106868787	-1488926.352838067338	2.07327546181293787	-2.62201250524948426	2.75650133849672407
336467208.243307471275	2789369.948012956418	-1826424.377867785282	-1488875.698959512170	2.07325863889633411	-2.62200661938226487	2.75650868440426011
336467208.259557485580	2789385.667342126835	-1826442.569352440536	-1488825.044749509078	2.07324181587737844	-2.62200073360863328	2.75651603046188542
336467208.275807499886	2789401.385998168960	-1826460.760425403016	-1488774.390162670054	2.07322499275306482	-2.62199484793815429	2.75652337667565517
336467208.292057454586	2789417.103970009834	-1826478.951029468793	-1488723.735467943363	2.07320816952339149	-2.62198896237083368	2.75653072304556845
336467208.308307468891	2789432.821219476406	-1826497.141348844161	-1488673.080173779977	2.07319134619136403	-2.62198307689710797	2.75653806956557146
336467208.324557483196	2789448.537840091623	-1826515.331263564760	-1488622.424583301414	2.07317515616490677	-2.62197763864512723	2.75654566773613974
336467208.340807497501	2789464.253765326459	-1826533.520786243491	-1488571.768627872225	2.07315919855397190	-2.62197236461515892	2.75655335835857151
336467208.357057511806	2789479.969013919123	-1826551.709919058951	-1488521.112331483047	2.07314324084981561	-2.62196709068817269	2.75656104911730049
336467208.373307466507	2789495.683471597731	-1826569.898622394772	-1488470.455843853299	2.07312728317283312	-2.62196181689226648	2.75656873994919982
336467208.389557480812	2789511.397324757185	-1826588.086991769262	-1488419.798834196292	2.07311132528423858	-2.62195654316487614	2.75657643097648419
336467208.405807495117	2789527.110513563734	-1826606.274962629192	-1488369.141496877419	2.07309536730342492	-2.62195126953728641	2.75658412213804560
336467208.422057509422	2789542.823012446985	-1826624.462563906098	-1488318.483818599721	2.07307905268991899	-2.62194579066131439	2.75659159187169678
336467208.438307464123	2789558.534738194663	-1826642.649715719046	-1488267.825943139149	2.07306237609623789	-2.62194010347007245	2.75659883687617491
336467208.454557478428	2789574.245860586874	-1826660.836534746224	-1488217.167564891977	2.07304569940477990	-2.62193441637007707	2.75660608202466939
336467208.470807492733	2789589.956306346226	-1826679.022963891970	-1488166.508845684584	2.07302902261253719	-2.62192872937089350	2.75661332732323272
336467208.487057507038	2789605.666033319198	-1826697.209019459318	-1488115.849754167721	2.07301234572151438	-2.62192304246614682	2.75662057276782990
336467208.503307461739	2789621.375046092551	-1826715.394600914093	-1488065.190504175611	2.07299566885237230	-2.62191735570290829	2.75662781830869008
336467208.519557476044	2789637.083398721647	-1826733.579905953957	-1488014.530711502768	2.07297904140158273	-2.62191158483659992	2.75663544390700110
336467208.535807490349	2789652.791073741857	-1826751.764790553600	-1487963.870598295005	2.07296248161407570	-2.62190569918000360	2.75664358821085287
336467208.552057504654	2789668.498083245941	-1826769.949317626422	-1487913.210131060798	2.07294592171674541	-2.62189981363991054	2.75665173267301267
336467208.568307459354	2789684.204350844026	-1826788.133367779898	-1487862.549493237399	2.07292936171059416	-2.62189392821313394	2.75665987729146211
336467208.584557473660	2789699.909955040086	-1826806.317066367250	-1487811.888301810948	2.07291280159762525	-2.62188804289330024	2.75666802206216577
336467208.600807487965	2789715.614895813167	-1826824.500472977059	-1487761.226798402378	2.07289624137683592	-2.62188215768359933	2.75667616698714202
336467208.617057502270	2789731.319122321904	-1826842.683464099653	-1487710.564923869213	2.07287971274910632	-2.62187629594317562	2.75668412576632615
336467208.633307456970	2789747.022651438601	-1826860.865930556087	-1487659.902905344730	2.07286332601507572	-2.62187053890507205	2.75669125084755651
336467208.649557471275	2789762.725524903741	-1826879.048120899359	-1487609.240338197676	2.07284693906128048	-2.62186478191998384	2.75669837612881619
336467208.665807485580	2789778.427736177109	-1826897.229944426799	-1487558.577442202950	2.07283055200725386	-2.62185902503230928	2.75670550155920191
336467208.682057499886	2789794.130458515603	-1826915.411270256853	-1487507.914852906950	2.07281416485499914	-2.62185326823567078	2.75671262713468046
336467208.698307454586	2789809.831221245229	-1826933.592213353375	-1487457.251445136266	2.07279777760151074	-2.62184751153963935	2.75671975286130211
336467208.714557468891	2789825.531368329190	-1826951.772874478949	-1487406.587514155312	2.07278139024979335	-2.62184175493465110	2.75672687873301436
336467208.730807483196	2789841.230782224331	-1826969.953138894401	-1487355.923198752105	2.07276441142668855	-2.62183579613956796	2.75673474219152270
336467208.747057497501	2789856.929552841932	-1826988.133059897227	-1487305.258560671937	2.07274740165524785	-2.62182982690852961	2.75674264426567595
336467208.763307511806	2789872.627628160641	-1827006.312504392816	-1487254.593571893638	2.07273039177503238	-2.62182385778371341	2.75675054649701190
336467208.779557466507	2789888.324940288905	-1827024.491564359982	-1487203.928396857576	2.07271338191014731	-2.62181788881107014	2.75675844882892429
336467208.795807480812	2789904.021659043618	-1827042.670272080693	-1487153.262744214153	2.07269637181037680	-2.62181191990508466	2.75676635137865755
336467208.812057495117	2789919.717657889239	-1827060.848604980158	-1487102.596700022696	2.07267936159982691	-2.62180595111170911	2.75677425408960541
336467208.828307509422	2789935.412984618917	-1827079.026548260823	-1487051.930308931042	2.07266253385116883	-2.62180016207328270	2.75678167364641835
336467208.844557464123	2789951.107580557931	-1827097.204038552940	-1487001.263784543378	2.07264573196660606	-2.62179439868117603	2.75678902461499620
336467208.860807478428	2789966.801519709639	-1827115.381251510931	-1486950.596692294814	2.07262892997984771	-2.62178863538897877	2.75679637573469183
336467208.877057492733	2789982.494806860108	-1827133.558015037561	-1486899.929292809684	2.07261212789189475	-2.62178287219350725	2.75680372700348952
336467208.893307507038	2789998.187379555311	-1827151.734426200390	-1486849.261525771581	2.07259532570074256	-2.62177710910114214	2.75681107842542117
336467208.909557461739	2790013.879224796314	-1827169.910383493407	-1486798.593600255903	2.07257852353197869	-2.62177134614675467	2.75681842994187276
336467208.925807476044	2790029.570418919902	-1827188.086022739066	-1486747.925127305323	2.07256162326113014	-2.62176593405061276	2.75682603916845048
336467208.942057490349	2790045.260936453007	-1827206.261272036703	-1486697.256313395454	2.07254469919563356	-2.62176060699347158	2.75683371088395512
336467208.958307504654	2790060.950768616982	-1827224.436109787086	-1486646.587159713265	2.07252777503454766	-2.62175528003856328	2.75684138273996870
336467208.974557459354	2790076.639875471126	-1827242.610525391996	-1486595.917846369557	2.07251085077486685	-2.62174995319546023	2.75684905474253883
336467208.990807473660	2790092.328322237357	-1827260.784622320905	-1486545.247997471597	2.07249392642059815	-2.62174462645140416	2.75685672688359995
336467209.007057487965	2790108.016096907668	-1827278.958329600049	-1486494.577801674139	2.07247700196873641	-2.62173929981596832	2.75686439916920101
336467209.023307502270	2790123.703207252547	-1827297.131680483464	-1486443.907271086005	2.07246026135229711	-2.62173365278842452	2.75687179079999600
336467209.039557456970	2790139.389531281311	-1827315.304517693352	-1486393.236557571916	2.07244366041618999	-2.62172776254458162	2.75687896931707277
336467209.055807471275	2790155.075231888797	-1827333.477081847144	-1486342.565301606664	2.07242705925330162	-2.62172187236114462	2.75688614804353316
336467209.072057485580	2790170.760272712447	-1827351.649205501424	-1486291.893719164655	2.07241045798774159	-2.62171598227391955	2.75689332692203415
336467209.088307499886	2790186.444625803269	-1827369.820991221815	-1486241.221794578945	2.07239385661950859	-2.62171009228290908	2.75690050595257574
336467209.104557454586	2790202.128213623073	-1827387.992318412755	-1486190.549692049855	2.07237725514760118	-2.62170420239130753	2.75690768513717188
336467209.120807468891	2790217.811202618293	-1827406.163313058903	-1486139.877080789534	2.07236061443166841	-2.62169840455485970	2.75691527825512406
336467209.137057483196	2790233.493429411668	-1827424.333927894244	-1486089.204064456979	2.07234393356766189	-2.62169270090680184	2.75692329482348208
336467209.153307497501	2790249.175033038482	-1827442.504181669326	-1486038.530757981585	2.07232725260035444	-2.62168699736457711	2.75693131154040172
336467209.169557511806	2790264.855969095137	-1827460.674003882566	-1485987.857105792733	2.07231057152774234	-2.62168129393456883	2.75693932840991351
336467209.185807466507	2790280.536147659644	-1827478.843400807353	-1485937.183287772816	2.07229389047552504	-2.62167559064801914	2.75694734536650810
336467209.202057480812	2790296.215646074619	-1827497.012496619252	-1485886.508901662659	2.07227720919430691	-2.62166988743607066	2.75695536253717099
336467209.218307495117	2790311.894518071786	-1827515.181156213861	-1485835.834214486415	2.07226049507652288	-2.62166415036699663	2.75696321197204730
336467209.234557509422	2790327.572673505638	-1827533.349431660958	-1485785.159160941606	2.07224367871327741	-2.62165830740905870	2.75697053766651035
336467209.250807464123	2790343.250094844960	-1827551.517305537360	-1485734.483941793209	2.07222686224649788	-2.62165246455073975	2.75697786351403096
336467209.267057478428	2790358.926867253147	-1827569.684850860853	-1485683.808181151515	2.07221004567718570	-2.62164662178885077	2.75698518951259475
336467209.283307492733	2790374.603007613216	-1827587.851958452258	-1485633.132106144447	2.07219322900233660	-2.62164077913296456	2.75699251566824532
336467209.299557507038	2790390.278410324361	-1827606.018711135956	-1485582.455645532813	2.07217641222495219	-2.62163493657351543	2.75699984197493908
336467209.315807461739	2790405.953065515030	-1827624.185019092169	-1485531.779044268653	2.07215962685004484	-2.62162914135899561	2.75700717390225547
336467209.332057476044	2790421.628374007065	-1827642.350850768620	-1485481.102601397084	2.07214297507810929	-2.62162354754672267	2.75701452960386373
336467209.348307490349	2790437.301724947523	-1827660.516474346165	-1485430.425111967837	2.07212632320846168	-2.62161795383036456	2.75702188544947413
336467209.364557504654	2790452.974384916015	-1827678.681684815558	-1485379.747269466752	2.07210967123910006	-2.62161236021630151	2.75702924144311545
336467209.380807459354	2790468.646320788190	-1827696.846432071412	-1485329.069293669658	2.07209301917102540	-2.62160676670134807	2.75703659758277242
336467209.397057473660	2790484.317618848756	-1827715.010883123381	-1485278.390763310716	2.07207636700423681	-2.62160117328550601	2.75704395386844459
336467209.413307487965	2790499.988214806188	-1827733.174930894282	-1485227.711885821773	2.07205971473873296	-2.62159557996877712	2.75705131030013240
336467209.429557502270	2790515.658144340850	-1827751.338590468746	-1485177.032674731221	2.07204294164830394	-2.62158990706256434	2.75705871745364561
336467209.445807456970	2790531.327310769819	-1827769.501823205967	-1485126.353284509154	2.07202616231826431	-2.62158423016428843	2.75706612732464684
336467209.462057471275	2790546.995859472547	-1827787.664742136607	-1485075.673372261459	2.07200938276385749	-2.62157855332604850	2.75707353739975147
336467209.478307485580	2790562.663736148737	-1827805.827229144983	-1485024.993120242143	2.07199260310749800	-2.62157287659165439	2.75708094762596634
336467209.494557499886	2790578.330912864767	-1827823.989344601519	-1484974.312519906322	2.07197582334918540	-2.62156719996110654	2.75708835800329055
336467209.510807454586	2790593.997332305647	-1827842.151013763621	-1484923.631743042264	2.07195904349192084	-2.62156152342483839	2.75709576852568183
336467209.527057468891	2790609.663156132679	-1827860.312328193337	-1484872.950450091623	2.07194280293970401	-2.62155618894732401	2.75710294417287249
336467209.543307483196	2790625.328250100370	-1827878.473320932360	-1484822.268783647567	2.07192663642778019	-2.62155090155068526	2.75711008765235643
336467209.559557497501	2790640.992715358734	-1827896.633866630029	-1484771.586828019237	2.07191046982427496	-2.62154561425047516	2.75711723126866914
336467209.575807511806	2790656.656428541057	-1827914.794076490914	-1484720.904467544984	2.07189430313118894	-2.62154032704031259	2.75712437501778362
336467209.592057466507	2790672.319464296568	-1827932.953807112295	-1484670.221999184461	2.07187813646644425	-2.62153503996114967	2.75713151884865448
336467209.608307480812	2790687.981831255369	-1827951.113205764676	-1484619.538946097484	2.07186196959119506	-2.62152975294066559	2.75713866286940990
336467209.624557495117	2790703.643523765262	-1827969.272279933095	-1484568.855594096472	2.07184568922227630	-2.62152419015162996	2.75714568473916177
336467209.640807509422	2790719.304515399039	-1827987.430918159429	-1484518.171870973893	2.07182934573958510	-2.62151847416818295	2.75715263880365491
336467209.657057464123	2790734.964744133409	-1828005.589108561631	-1484467.487958024489	2.07181300215939412	-2.62151275827623254	2.75715959301356639
336467209.673307478428	2790750.624392836355	-1828023.746968504740	-1484416.803560340311	2.07179665848170202	-2.62150704247578270	2.75716654736889621
336467209.689557492733	2790766.283303920180	-1828041.904473487753	-1484366.118777050637	2.07178031470750934	-2.62150132676364533	2.75717350186763177
336467209.705807507038	2790781.941576345358	-1828060.061550830724	-1484315.433679395355	2.07176397083481501	-2.62149561114620333	2.75718045651379873
336467209.722057461739	2790797.599079045467	-1828078.218211441301	-1484264.748402610654	2.07174737846282842	-2.62148996055266847	2.75718781398068957
336467209.738307476044	2790813.255951784085	-1828096.374524646904	-1484214.062597629149	2.07173042760675141	-2.62148440357556067	2.75719575220907664
336467209.754557490349	2790828.912126912735	-1828114.530477034859	-1484163.376432451885	2.07171347664840155	-2.62147884670802789	2.75720369058641879
336467209.770807504654	2790844.567638951354	-1828132.686031918507	-1484112.689958850620	2.07169652558977990	-2.62147328994368811	2.75721162910868811
336467209.787057459354	2790860.222410191782	-1828150.841140235774	-1484062.003294236027	2.07167957442488415	-2.62146773330169092	2.75721956778796340
336467209.803307473660	2790875.876540340949	-1828168.995910971891	-1484011.316107367631	2.07166262315971572	-2.62146217676289384	2.75722750661216498
336467209.819557487965	2790891.529966230970	-1828187.150331042940	-1483960.628560301382	2.07164577430560737	-2.62145652424013154	2.75723519111151028
336467209.835807502270	2790907.182743544225	-1828205.304300664924	-1483909.940680818167	2.07162912572901092	-2.62145068399380943	2.75724237834785013
336467209.852057456970	2790922.834749940317	-1828223.457886161050	-1483859.252646199660	2.07161247717477437	-2.62144484387951993	2.75724956567810509
336467209.868307471275	2790938.486142005771	-1828241.611114711501	-1483808.564071500441	2.07159582839398215	-2.62143900382640238	2.75725675321707842
336467209.884557485580	2790954.136834334582	-1828259.763950689230	-1483757.875137792667	2.07157917951209125	-2.62143316386670255	2.75726394090535543
336467209.900807499886	2790969.786860093009	-1828277.916419364279	-1483707.185881176731	2.07156253052709971	-2.62142732400680289	2.75727112874696267
336467209.917057454586	2790985.436116168741	-1828296.068429077975	-1483656.496452558786	2.07154602310465563	-2.62142146709517920	2.75727821385839800
336467209.933307468891	2791001.084765690379	-1828314.220115085831	-1483605.806495973142	2.07152990957953964	-2.62141556257021957	2.75728501298008277
336467209.949557483196	2791016.732696572784	-1828332.371385104256	-1483555.116174205206	2.07151379595651797	-2.62140965813009430	2.75729181224722364
336467209.965807497501	2791032.381221865769	-1828350.522263017716	-1483504.426213750616	2.07149768223458874	-2.62140375377799861	2.75729861166183321
336467209.982057511806	2791048.027797591873	-1828368.672763300361	-1483453.735204125289	2.07148156841275188	-2.62139784951712596	2.75730541122592365
336467209.998307466507	2791063.673629200086	-1828386.822817871114	-1483403.044028666336	2.07146545449000508	-2.62139194535067022	2.75731221094150758
336467210.014557480812	2791079.318816334475	-1828404.972620128188	-1483352.352341879392	2.07144932546330818	-2.62138604420557186	2.75731902310849497
336467210.030807495117	2791094.963347110897	-1828423.121980868047	-1483301.660303434590	2.07143271112501459	-2.62138023637159456	2.75732623193865223
336467210.047057509422	2791110.607164679561	-1828441.270990274381	-1483250.967916676775	2.07141609693459472	-2.62137442870153370	2.75733344080204201
336467210.063307464123	2791126.250278167892	-1828459.419505908387	-1483200.275396621786	2.07139948251543249	-2.62136862110257907	2.75734064987938687
336467210.079557478428	2791141.892728521954	-1828477.567691033939	-1483149.582305137301	2.07138286799773441	-2.62136281359077516	2.75734785910105451
336467210.095807492733	2791157.534467809368	-1828495.715556556126	-1483098.888864152599	2.07136625337849800	-2.62135700617570189	2.75735506847308187
336467210.112057507038	2791173.175546263810	-1828513.862980229547	-1483048.195077453274	2.07134963865572264	-2.62135119886374346	2.75736227799949329
336467210.128307461739	2791188.815889522899	-1828532.009992625099	-1482997.501156272134	2.07133372519681647	-2.62134525519098416	2.75737028973466813
336467210.144557476044	2791204.455599574838	-1828550.156624615425	-1482946.806688842829	2.07131784810875841	-2.62133930452569341	2.75737834333364518
336467210.160807490349	2791220.094629743136	-1828568.302951783175	-1482896.111891378881	2.07130197091581802	-2.62133335396159639	2.75738639708078059
336467210.177057504654	2791235.732963599265	-1828586.448801039020	-1482845.416723978240	2.07128609361599603	-2.62132740350508353	2.75739445098009561
336467210.193307459354	2791251.370583306067	-1828604.594294162933	-1482794.721427078824	2.07127021632908992	-2.62132145318920173	2.75740250496582240
336467210.209557473660	2791267.007494136691	-1828622.739397624508	-1482744.025544996606	2.07125433881750265	-2.62131550294147653	2.75741055916547362
336467210.225807487965	2791282.643793028779	-1828640.884130037855	-1482693.329366830876	2.07123783467060285	-2.62130955211050809	2.75741807059114619
336467210.242057502270	2791298.279402141925	-1828659.028492622543	-1482642.632847705856	2.07122105634304354	-2.62130360107503790	2.75742534466605393
336467210.258307456970	2791313.914249467198	-1828677.172353409696	-1482591.936132585863	2.07120427790743378	-2.62129765014776828	2.75743261890220381
336467210.274557471275	2791329.548456820194	-1828695.315962168155	-1482541.238900195807	2.07118749937077151	-2.62129169930636019	2.75743989328551420
336467210.290807485580	2791345.181979938410	-1828713.459147530375	-1482490.541314733913	2.07117072072705666	-2.62128574856996277	2.75744716782805499
336467210.307057499886	2791360.814812144265	-1828731.601961842971	-1482439.843369074864	2.07115394197728842	-2.62127979793539190	2.75745444252781358
336467210.323307454586	2791376.446899266448	-1828749.744299864396	-1482389.145278007258	2.07113698055230921	-2.62127378638319053	2.75746214147170887
336467210.339557468891	2791392.078391965479	-1828767.886326441774	-1482338.446682966780	2.07111991718212973	-2.62126774091605652	2.75747007676276645
336467210.355807483196	2791407.709189449437	-1828786.027960702777	-1482287.747722973814	2.07110285370125524	-2.62126169555596666	2.75747801221347100
336467210.372057497501	2791423.339287053328	-1828804.169223279227	-1482237.048414665041	2.07108579010768512	-2.62125565030930741	2.75748594782784417
336467210.388307511806	2791438.968675961252	-1828822.310134791536	-1482186.348752101650	2.07106872640341866	-2.62124960516969940	2.75749388360186343
336467210.404557466507	2791454.597334307618	-1828840.450517061166	-1482135.648920136970	2.07105166258545559	-2.62124356014672122	2.75750181954156171
336467210.420807480812	2791470.225387095474	-1828858.590597719187	-1482084.948590138461	2.07103478504661975	-2.62123763898826834	2.75750949979380655
336467210.437057495117	2791485.852740161587	-1828876.730327937752	-1482034.247894002125	2.07101817384283882	-2.62123189483570673	2.75751681447172992
336467210.453307509422	2791501.479397869669	-1828894.869644571794	-1481983.546850735787	2.07100156253702750	-2.62122615078459198	2.75752412930082791
336467210.469557464123	2791517.105302717071	-1828913.008493838133	-1481932.845642824424	2.07098495125436699	-2.62122040686646063	2.75753144422075591
336467210.485807478428	2791532.730598702095	-1828931.147050745320	-1481882.143911700929	2.07096833974649286	-2.62121466301186823	2.75753875934818016
336467210.502057492733	2791548.355186028872	-1828949.285214373143	-1481831.441833447199	2.07095172813858586	-2.62120891925234734	2.75754607462275647
336467210.518307507038	2791563.979112532921	-1828967.422978291521	-1481780.739402353065	2.07093513961103781	-2.62120315624451150	2.75755341377925811
336467210.534557461739	2791579.602270525414	-1828985.560326565290	-1481730.036811368307	2.07091859607577611	-2.62119735568950807	2.75756079923737163
336467210.550807476044	2791595.224803107791	-1829003.697327637346	-1481679.333686245140	2.07090205243936820	-2.62119155523021208	2.75756818484362265
336467210.567057490349	2791610.846685763914	-1829021.833973937435	-1481628.630256268661	2.07088550869881516	-2.62118575487620342	2.75757557060404324
336467210.583307504654	2791626.467827803921	-1829039.970169060165	-1481577.926419064635	2.07086896485811600	-2.62117995461471365	2.75758295651058960
336467210.599557459354	2791642.089555655606	-1829058.105849592481	-1481527.223164132331	2.07085242103695677	-2.62117415449365110	2.75759034251245172
336467210.615807473660	2791657.709320191294	-1829076.241315427469	-1481476.518661647802	2.07083589276793933	-2.62116835761452993	2.75759769550127798
336467210.632057487965	2791673.328436342068	-1829094.376394164050	-1481425.813801796408	2.07081950198747222	-2.62116258857210171	2.75760475893098533
336467210.648307502270	2791688.946858115960	-1829112.511081439210	-1481375.108624751680	2.07080311110676307	-2.62115681962620206	2.75761182251004966
336467210.664557456970	2791704.564502665307	-1829130.645297637442	-1481324.403245769208	2.07078672012681109	-2.62115105077364152	2.75761888623646101
336467210.680807471275	2791720.181552817114	-1829148.779202347621	-1481273.697362813400	2.07077032904761449	-2.62114528201442276	2.75762595011021938
336467210.697057485580	2791735.797927644569	-1829166.912760268431	-1481222.991151008522	2.07075393787017337	-2.62113951334535455	2.75763301412931394
336467210.713307499886	2791751.413597177714	-1829185.045923979720	-1481172.284566896502	2.07073754659248710	-2.62113374477282646	2.75764007829776503
336467210.729557454586	2791767.028539492283	-1829203.178549137199	-1481121.577838562429	2.07072077301237156	-2.62112819973980393	2.75764696827552713
336467210.745807468891	2791782.642855138518	-1829221.310944107361	-1481070.870585829020	2.07070394212383579	-2.62112268811962146	2.75765383242464024
336467210.762057483196	2791798.256476668641	-1829239.442892814986	-1481020.162961974274	2.07068711113781134	-2.62111717659864984	2.75766069672201475
336467210.778307497501	2791813.869388323743	-1829257.574523029849	-1480969.455007858807	2.07067028005829590	-2.62111166516412153	2.75766756115961087
336467210.794557511806	2791829.481632555369	-1829275.705721455393	-1480918.746708027087	2.07065344888229008	-2.62110615382561507	2.75767442574345845
336467210.810807466507	2791845.093140543438	-1829293.836465091212	-1480868.038261602400	2.07063661760979389	-2.62110064258313535	2.75768129047355615
336467210.827057480812	2791860.703983104322	-1829311.966909539886	-1480817.329248503083	2.07061987127236335	-2.62109489916273919	2.75768846560770919
336467210.843307495117	2791876.314153767191	-1829330.096921868855	-1480766.619895633077	2.07060314660077083	-2.62108909638052889	2.75769572032574928
336467210.859557509422	2791891.923649119213	-1829348.226587383077	-1480715.910213914700	2.07058642182798813	-2.62108329369315074	2.75770297519305840
336467210.875807464123	2791907.532400437165	-1829366.355807049666	-1480665.200366362929	2.07056969707603011	-2.62107749114533650	2.75771023015777628
336467210.892057478428	2791923.140529648867	-1829384.484712409554	-1480614.490002728067	2.07055297209886513	-2.62107168865401574	2.75771748532764294
336467210.908307492733	2791938.747968030628	-1829402.613204433816	-1480563.779286021832	2.07053624701850847	-2.62106588626392067	2.75772474065079809
336467210.924557507038	2791954.354675550479	-1829420.741331159836	-1480513.068183711264	2.07051957047151225	-2.62106001883732231	2.75773200141977615
336467210.940807461739	2791969.960715883411	-1829438.868980292464	-1480462.356980867684	2.07050291257007668	-2.62105412639928126	2.75773926438244743
336467210.957057476044	2791985.566061790101	-1829456.996304962318	-1480411.645197824575	2.07048625456510216	-2.62104823405900200	2.75774652749799554
336467210.973307490349	2792001.170753468759	-1829475.123295743950	-1480360.933098046109	2.07046959645658823	-2.62104234181648899	2.75775379076642135
336467210.989557504654	2792016.774752217345	-1829493.249799239216	-1480310.220653509954	2.07045293824453314	-2.62103644967174265	2.75776105418772444
336467211.005807459354	2792032.377982431557	-1829511.375971428119	-1480259.508034829283	2.07043628005446223	-2.62103055765738135	2.75776831770194253
336467211.022057473660	2792047.980635177810	-1829529.501705519855	-1480208.794890552759	2.07041957339914440	-2.62102470145318067	2.75777559628048152
336467211.038307487965	2792063.582584689837	-1829547.627153136302	-1480158.081408886006	2.07040281537820547	-2.62101888333017019	2.75778289079104644
336467211.054557502270	2792079.183801245410	-1829565.752161499346	-1480107.367549928837	2.07038605725544489	-2.62101306530277212	2.75779018545162380
336467211.070807456970	2792094.784317098092	-1829583.876708878903	-1480056.653575727018	2.07036929902786326	-2.62100724738056767	2.75779748026823990
336467211.087057471275	2792110.384219796397	-1829602.000984769780	-1480005.939066428924	2.07035254069945651	-2.62100142955078574	2.75780477523285938
336467211.103307485580	2792125.983383917715	-1829620.124819874298	-1479955.224166541826	2.07033578226722703	-2.62099561182301155	2.75781207035150810
336467211.119557499886	2792141.581903783605	-1829638.248301655985	-1479904.508975098142	2.07031914649974302	-2.62098962146622450	2.75781942911798961
336467211.135807454586	2792157.179650956765	-1829656.371312604053	-1479853.793575776974	2.07030268948539575	-2.62098337977171481	2.75782688042659352
336467211.152057468891	2792172.776771379169	-1829674.494029842084	-1479803.077677007765	2.07028623223807795	-2.62097713813818167	2.75783433195446115
336467211.168307483196	2792188.373230002820	-1829692.616358966334	-1479752.361438694177	2.07026977488183661	-2.62097089660080584	2.75784178364025667
336467211.184557497501	2792203.968983409926	-1829710.738251604373	-1479701.644835201092	2.07025331741467200	-2.62096465516597910	2.75784923548799688
336467211.200807511806	2792219.564061500598	-1829728.859839591663	-1479650.927895731758	2.07023685983858208	-2.62095841382731409	2.75785668749366497
336467211.217057466507	2792235.158373448998	-1829746.980883106589	-1479600.210773335770	2.07022033800049421	-2.62095224492966894	2.75786412811543924
336467211.233307480812	2792250.752077731770	-1829765.101635376457	-1479549.493146965746	2.07020345398028205	-2.62094648439164724	2.75787150369734624
336467211.249557495117	2792266.346320003271	-1829783.221904285252	-1479498.775852701860	2.07018656985930427	-2.62094072394797806	2.75787887942711940
336467211.265807509422	2792281.938648248091	-1829801.341915714787	-1479448.057519235183	2.07016968563356585	-2.62093496361144052	2.75788625531279141
336467211.282057464123	2792297.530225874856	-1829819.461449188413	-1479397.339027062757	2.07015280143024727	-2.62092920341368041	2.75789363129357845
336467211.298307478428	2792313.121188082267	-1829837.580658143619	-1479346.620018805377	2.07013591699898036	-2.62092344327863769	2.75790100748301326
336467211.314557492733	2792328.711433908902	-1829855.699482644442	-1479295.900644182460	2.07011906430409631	-2.62091772648447652	2.75790839958397616
336467211.330807507038	2792344.300997802522	-1829873.817970430013	-1479245.180940709775	2.07010248193364976	-2.62091237703842683	2.75791592567858457
336467211.347057461739	2792359.889821127988	-1829891.935926981736	-1479194.461060481612	2.07008589946403454	-2.62090702770633666	2.75792345192153521
336467211.363307476044	2792375.478044555988	-1829910.053625531727	-1479143.740688391030	2.07006931690224327	-2.62090167846585009	2.75793097829877132
336467211.379557490349	2792391.065567266662	-1829928.170887889806	-1479093.019945176318	2.07005273424427871	-2.62089632932974448	2.75793850481832514
336467211.395807504654	2792406.652366944589	-1829946.287775939796	-1479042.298835595604	2.07003615149213971	-2.62089098029163647	2.75794603147617945
336467211.412057459354	2792422.238446988165	-1829964.404263949022	-1478991.577590345172	2.07001956876680016	-2.62088563139292852	2.75795355821847687
336467211.428307473660	2792437.823910728563	-1829982.520320857875	-1478940.855813330971	2.07000284243597665	-2.62087991369530293	2.75796085027917837
336467211.444557487965	2792453.408661339898	-1830000.636068444233	-1478890.133680875413	2.06998609403101952	-2.62087413956523152	2.75796810649327861
336467211.460807502270	2792468.992764449213	-1830018.751429716591	-1478839.411238808883	2.06996934552322998	-2.62086836553653235	2.75797536286021572
336467211.477057456970	2792484.576097068843	-1830036.866309630917	-1478788.688594806474	2.06995259691260713	-2.62086259160921031	2.75798261937998834
336467211.493307471275	2792500.158786342945	-1830054.980925367679	-1478737.965426175855	2.06993584820114851	-2.62085681777687851	2.75798987604858192
336467211.509557485580	2792515.740826160647	-1830073.095102107385	-1478687.241938426858	2.06991909938985108	-2.62085104403634661	2.75799713286398829
336467211.525807499886	2792531.322153923567	-1830091.208915618248	-1478636.518089066260	2.06990271105908663	-2.62084507678857781	2.75800448816995347
336467211.542057454586	2792546.902727822773	-1830109.322218189016	-1478585.794062947854	2.06988641376759430	-2.62083906080701246	2.75801186839745638
336467211.558307468891	2792562.482687389478	-1830127.435281833401	-1478535.069525728468	2.06987011625226947	-2.62083304487652802	2.75801924883095406
336467211.574557483196	2792578.061975121498	-1830145.547913254704	-1478484.344648736063	2.06985381863099294	-2.62082702904661691	2.75802662941967247
336467211.590807497501	2792593.640539838001	-1830163.660170343472	-1478433.619405377656	2.06983752090576090	-2.62082101331089401	2.75803401015959704
336467211.607057511806	2792609.218457067385	-1830181.772041091928	-1478382.893852410140	2.06982122307457583	-2.62081499767575066	2.75804139105474189
336467211.623307466507	2792624.795613748953	-1830199.883453252027	-1478332.168115556240	2.06980483773850521	-2.62080917269163427	2.75804868225238442
336467211.639557480812	2792640.372100615408	-1830217.994523592293	-1478281.441825100221	2.06978838349167216	-2.62080349782525124	2.75805590284914226
336467211.655807495117	2792655.947944452520	-1830236.105250105262	-1478230.715211965842	2.06977192914504160	-2.62079782305803288	2.75806312359405403
336467211.672057509422	2792671.523113108706	-1830254.215545285027	-1478179.988284237683	2.06975547470061105	-2.62079214838359231	2.75807034448310517
336467211.688307464123	2792687.097494502552	-1830272.325409590965	-1478129.261140090879	2.06973902027841339	-2.62078647384572605	2.75807756546468097
336467211.704557478428	2792702.671263777651	-1830290.434982274892	-1478078.533497910481	2.06972256563638446	-2.62078079936323993	2.75808478664602230
336467211.720807492733	2792718.244351269677	-1830308.544142131461	-1478027.805490778061	2.06970580705803098	-2.62077502078393998	2.75809217833044640
336467211.737057507038	2792733.816765727475	-1830326.652902373113	-1477977.077167866519	2.06968842703060307	-2.62076902922982313	2.75809991854570669
336467211.753307461739	2792749.388412991539	-1830344.761214165250	-1477926.348661070457	2.06967104689221681	-2.62076303778493980	2.75810765892339571
336467211.769557476044	2792764.959432596806	-1830362.869210004574	-1477875.619624892250	2.06965366664287220	-2.62075704644929486	2.75811539946351347
336467211.785807490349	2792780.529758064542	-1830380.976835486712	-1477824.890253696591	2.06963628628356666	-2.62075105521969531	2.75812314016405313
336467211.802057504654	2792796.099441765808	-1830399.084042283241	-1477774.160542957019	2.06961890581130437	-2.62074506410572905	2.75813088103103343
336467211.818307459354	2792811.668359237257	-1830417.190822774079	-1477723.430678268429	2.06960170760034323	-2.62073914648239636	2.75813847050000271
336467211.834557473660	2792827.236630293541	-1830435.297285153996	-1477672.700260203565	2.06958505513182711	-2.62073344864844149	2.75814560630901617
336467211.850807487965	2792842.804201635532	-1830453.403333426919	-1477621.969500951935	2.06956840256280117	-2.62072775091353538	2.75815274226802831
336467211.867057502270	2792858.371115722694	-1830471.508993806317	-1477571.238396214321	2.06955174989526158	-2.62072205327129026	2.75815987837302634
336467211.883307456970	2792873.938502249308	-1830489.614125626860	-1477520.507815347984	2.06953509712621209	-2.62071635573129447	2.75816701463002900
336467211.899557471275	2792889.504041365348	-1830507.719067140482	-1477469.776033448987	2.06951844425964637	-2.62071065828077021	2.75817415103101071
336467211.915807485580	2792905.068908713292	-1830525.823534179246	-1477419.043918903917	2.06950178257359330	-2.62070505205659954	2.75818118817280888
336467211.932057499886	2792920.633059699088	-1830543.927658878034	-1477368.311430865899	2.06948508080352722	-2.62069986389539489	2.75818776949688971
336467211.948307454586	2792936.196486820932	-1830562.031319994712	-1477317.578809530940	2.06946837894521929	-2.62069467582213633	2.75819435095611931
336467211.964557468891	2792951.759252916090	-1830580.134703023359	-1477266.845626278315	2.06945167712351275	-2.62068948786746425	2.75820093249755649
336467211.980807483196	2792967.321352830157	-1830598.237655305071	-1477216.112116550794	2.06943497496487527	-2.62068429993627339	2.75820751427801980
336467211.997057497501	2792982.882738593966	-1830616.340212561889	-1477165.378246396314	2.06941827296668457	-2.62067911215750371	2.75821409608975143
336467212.013307511806	2792998.443481360096	-1830634.442425939720	-1477114.644053564873	2.06940157062956276	-2.62067392440861324	2.75822067814452376
336467212.029557466507	2793014.003458089195	-1830652.544192044297	-1477063.909696088172	2.06938483135966944	-2.62066817548659170	2.75822793909109665
336467212.045807480812	2793029.562810602132	-1830670.645556849195	-1477013.174798302352	2.06936808980521114	-2.62066239553015468	2.75823523786867719
336467212.062057495117	2793045.121495660394	-1830688.746607935522	-1476962.439583782572	2.06935134815056632	-2.62065661566609442	2.75824253679330544
336467212.078307509422	2793060.679418809246	-1830706.847236566246	-1476911.703971315641	2.06933460639273825	-2.62065083590399794	2.75824983587099837
336467212.094557464123	2793076.236651390325	-1830724.947490314487	-1476860.968236708315	2.06931786453272615	-2.62064505624067401	2.75825713509974957
336467212.110807478428	2793091.793274387252	-1830743.047302715713	-1476810.231970334658	2.06930112257052867	-2.62063927667612351	2.75826443447955905
336467212.127057492733	2793107.349181992002	-1830761.146794911474	-1476759.495360400761	2.06928467202090971	-2.62063372620949186	2.75827191375295522
336467212.143307507038	2793122.904417953454	-1830779.245876068017	-1476708.758392871358	2.06926826516340689	-2.62062821023771164	2.75827942016713124
336467212.159557461739	2793138.458896514494	-1830797.344552437775	-1476658.021270205500	2.06925185832918412	-2.62062269440520534	2.75828692666847353
336467212.175807476044	2793154.012743171304	-1830815.442849343177	-1476607.283620530972	2.06923545127687714	-2.62061717863311205	2.75829443336840940
336467212.192057490349	2793169.565904525109	-1830833.540797398426	-1476556.545634652255	2.06921904412616842	-2.62061166296406123	2.75830194021323072
336467212.208307504654	2793185.118369687349	-1830851.638351660455	-1476505.807264582720	2.06920263687705841	-2.62060614739805553	2.75830944720293658
336467212.224557459354	2793200.670097731054	-1830869.735420413781	-1476455.068768346217	2.06918595154279972	-2.62060047356503256	2.75831685563530682
336467212.240807473660	2793216.221233640332	-1830887.832209197572	-1476404.329766948242	2.06916909293684537	-2.62059470118735760	2.75832420273877377
336467212.257057487965	2793231.771624417976	-1830905.928567191586	-1476353.590374960564	2.06915223422810612	-2.62058892890984252	2.75833154999417918
336467212.273307502270	2793247.321388982702	-1830924.024572959403	-1476302.850667651743	2.06913537541658066	-2.62058315673249220	2.75833889740152305
336467212.289557456970	2793262.870330587495	-1830942.120166508714	-1476252.110773628810	2.06911851662826374	-2.62057738469022983	2.75834624490224645
336467212.305807471275	2793278.418700462207	-1830960.215323311975	-1476201.370367308380	2.06910165761116627	-2.62057161271321526	2.75835359261346413
336467212.322057485580	2793293.966411696747	-1830978.310187930008	-1476150.629643064924	2.06908506770520217	-2.62056605059073222	2.75836086201357134
336467212.338307499886	2793309.513333311304	-1830996.404627274722	-1476099.888508765958	2.06906868458577620	-2.62056064975023162	2.75836807125765926
336467212.354557454586	2793325.059596639127	-1831014.498652588110	-1476049.147265622625	2.06905230137054907	-2.62055524901151893	2.75837528064504722
336467212.370807468891	2793340.605223587714	-1831032.592298104661	-1475998.405501408735	2.06903591806351095	-2.62054984836181193	2.75838249016771853
336467212.387057483196	2793356.150117452722	-1831050.685609524604	-1475947.663356344914	2.06901953466166777	-2.62054444781070206	2.75838969983168480
336467212.403307497501	2793371.694330722559	-1831068.778509241762	-1475896.920865567634	2.06900315116701528	-2.62053904735179932	2.75839690963293771
336467212.419557511806	2793387.237896579318	-1831086.871022506151	-1475846.178065181011	2.06898665171016871	-2.62053354511485548	2.75840411566881594
336467212.435807466507	2793402.780701967422	-1831104.963077052962	-1475795.435080911033	2.06896991725211077	-2.62052783636411668	2.75841131387069272
336467212.452057480812	2793418.322861941531	-1831123.054835565854	-1475744.691573198885	2.06895318257057248	-2.62052212766976522	2.75841851227510393
336467212.468307495117	2793433.864365797956	-1831141.146152194357	-1475693.947713833768	2.06893644778664410	-2.62051641907904598	2.75842571083260424
336467212.484557509422	2793449.405143318698	-1831159.237137473654	-1475643.203506154008	2.06891971290531274	-2.62051071057598195	2.75843290953317410
336467212.500807464123	2793464.945223670453	-1831177.327618445270	-1475592.459165175911	2.06890297791959465	-2.62050500218294458	2.75844010839084097
336467212.517057478428	2793480.485892933328	-1831195.417722136714	-1475541.714966696221	2.06888637672052766	-2.62049936223383906	2.75844711650795205
336467212.533307492733	2793496.024618396536	-1831213.507533545839	-1475490.969718087465	2.06887016569819160	-2.62049392161668449	2.75845356834054956
336467212.549557507038	2793511.562667628285	-1831231.596912277397	-1475440.224135647062	2.06885395458486254	-2.62048848108628141	2.75846002031216253
336467212.565807461739	2793527.099965113215	-1831249.685887692496	-1475389.478411369724	2.06883774350277871	-2.62048304067192639	2.75846647236879905
336467212.582057476044	2793542.636643975507	-1831267.774547680514	-1475338.732145826798	2.06882153220945630	-2.62047760030864474	2.75847292461443327
336467212.598307490349	2793558.172637775075	-1831285.862795620225	-1475287.985540511785	2.06880532082713353	-2.62047216002573125	2.75847937699507462
336467212.614557504654	2793573.707936381456	-1831303.950671857921	-1475237.238580941921	2.06878910592787335	-2.62046671447017987	2.75848584031592425
336467212.630807459354	2793589.242480013054	-1831322.038069623755	-1475186.491468607448	2.06877268568696682	-2.62046094792881501	2.75849295087317348
336467212.647057473660	2793604.776415124536	-1831340.125153802568	-1475135.743822364369	2.06875626534835000	-2.62045518147523149	2.75850006157416372
336467212.663307487965	2793620.309650558513	-1831358.211865962949	-1475084.995827806881	2.06873984490902929	-2.62044941511901941	2.75850717242490573
336467212.679557502270	2793635.842210866511	-1831376.298188849818	-1475034.247511529829	2.06872342437099821	-2.62044364885379100	2.75851428342139204
336467212.695807456970	2793651.374017391354	-1831394.384042820428	-1474983.499011368956	2.06870700385404316	-2.62043788272401201	2.75852139451281220
336467212.712057471275	2793666.905181918759	-1831412.469557609875	-1474932.749969713623	2.06869058311460208	-2.62043211665353848	2.75852850580879982
336467212.728307485580	2793682.435697972775	-1831430.554739806568	-1474882.000624619657	2.06867413986092519	-2.62042674182975688	2.75853595749053460
336467212.744557499886	2793697.965483352542	-1831448.639514244162	-1474831.250901047140	2.06865769033423508	-2.62042147492537447	2.75854350309555851
336467212.760807454586	2793713.494544778951	-1831466.723845906090	-1474780.501054877182	2.06864124071212974	-2.62041620812804910	2.75855104884211721
336467212.777057468891	2793729.022980015725	-1831484.807807917008	-1474729.750644633779	2.06862479099759966	-2.62041094142819109	2.75855859472420128
336467212.793307483196	2793744.550716673490	-1831502.891441319603	-1474678.999898185953	2.06860834119064574	-2.62040567482580355	2.75856614074180939
336467212.809557497501	2793760.077762714587	-1831520.974618898937	-1474628.248805797193	2.06859189128927312	-2.62040040832728316	2.75857368689894722
336467212.825807511806	2793775.604125778191	-1831539.057500535389	-1474577.497358195251	2.06857524149081984	-2.62039479118229801	2.75858098452122347
336467212.842057466507	2793791.129756125621	-1831557.139875625260	-1474526.745796305593	2.06855851176462746	-2.62038903381620791	2.75858818272665340
336467212.858307480812	2793806.654734526295	-1831575.221930926898	-1474475.993667744566	2.06854178181214365	-2.62038327651251413	2.75859538113974523
336467212.874557495117	2793822.179051268846	-1831593.303597882157	-1474425.241199638229	2.06852505175940937	-2.62037751930283358	2.75860257970103762
336467212.890807509422	2793837.702659388073	-1831611.384892144473	-1474374.488395102089	2.06850832160442977	-2.62037176219356427	2.75860977841453625
336467212.907057464123	2793853.225519353058	-1831629.465719002765	-1474323.735419978155	2.06849159134820226	-2.62036600518151008	2.75861697727823829
336467212.923307478428	2793868.747794070281	-1831647.546234703856	-1474272.981928996975	2.06847507772956263	-2.62036014643796511	2.75862426736208022
336467212.939557492733	2793884.269348099362	-1831665.626323195407	-1474222.228084718110	2.06845868779544606	-2.62035422963359510	2.75863160961071774
336467212.955807507038	2793899.790212533437	-1831683.706083689118	-1474171.473892353475	2.06844229775884525	-2.62034831292338533	2.75863895200898490
336467212.972057461739	2793915.310354329646	-1831701.785284330836	-1474120.719567650463	2.06842590773832402	-2.62034239635610611	2.75864629450637588
336467212.988307476044	2793930.829827385023	-1831719.864313022932	-1474069.964680071454	2.06840951749575463	-2.62033647983742402	2.75865363720590429
336467213.004557490349	2793946.348649852443	-1831737.942880021874	-1474019.209471958689	2.06839312714770651	-2.62033056342250026	2.75866098006106997
336467213.020807504654	2793961.866749423090	-1831756.021072482457	-1473968.453897480853	2.06837667200856590	-2.62032471167125847	2.75866826726231995
336467213.037057459354	2793977.384187542368	-1831774.098775663413	-1473917.698203231441	2.06836012127726399	-2.62031895533813630	2.75867547224686227
336467213.053307473660	2793992.900890170597	-1831792.176192563726	-1473866.941927367821	2.06834357044737382	-2.62031319909490490	2.75868267737620876
336467213.069557487965	2794008.416957845911	-1831810.253235568991	-1473816.185337369563	2.06832701951889497	-2.62030744294156781	2.75868988265036075
336467213.085807502270	2794023.932329320349	-1831828.329821171938	-1473765.428388131317	2.06831046848684208	-2.62030168689411092	2.75869708807932756
336467213.102057456970	2794039.446961329319	-1831846.406036964618	-1473714.671303225448	2.06829391747893609	-2.62029593097454994	2.75870429359759051
336467213.118307471275	2794054.960974796209	-1831864.481895048637	-1473663.913684182568	2.06827768312193694	-2.62029018577066175	2.75871127338217859
336467213.134557485580	2794070.474291012157	-1831882.557307428215	-1473613.155719196890	2.06826209792760007	-2.62028446248286562	2.75871779037165954
336467213.150807499886	2794085.986894190311	-1831900.632452452555	-1473562.397391642677	2.06824651264171422	-2.62027873927316834	2.75872430749782405
336467213.167057454586	2794101.500025828369	-1831918.706948122010	-1473511.639605042757	2.06823092726128843	-2.62027301615116182	2.75873082476667930
336467213.183307468891	2794117.011272306554	-1831936.781248567393	-1473460.880597943673	2.06821534179030886	-2.62026729310406248	2.75873734217021616
336467213.199557483196	2794132.521848021075	-1831954.855180915678	-1473410.121273880126	2.06819975622578411	-2.62026157014146266	2.75874385971444136
336467213.215807497501	2794148.031695408281	-1831972.928716233931	-1473359.361559455516	2.06818406979112623	-2.62025583411302909	2.75875043659143282
336467213.232057511806	2794163.540890972130	-1831991.001864661928	-1473308.601541363634	2.06816713044003064	-2.62024993478197299	2.75875774950671060
336467213.248307466507	2794179.049330626149	-1832009.074554570485	-1473257.841333445860	2.06815019110930631	-2.62024403559007713	2.75876506252123255
336467213.264557480812	2794194.557162802201	-1832027.146910761483	-1473207.080628683092	2.06813325154877781	-2.62023813645605363	2.75877237574558842
336467213.280807495117	2794210.064292056020	-1832045.218904095469	-1473156.319550425978	2.06811631188103950	-2.62023223742854272	2.75877968912948734
336467213.297057509422	2794225.570725153666	-1832063.290495137917	-1473105.558138336753	2.06809937211007711	-2.62022633849475728	2.75878700266492372
336467213.313307464123	2794241.076422244310	-1832081.361631017411	-1473054.796579654794	2.06808244582508838	-2.62022045117111091	2.75879431952999976
336467213.329557478428	2794256.581502953079	-1832099.432440883247	-1473004.034485649783	2.06806612676512636	-2.62021507809723531	2.75880177827971718
336467213.345807492733	2794272.085868534166	-1832117.502909440780	-1472953.272037388757	2.06804980761274670	-2.62020970511558726	2.75880923716428494
336467213.362057507038	2794287.589562449139	-1832135.572945513763	-1472902.509249355178	2.06803348836495982	-2.62020433223576310	2.75881669618970538
336467213.378307461739	2794303.092513694894	-1832153.642536585219	-1472851.746314727934	2.06801716914479439	-2.62019895948655401	2.75882415529460889
336467213.394557476044	2794318.594846425112	-1832171.711769904243	-1472800.982845965074	2.06800084970818521	-2.62019358680398851	2.75883161459773074
336467213.410807490349	2794334.096466174349	-1832189.780693630688	-1472750.219021759927	2.06798453017816097	-2.62018821421685777	2.75883907403770179
336467213.427057504654	2794349.597409776412	-1832207.849184551509	-1472699.454863722902	2.06796792269964991	-2.62018250643111150	2.75884633356378073
336467213.443307459354	2794365.097588517703	-1832225.917216286296	-1472648.690527743893	2.06795123557552651	-2.62017670609094466	2.75885353795959265
336467213.459557473660	2794380.597155269701	-1832243.984956176020	-1472597.925693731522	2.06793454835149682	-2.62017090584143286	2.75886074250232438
336467213.475807487965	2794396.096044884063	-1832262.052283297293	-1472547.160488826688	2.06791786102457031	-2.62016510569217287	2.75886794719797868
336467213.492057502270	2794411.594242681749	-1832280.119229339762	-1472496.394954845542	2.06790117359574310	-2.62015930563996946	2.75887515204455402
336467213.508307456970	2794427.091678923927	-1832298.185706940945	-1472445.629268101184	2.06788448618974829	-2.62015350571994476	2.75888235698454753
336467213.524557471275	2794442.588494442869	-1832316.251879459713	-1472394.863034152426	2.06786756002654748	-2.62014784439144677	2.75888965492680960
336467213.540807485580	2794458.084650414530	-1832334.317631780868	-1472344.096484423615	2.06785053671488939	-2.62014223953132097	2.75889699077626016
336467213.557057499886	2794473.580087978859	-1832352.383052012417	-1472293.329555260018	2.06783351330373844	-2.62013663476894010	2.75890432677297781
336467213.573307454586	2794489.074764033780	-1832370.447961584432	-1472242.562480460387	2.06781648979209720	-2.62013103010750426	2.75891166291896361
336467213.589557468891	2794504.568850371987	-1832388.512601799564	-1472191.794888617704	2.06779946617996524	-2.62012542554701522	2.75891899921421668
336467213.605807483196	2794520.062251733150	-1832406.576829827158	-1472141.026957003865	2.06778244246833864	-2.62011982108427999	2.75892633565673595
336467213.622057497501	2794535.554920154624	-1832424.640681371791	-1472090.258651667275	2.06776576326580397	-2.62011417398592439	2.75893353509398809
336467213.638307511806	2794551.046943574678	-1832442.704157088418	-1472039.490024837898	2.06774946409606297	-2.62010847983718742	2.75894058338346237
336467213.654557466507	2794566.538191046100	-1832460.767141229473	-1471988.721233137650	2.06773316495047421	-2.62010278581538536	2.75894763176161106
336467213.670807480812	2794582.028825421352	-1832478.829832268180	-1471937.951924163848	2.06771686558526691	-2.62009709185183048	2.75895468034114044
336467213.687057495117	2794597.518798210192	-1832496.892134845024	-1471887.182275646832	2.06770056612332187	-2.62009139797767387	2.75896172906369674
336467213.703307509422	2794613.008049297146	-1832514.953966666479	-1471836.412261720980	2.06768426656164994	-2.62008570420251141	2.75896877793528050
336467213.719557464123	2794628.496573198121	-1832533.015462184092	-1471785.642118296586	2.06766790922941901	-2.62008001522252520	2.75897575898504943
336467213.735807478428	2794643.984458594583	-1832551.076575251529	-1471734.871415326605	2.06765137213118555	-2.62007434100906833	2.75898252846844994
336467213.752057492733	2794659.471654498950	-1832569.137318004854	-1471684.100371398032	2.06763483493713274	-2.62006866688225237	2.75898929809551552
336467213.768307507038	2794674.958151944913	-1832587.197689804714	-1471633.328998394078	2.06761829764725835	-2.62006299284208000	2.75899606786624663
336467213.784557461739	2794690.443933551200	-1832605.257597151678	-1471582.557460974669	2.06760176038220500	-2.62005731893234417	2.75900283773233301
336467213.800807476044	2794705.930289793760	-1832623.317061861511	-1471531.786061066436	2.06758522289869529	-2.62005164507186183	2.75900960779439286
336467213.817057490349	2794721.414768870920	-1832641.376263557235	-1471481.013672543457	2.06756866829560426	-2.62004595710770971	2.75901646856231508
336467213.833307504654	2794736.898517369293	-1832659.435057337396	-1471430.240905542159	2.06755203135811483	-2.62004020065166721	2.75902376697934892
336467213.849557459354	2794752.381527728867	-1832677.493406356778	-1471379.467986007454	2.06753539431914213	-2.62003444429377019	2.75903106554616162
336467213.865807473660	2794767.863901628647	-1832695.551438504364	-1471328.694548973115	2.06751875717868572	-2.62002868803402000	2.75903836426275406
336467213.882057487965	2794783.345613955054	-1832713.609082168667	-1471277.920772394165	2.06750211993773947	-2.62002293186922097	2.75904566312712651
336467213.898307502270	2794798.826612305362	-1832731.666330522858	-1471227.146635390352	2.06748548259431164	-2.62001717580577331	2.75905296214327755
336467213.914557456970	2794814.306886934210	-1832749.723157211440	-1471176.372357965214	2.06746885946048709	-2.62001144239897910	2.75906024693908769
336467213.930807471275	2794829.786519704387	-1832767.779602348106	-1471125.597546172095	2.06745236894511741	-2.62000592012351863	2.75906739785803712
336467213.947057485580	2794845.265485268086	-1832785.835699642077	-1471074.822374411393	2.06743587857923483	-2.62000039801256746	2.75907454880760206
336467213.963307499886	2794860.743736788165	-1832803.891393290367	-1471024.046892584302	2.06741938787267898	-2.61999487592420621	2.75908170001019615
336467213.979557454586	2794876.221270265058	-1832821.946675145766	-1470973.271233272273	2.06740289731561155	-2.61998935400035649	2.75908885124340131
336467213.995807468891	2794891.698171858676	-1832840.001556017669	-1470922.495064773830	2.06738640653916494	-2.61998383213858110	2.75909600267653099
