336467206.701419055462 0.000081250000
336467206.701419055462	2787875.285788684152	-1824696.521468696650	-1493680.457565645454	2.07482069715038131	-2.62256256489477346	2.75581895488642559
336467206.717669069767	2787891.070264724549	-1824714.749496871838	-1493629.836381970672	2.07480430756174261	-2.62255665714156949	2.75582609856464877
336467206.733919084072	2787906.854084050748	-1824732.977160007227	-1493579.214882743545	2.07478712370907648	-2.62255045407860754	2.75583356900701837
336467206.750169038773	2787922.637096750084	-1824751.204327423824	-1493528.593168055173	2.07476993974236557	-2.62254425112598666	2.75584103961832438
336467206.766419053078	2787938.420754651073	-1824769.431145845447	-1493477.971621500328	2.07475275566562356	-2.62253804827096504	2.75584851039047418
336467206.782669067383	2787954.202496049460	-1824787.657591693802	-1493427.349051179830	2.07473557147583998	-2.62253184552310259	2.75585598132953624
336467206.798919081688	2787969.983505051583	-1824805.883705458138	-1493376.726119247731	2.07471838717501988	-2.62252564287603240	2.75586345243146491
336467206.815169036388	2787985.763814101927	-1824824.109368475387	-1493326.103040948976	2.07470123840850373	-2.62251946440266082	2.75587091146137464
336467206.831419050694	2788001.543459787965	-1824842.334701394662	-1493275.479391221888	2.07468450410085570	-2.62251356643016154	2.75587822846672692
336467206.847669064999	2788017.322484275326	-1824860.559663101798	-1493224.855457293103	2.07466776968925126	-2.62250766855669193	2.75588554562563059
336467206.863919079304	2788033.100746358279	-1824878.784245345742	-1493174.231118292315	2.07465103517268679	-2.62250177078544056	2.75589286294010760
336467206.880169034004	2788048.878306362312	-1824897.008345081005	-1493123.606634110911	2.07463430055015730	-2.62249587311959598	2.75590018041218077
336467206.896419048309	2788064.655260736123	-1824915.232122692280	-1493072.981641200138	2.07461756582668055	-2.62248997554323182	2.75590749803173596
336467206.912669062614	2788080.431464978959	-1824933.455554389628	-1493022.356249384815	2.07460083217425417	-2.62248407953771112	2.75591481595060683
336467206.928919076920	2788096.207030309364	-1824951.678558837622	-1492971.730543205515	2.07458439945607953	-2.62247856070718566	2.75592217136414286
336467206.945169031620	2788111.981840100139	-1824969.901127871359	-1492921.104677133495	2.07456796676335387	-2.62247304201076981	2.75592952686353909
336467206.961419045925	2788127.755998609588	-1824988.123421322554	-1492870.478256500559	2.07455153385332558	-2.62246752337273881	2.75593688256004299
336467206.977669060230	2788143.529508271720	-1825006.345264737261	-1492819.851503450191	2.07453510084586590	-2.62246200483573766	2.75594423840106328
336467206.993919074535	2788159.302286738064	-1825024.566743429052	-1492769.224364792462	2.07451866774197580	-2.62245648639658313	2.75595159438457804
336467207.010169029236	2788175.074350826442	-1825042.787782034371	-1492718.597110891482	2.07450223454165616	-2.62245096805527789	2.75595895051058637
336467207.026419043541	2788190.845814768691	-1825061.008487181272	-1492667.969329020241	2.07448562871473463	-2.62244521253657314	2.75596619084443617
336467207.042669057846	2788206.616559808608	-1825079.228818944888	-1492617.341174841393	2.07446896966052918	-2.62243938404774113	2.75597339562662080
336467207.058919072151	2788222.386594740208	-1825097.448756726924	-1492566.712654295843	2.07445231050347711	-2.62243355565903302	2.75598060056185945
336467207.075169026852	2788238.155923107173	-1825115.668253863696	-1492516.083987381775	2.07443565136711783	-2.62242772740899266	2.75598780559461920
336467207.091419041157	2788253.924601382110	-1825133.887434375472	-1492465.454792272765	2.07441899200838709	-2.62242189920779500	2.75599501082787235
336467207.107669055462	2788269.692641928792	-1825152.106197210029	-1492414.825251677074	2.07440233254580475	-2.62241607110991470	2.75600221621620012
336467207.123919069767	2788285.459912267048	-1825170.324623292545	-1492364.195330003975	2.07438613980798170	-2.62241033495243858	2.75600950692271995
336467207.140169084072	2788301.226564772427	-1825188.542635054793	-1492313.565106075257	2.07437015847978312	-2.62240464051048505	2.75601683636610240
336467207.156419038773	2788316.992414182983	-1825206.760162994498	-1492262.934674039017	2.07435417705497516	-2.62239894616018310	2.75602416595047650
336467207.172669053078	2788332.757666737773	-1825224.977432581829	-1492212.303724960191	2.07433819553355825	-2.62239325190153583	2.75603149567584182
336467207.188919067383	2788348.522268136498	-1825243.194241330493	-1492161.672455346445	2.07432221391252281	-2.62238755774410492	2.75603882554826241
336467207.205169081688	2788364.286143982783	-1825261.410729027120	-1492111.040806295816	2.07430623219587984	-2.62238186367514592	2.75604615555965315
336467207.221419036388	2788380.049270958640	-1825279.626771119889	-1492060.408997354796	2.07428993438525833	-2.62237603790371265	2.75605346732870071
336467207.237669050694	2788395.811817896087	-1825297.842462112661	-1492009.776692979736	2.07427323373227868	-2.62237004427210429	2.75606075595678401
336467207.253919064999	2788411.573640302755	-1825316.057778195711	-1491959.144003000809	2.07425653297294144	-2.62236405074209600	2.75606804474235201
336467207.270169079304	2788427.334753760137	-1825334.272743653273	-1491908.510958764469	2.07423983210925211	-2.62235805730731641	2.75607533368136259
336467207.286419034004	2788443.095169683453	-1825352.487184653757	-1491857.877770533320	2.07422313113819978	-2.62235206397732634	2.75608262277987981
336467207.302669048309	2788458.854936504737	-1825370.701339567313	-1491807.244033682160	2.07420643006279359	-2.62234607074257120	2.75608991203183917
336467207.318919062614	2788474.613994380925	-1825388.915143849328	-1491756.609942573356	2.07418974040522786	-2.62234008641783278	2.75609738144049032
336467207.335169076920	2788490.372417866718	-1825407.128521138569	-1491705.975531159202	2.07417306882704322	-2.62233411611304357	2.75610513513342115
336467207.351419031620	2788506.130041375291	-1825425.341468475061	-1491655.340940386755	2.07415639726599332	-2.62232814594975228	2.75611288892078266
336467207.367669045925	2788521.887050324120	-1825443.554101413582	-1491604.705802406650	2.07413972547281311	-2.62232217585517136	2.75612064292572922
336467207.383919060230	2788537.643415897153	-1825461.766348925652	-1491554.070348877460	2.07412305357113080	-2.62231620586888781	2.75612839708870405
336467207.400169074535	2788553.400313696358	-1825479.978048588382	-1491503.435210586293	2.07410638156395466	-2.62231023598134039	2.75613615140364399
336467207.416419029236	2788569.155198259279	-1825498.189497332787	-1491452.799224855844	2.07408970694243777	-2.62230427974995406	2.75614382091984655
336467207.432669043541	2788584.909472795203	-1825516.400547570782	-1491402.162700231653	2.07407301838917135	-2.62229839837452161	2.75615102180856342
336467207.448919057846	2788600.663078387268	-1825534.611241318984	-1491351.525846758392	2.07405632973302811	-2.62229251709613331	2.75615822284978762
336467207.465169072151	2788616.415960627142	-1825552.821561311837	-1491300.888626919361	2.07403964097500992	-2.62228663591160815	2.75616542404149723
336467207.481419026852	2788632.168117435183	-1825571.031417184742	-1491250.251254544826	2.07402295223686561	-2.62228075486624856	2.75617262533223251
336467207.497669041157	2788647.919686422683	-1825589.240930885542	-1491199.613367497921	2.07400626327208748	-2.62227487387901315	2.75617982683097518
336467207.513919055462	2788663.670517618768	-1825607.450089928694	-1491148.975094846683	2.07398962562850242	-2.62226900793920414	2.75618707830966914
336467207.530169069767	2788679.420686540660	-1825625.658840123331	-1491098.336500472622	2.07397358168527424	-2.62226331477719210	2.75619490533972122
336467207.546419084072	2788695.170132094063	-1825643.867258755723	-1491047.697532605147	2.07395753764250923	-2.62225762171426080	2.75620273251257197
336467207.562669038773	2788710.918856730219	-1825662.075171365868	-1490997.058413387975	2.07394149349719736	-2.62225192875997370	2.75621055983428320
336467207.578919053078	2788726.666982427239	-1825680.282751624240	-1490946.418785440503	2.07392544925335098	-2.62224623590158368	2.75621838729677204
336467207.595169067383	2788742.414404684212	-1825698.489969876595	-1490895.778783998918	2.07390940490695730	-2.62224054315184318	2.75622621490812003
336467207.611419081688	2788758.161132462788	-1825716.696818350814	-1490845.138447538018	2.07389336046102457	-2.62223485050119232	2.75623404266226535
336467207.627669036388	2788773.907086032908	-1825734.903229124844	-1490794.497927192831	2.07387717907716551	-2.62222906284389046	2.75624117750702302
336467207.643919050694	2788789.652448331937	-1825753.109243538696	-1490743.856891949661	2.07386096680518595	-2.62222325394727829	2.75624815739188378
336467207.660169064999	2788805.397132883314	-1825771.314964247867	-1490693.215514787473	2.07384475443665028	-2.62221744513544897	2.75625513741918393
336467207.676419079304	2788821.141078539193	-1825789.520244682441	-1490642.573747036513	2.07382854196855071	-2.62221163641797039	2.75626211759498307
336467207.692669034004	2788836.884358842392	-1825807.725079725496	-1490591.931877565803	2.07381232940088633	-2.62220582779484346	2.75626909791928165
336467207.708919048309	2788852.626945593860	-1825825.929634152912	-1490541.289440007880	2.07379611673666409	-2.62220001925651003	2.75627607838601962
336467207.725169062614	2788868.368854703847	-1825844.133734444389	-1490490.646638682578	2.07377987532320507	-2.62219400203395825	2.75628318382491022
336467207.741419076920	2788884.110126089770	-1825862.337492971448	-1490440.003527976340	2.07376361516801300	-2.62218784907848201	2.75629037062091253
336467207.757669031620	2788899.850591890980	-1825880.540819983464	-1490389.360224614386	2.07374735502667518	-2.62218169626151498	2.75629755751882533
336467207.773919045925	2788915.590467761736	-1825898.743773038033	-1490338.716407768894	2.07373109465997540	-2.62217554349484283	2.75630474462539832
336467207.790169060230	2788931.329662431497	-1825916.946378203109	-1490288.072248775978	2.07371483418651614	-2.62216939082576328	2.75631193188927881
336467207.806419074535	2788947.068132617045	-1825935.148608379997	-1490237.427704178030	2.07369857360629739	-2.62216323825428033	2.75631911931046547
336467207.822669029236	2788962.805888690520	-1825953.350377387367	-1490186.783033638261	2.07368206624947238	-2.62215721944560798	2.75632635269593074
336467207.838919043541	2788978.542986785527	-1825971.551783600124	-1490136.137790255714	2.07366534238499334	-2.62215131801104917	2.75633362643023672
336467207.855169057846	2788994.279454967007	-1825989.752839070279	-1490085.492256731493	2.07364861841871662	-2.62214541666843637	2.75634090031398582
336467207.871419072151	2789010.015160832088	-1826007.953514926136	-1490034.846318132244	2.07363189434763484	-2.62213951542733481	2.75634817435323543
336467207.887669026852	2789025.750191428699	-1826026.153722571908	-1489984.200259763049	2.07361517029676268	-2.62213361432363534	2.75635544848993153
336467207.903919041157	2789041.484556408133	-1826044.353589212988	-1489933.553641846171	2.07359844601907550	-2.62212771327600214	2.75636272283412298
336467207.920169055462	2789057.218240201473	-1826062.553107935702	-1489882.906681786524	2.07358213142269010	-2.62212187471866764	2.75636960639977024
336467207.936419069767	2789072.951252935920	-1826080.752280561253	-1489832.259386936203	2.07356629907768486	-2.62211610967992259	2.75637602995143327
336467207.952669084072	2789088.683564655483	-1826098.950975292828	-1489781.611728089862	2.07355046663835108	-2.62211034472563131	2.75638245364613832
336467207.968919038773	2789104.415147618856	-1826117.149291110691	-1489730.963927633828	2.07353463410569061	-2.62210457985261103	2.75638887748186523
336467207.985169053078	2789120.146054842975	-1826135.347264096607	-1489680.315560275456	2.07351880147970169	-2.62209881506086173	2.75639530145861533
336467208.001419067383	2789135.876325581688	-1826153.544820456300	-1489629.666866670130	2.07350296876038431	-2.62209305035038831	2.75640172557638730
336467208.017669081688	2789151.605901854113	-1826171.742049182300	-1489579.017830919009	2.07348693289435593	-2.62208724850610109	2.75640836445303616
336467208.033919036388	2789167.334723904263	-1826189.938767509535	-1489528.368618409615	2.07347020375307878	-2.62208131974260983	2.75641573621068581
336467208.050169050694	2789183.064164573792	-1826208.135080123553	-1489477.719555754680	2.07345347425782744	-2.62207539100355813	2.75642310823830794
336467208.066419064999	2789198.791685481090	-1826226.331105149584	-1489427.069480259903	2.07343674490881780	-2.62206946243329853	2.75643048030082127
336467208.082669079304	2789214.518489703536	-1826244.526788396761	-1489376.419031269848	2.07342001520482722	-2.62206353389067237	2.75643785263532948
336467208.098919034004	2789230.244604065549	-1826262.722001273185	-1489325.768461095169	2.07340328564306997	-2.62205760552959433	2.75644522501280109
336467208.115169048309	2789245.970057334285	-1826280.916831225390	-1489275.117332558613	2.07338665613167894	-2.62205171597029540	2.75645254941489748
336467208.131419062614	2789261.694782772101	-1826299.111371423351	-1489224.465829342138	2.07337059294732073	-2.62204604535218788	2.75645960179012128
336467208.147669076920	2789277.418862766586	-1826317.305494348286	-1489173.814011761686	2.07335452966686606	-2.62204037482544772	2.75646665430776094
336467208.163919031620	2789293.142221877817	-1826335.499153367011	-1489123.162035702728	2.07333846628831076	-2.62203470439645159	2.75647370697185279
336467208.180169045925	2789308.864898651373	-1826353.692437460413	-1489072.509499870939	2.07332240281465996	-2.62202903405564181	2.75648075977634033
336467208.196419060230	2789324.586948840413	-1826371.885412102798	-1489021.856641588267	2.07330633924491092	-2.62202336380620471	2.75648781272324372
336467208.212669074535	2789340.308256830554	-1826390.077989471843	-1488971.203410769347	2.07329027558006640	-2.62201769364495663	2.75649486581054237
336467208.228919029236	2789356.028853883967	-1826408.270125705283	-1488920.550039525144	2.07327353461469865	-2.62201183097205925	2.75650218002403369
336467208.245169043541	2789371.748808760196	-1826426.461902410956	-1488869.896116090240	2.07325671168814463	-2.62200594510991492	2.75650952594518905
336467208.261419057846	2789387.468092437834	-1826444.653311730828	-1488819.241875690874	2.07323988865623221	-2.62200005935092317	2.75651687202248930
336467208.277669072151	2789403.186680726241	-1826462.844329023967	-1488768.587270337855	2.07322306552096558	-2.62199417368870824	2.75652421825189720
336467208.293919026852	2789418.904531379696	-1826481.034890714101	-1488717.932499152143	2.07320624227833461	-2.62198828813602791	2.75653156464148541
336467208.310169041157	2789434.621745290235	-1826499.225157537265	-1488667.277192644076	2.07318941893335040	-2.62198240267694382	2.75653891118116245
336467208.326419055462	2789450.338267128449	-1826517.415023057256	-1488616.621546360897	2.07317332809568011	-2.62197703445303398	2.75654654875079741
336467208.342669069767	2789466.054081111215	-1826535.604526144452	-1488565.965532526141	2.07315737047317850	-2.62197176043768643	2.75655423939062993
336467208.358919084072	2789481.769237572793	-1826553.793599607889	-1488515.309180332581	2.07314141275945962	-2.62196648651894471	2.75656193016272333
336467208.375169038773	2789497.483695204370	-1826571.982244238257	-1488464.652711706934	2.07312545506990853	-2.62196121274084692	2.75656962101404179
336467208.391419053078	2789513.197472812608	-1826590.170566899236	-1488413.995664297370	2.07310949717074999	-2.62195593902488966	2.75657731205670853
336467208.407669067383	2789528.910534918308	-1826608.358548925258	-1488363.338262631092	2.07309353918137607	-2.62195066540235588	2.75658500322961642
336467208.423919081688	2789544.622938191984	-1826626.546078882413	-1488312.680521193659	2.07307714225393713	-2.62194513914397032	2.75659242184004194
336467208.440169036388	2789560.334606124554	-1826644.733197804773	-1488262.022645271383	2.07306046564982793	-2.62193945196072375	2.75659966685946278
336467208.456419050694	2789576.045664092992	-1826662.919960289029	-1488211.364223329118	2.07304378894593677	-2.62193376487509866	2.75660691202693542
336467208.472669064999	2789591.755975375883	-1826681.106367353117	-1488160.705427663634	2.07302711214326596	-2.62192807788391002	2.75661415734044146
336467208.488919079304	2789607.465642415918	-1826699.292366686277	-1488110.046286511933	2.07301043523980999	-2.62192239099353674	2.75662140280401680
336467208.505169034004	2789623.174597372301	-1826717.477915253257	-1488059.387036057422	2.07299375836023847	-2.62191670423829359	2.75662864835981969
336467208.521419048309	2789638.882876801305	-1826735.663142150734	-1488008.727200876921	2.07297714434877278	-2.62191091057750647	2.75663637689380003
336467208.537669062614	2789654.590489538852	-1826753.848001942039	-1487958.067042788723	2.07296058454691012	-2.62190502493990385	2.75664452121935977
336467208.553919076920	2789670.297402428463	-1826772.032469345722	-1487907.406525691273	2.07294402463823069	-2.62189913940923880	2.75665266569717504
336467208.570169031620	2789686.003566575702	-1826790.216490946244	-1487856.745848700637	2.07292746461972754	-2.62189325399507789	2.75666081033329746
336467208.586419045925	2789701.709098484367	-1826808.400217957795	-1487806.084630445810	2.07291090449540860	-2.62188736868467132	2.75666895511965748
336467208.602669060230	2789717.413972730283	-1826826.583494070917	-1487755.423091656296	2.07289434426226737	-2.62188148348758698	2.75667710006230626
336467208.618919074535	2789733.118143816013	-1826844.766387066105	-1487704.761168674566	2.07287783550585836	-2.62187563641729415	2.75668494200103575
336467208.635169029236	2789748.821579392999	-1826862.948889958207	-1487654.099121907260	2.07286144876046041	-2.62186987938998417	2.75669206709911840
336467208.651419043541	2789764.524358406197	-1826881.131010167301	-1487603.436510838801	2.07284506179529737	-2.62186412241569089	2.75669919239723082
336467208.667669057846	2789780.226494129281	-1826899.312786980532	-1487552.773577091051	2.07282867472990340	-2.62185836553880902	2.75670631784446973
336467208.683919072151	2789795.929166496731	-1826917.494037148543	-1487502.110963340150	2.07281228756527991	-2.62185260875615578	2.75671344343881719
336467208.700169026852	2789811.629839207977	-1826935.674994837958	-1487451.447491450934	2.07279590030042371	-2.62184685207091883	2.75672056918229114
336467208.716419041157	2789827.329889676534	-1826953.855596298119	-1487400.783510604640	2.07277947249709715	-2.62184108163993512	2.75672774549905641
336467208.732669055462	2789843.029268023092	-1826972.035808151821	-1487350.119182859082	2.07276246282285737	-2.62183511231202182	2.75673564743224730
336467208.748919069767	2789858.727946533822	-1826990.215627598111	-1487299.454496100079	2.07274545303984281	-2.62182914309032711	2.75674354952262179
336467208.765169084072	2789874.425929512363	-1827008.395075906068	-1487248.789455085527	2.07272844314604932	-2.62182317398123432	2.75675145177421177
336467208.781419038773	2789890.123173891101	-1827026.574080198072	-1487198.124261535006	2.07271143326959040	-2.62181720501793603	2.75675935412234496
336467208.797669053078	2789905.819823720492	-1827044.752773254178	-1487147.458564011380	2.07269442315624275	-2.62181123612767530	2.75676725669233180
336467208.813919067383	2789921.515732574277	-1827062.931078536203	-1487096.792462829966	2.07267741293311669	-2.62180526734683550	2.75677515942151707
336467208.830169081688	2789937.210987044498	-1827081.109008032363	-1487046.126052037347	2.07266060906309990	-2.62179950182356514	2.75678251575187749
336467208.846419036388	2789952.905488506425	-1827099.286470397143	-1486995.459476599703	2.07264380716683005	-2.62179373844290309	2.75678986673776683
336467208.862669050694	2789968.599331068806	-1827117.463581480086	-1486944.792341614841	2.07262700516936604	-2.62178797515896234	2.75679721787275822
336467208.878919064999	2789984.292541546747	-1827135.640254886355	-1486894.124892266002	2.07261020306770227	-2.62178221198131611	2.75680456916290018
336467208.895169079304	2789999.985036508646	-1827153.816671997542	-1486843.457074405858	2.07259340086584398	-2.62177644889720840	2.75681192060012759
336467208.911419034004	2790015.676820649300	-1827171.992563463748	-1486792.789130376186	2.07257659868537303	-2.62177068595426688	2.75681927213389022
336467208.927669048309	2790031.367941388860	-1827190.168145522708	-1486742.120625613956	2.07255968447494876	-2.62176532378954974	2.75682691802054958
336467208.943919062614	2790047.058376731351	-1827208.343358243350	-1486691.451773953624	2.07254276039938823	-2.62175999674129701	2.75683458975036544
336467208.960169076920	2790062.748135484755	-1827226.518181014108	-1486640.782581331907	2.07252583622623510	-2.62175466980165472	2.75684226162472257
336467208.976419031620	2790078.437145725824	-1827244.692536949879	-1486590.113218123326	2.07250891195649078	-2.62174934296743878	2.75684993364160391
336467208.992669045925	2790094.125513634179	-1827262.866596425651	-1486539.443306292407	2.07249198759015574	-2.62174401623865005	2.75685760580100858
336467209.008919060230	2790109.813227204606	-1827281.040237877052	-1486488.773091980955	2.07247506312722862	-2.62173868961529255	2.75686527810293613
336467209.025169074535	2790125.500240939204	-1827299.213529084809	-1486438.102511530276	2.07245835957032654	-2.62173297800288774	2.75687261315624488
336467209.041419029236	2790141.186472625937	-1827317.386370104970	-1486387.431745779701	2.07244175862145585	-2.62172708777325481	2.75687979169275543
336467209.057669043541	2790156.872128902934	-1827335.558860103600	-1486336.760478655808	2.07242515744780720	-2.62172119759765021	2.75688697043461817
336467209.073919057846	2790172.557070766110	-1827353.730955510400	-1486286.088851105655	2.07240855617048503	-2.62171530752144699	2.75689414933053634
336467209.090169072151	2790188.241348313633	-1827371.902694503544	-1486235.416888767388	2.07239195479049076	-2.62170941754146014	2.75690132837849422
336467209.106419026852	2790203.924853941426	-1827390.073985123308	-1486184.744748485042	2.07237535330782219	-2.62170352765769010	2.75690850757849271
336467209.122669041157	2790219.607742825989	-1827408.244950323598	-1486134.072072877316	2.07235870350660090	-2.62169775115203940	2.75691619661253418
336467209.138919055462	2790235.289954154287	-1827426.415494997986	-1486083.399076736998	2.07234202263164757	-2.62169204751328078	2.75692421319612624
336467209.155169069767	2790250.971469018608	-1827444.585646327818	-1486032.725696403999	2.07232534165138960	-2.62168634398673550	2.75693222993231135
336467209.171419084072	2790266.652280536480	-1827462.755469231866	-1485982.051985809347	2.07230866056782981	-2.62168064056602734	2.75694024681705807
336467209.187669038773	2790282.332409110386	-1827480.924832695164	-1485931.378136205720	2.07229197950266286	-2.62167493729515844	2.75694826379291724
336467209.203919053078	2790298.011827522423	-1827499.093839261215	-1485880.703725411324	2.07227529820949607	-2.62166923409570041	2.75695628098082945
336467209.220169067383	2790313.690583951771	-1827517.262500175275	-1485830.028967946768	2.07225856862987001	-2.62166348100237512	2.75696405118205146
336467209.236419081688	2790329.368701680098	-1827535.430733517744	-1485779.353896117769	2.07224175225476381	-2.62165763805585028	2.75697137689404848
336467209.252669036388	2790345.046028569806	-1827553.598537255311	-1485728.678633046336	2.07222493577612399	-2.62165179520894265	2.75697870275910306
336467209.268919050694	2790360.722732084803	-1827571.766025699908	-1485678.002834652085	2.07220811919394965	-2.62164595246165621	2.75698602877721566
336467209.285169064999	2790376.398792390712	-1827589.933128454024	-1485627.326720706187	2.07219130250723982	-2.62164010981718310	2.75699335495040065
336467209.301419079304	2790392.074082845822	-1827608.099873187952	-1485576.650214985944	2.07217448571999707	-2.62163426726276638	2.75700068127059827
336467209.317669034004	2790407.749945815653	-1827626.265963281039	-1485525.974269686500	2.07215771925843040	-2.62162850053607732	2.75700801655018113
336467209.333919048309	2790423.423892132007	-1827644.431928633247	-1485475.297070164699	2.07214106747518656	-2.62162290673515752	2.75701537226851690
336467209.350169062614	2790439.097207556944	-1827662.597457435913	-1485424.619575518649	2.07212441559322968	-2.62161731303334289	2.75702272813286919
336467209.366419076920	2790454.769804240670	-1827680.762654743390	-1485373.941701434320	2.07210776361356075	-2.62161171942744309	2.75703008414122319
336467209.382669031620	2790470.441618938465	-1827698.927359598689	-1485323.263649179367	2.07209111153317638	-2.62160612592703401	2.75703744029962206
336467209.398919045925	2790486.112836998422	-1827717.091721401084	-1485272.585094135720	2.07207445935507906	-2.62160053252254599	2.75704479660202173
336467209.415169060230	2790501.783393088263	-1827735.255737533327	-1485221.906192420051	2.07205779879379381	-2.62159493374510744	2.75705215651950208
336467209.431419074535	2790517.453230313025	-1827753.419358701445	-1485171.226936221123	2.07204101942872310	-2.62158925672028831	2.75705956631550997
336467209.447669029236	2790533.122347902972	-1827771.582559171133	-1485120.547533654841	2.07202424008811992	-2.62158357983035195	2.75706697620157648
336467209.463919043541	2790548.790808809921	-1827789.745397804305	-1485069.867577484809	2.07200746052114759	-2.62157790300683358	2.75707438629577561
336467209.480169057846	2790564.458569946233	-1827807.907843924128	-1485019.187262304360	2.07199068085422411	-2.62157222628077990	2.75708179653705621
336467209.496419072151	2790580.125683377963	-1827826.069946217351	-1484968.506630385527	2.07197390108534663	-2.62156654965857250	2.75708920692944703
336467209.512669026852	2790595.792036091443	-1827844.231548029231	-1484917.825821709819	2.07195712121451603	-2.62156087314021713	2.75709661747294588
336467209.528919041157	2790611.457771054003	-1827862.392878234154	-1484867.144483880140	2.07194095093907293	-2.62155558322429982	2.75710376250780032
336467209.545169055462	2790627.122798321769	-1827880.553761419374	-1484816.462792752078	2.07192478441477101	-2.62155029584472299	2.75711090600675623
336467209.561419069767	2790642.787145848852	-1827898.714318900602	-1484765.780760893598	2.07190861780289026	-2.62154500854881212	2.75711804963448559
336467209.577669084072	2790658.450809072237	-1827916.874453087104	-1484715.098375963978	2.07189245109842712	-2.62153972135252200	2.75712519340105766
336467209.593919038773	2790674.113738075364	-1827935.034164403565	-1484664.415843255585	2.07187628442230487	-2.62153443428723154	2.75713233724938656
336467209.610169053078	2790689.776032806374	-1827953.193507055752	-1484613.732777595986	2.07186011753767918	-2.62152914727423880	2.75713948128357256
336467209.626419067383	2790705.437632075977	-1827971.352478452493	-1484563.049357678974	2.07184381694665820	-2.62152353533657889	2.75714648137830975
336467209.642669081688	2790721.098553774413	-1827989.511113666696	-1484512.365602973849	2.07182747345479878	-2.62151781935723172	2.75715343545543456
336467209.658919036388	2790736.758730204310	-1828007.669259815244	-1484461.681670323946	2.07181112986143656	-2.62151210348214514	2.75716038968603261
336467209.675169050694	2790752.418267852627	-1828025.827079181792	-1484410.997203537263	2.07179478617357615	-2.62150638768898725	2.75716734405600805
336467209.691419064999	2790768.077124494594	-1828043.984508173307	-1484360.312401733128	2.07177844238721365	-2.62150067199052295	2.75717429857341489
336467209.707669079304	2790783.735310218763	-1828062.141590824584	-1484309.627265139250	2.07176209850434923	-2.62149495638037244	2.75718125323422791
336467209.723919034004	2790799.392722963355	-1828080.298181600636	-1484258.941938490374	2.07174543660885568	-2.62148932394898893	2.75718872336168142
336467209.740169048309	2790815.049524650443	-1828098.454448383534	-1484208.256089816568	2.07172848574106228	-2.62148376698443419	2.75719666160713262
336467209.756419062614	2790830.705641968176	-1828116.610367873218	-1484157.569924176671	2.07171153477199699	-2.62147821012626192	2.75720459999952539
336467209.772669076920	2790846.361071876250	-1828134.765852349345	-1484106.883369590156	2.07169458369965875	-2.62147265338085766	2.75721253854288495
336467209.788919031620	2790862.015758608934	-1828152.920913301175	-1484056.196679105749	2.07167763252304615	-2.62146709675141354	2.75722047723922437
336467209.805169045925	2790877.669804405421	-1828171.075657923706	-1484005.509448543191	2.07166068124816283	-2.62146154021878797	2.75722841607646307
336467209.821419060230	2790893.323180342093	-1828189.230002312455	-1483954.821877022274	2.07164386708021686	-2.62145585518630186	2.75723601446009070
336467209.837669074535	2790908.975847536232	-1828207.383995718556	-1483904.133951244177	2.07162721849292453	-2.62145001494785390	2.75724320171175252
336467209.853919029236	2790924.627781766001	-1828225.537491384661	-1483853.445860820822	2.07161056992499137	-2.62144417485101400	2.75725038906336772
336467209.870169043541	2790940.279091643635	-1828243.690683350665	-1483802.757248369278	2.07159392113350282	-2.62143833480577193	2.75725757661766302
336467209.886419057846	2790955.929718368221	-1828261.843495379435	-1483752.068294959841	2.07157727223991550	-2.62143249485713881	2.75726476432327505
336467209.902669072151	2790971.579641890246	-1828279.995902853087	-1483701.378975183470	2.07156062324222789	-2.62142665501149796	2.75727195218422905
336467209.918919026852	2790987.228820265736	-1828298.147876297589	-1483650.689502871595	2.07154417717363337	-2.62142079067813860	2.75727899274546084
336467209.935169041157	2791002.877379833255	-1828316.299492467195	-1483599.999496421544	2.07152806363718733	-2.62141488616326335	2.75728579188403922
336467209.951419055462	2791018.525259502232	-1828334.450803837972	-1483549.309159937780	2.07151195000283472	-2.62140898173322201	2.75729259116807413
336467209.967669069767	2791034.173701520544	-1828352.601559554460	-1483498.619156746892	2.07149583626857492	-2.62140307739440237	2.75729939060158946
336467209.983919084072	2791049.820195061155	-1828370.752023248468	-1483447.928109368775	2.07147972243640766	-2.62139717314042464	2.75730619018056089
336467210.000169038773	2791065.465935482644	-1828388.902082810644	-1483397.236900912598	2.07146360850333000	-2.62139126898086205	2.75731298991102669
336467210.016419053078	2791081.111064897384	-1828407.051776133012	-1483346.545177557273	2.07144742217339495	-2.62138537887205780	2.75731984892629178
336467210.032669067383	2791096.755494558252	-1828425.201119073434	-1483295.853088064585	2.07143080782447031	-2.62137957104597019	2.75732705777166176
336467210.048919081688	2791112.399228823837	-1828443.350048488472	-1483245.160651441896	2.07141419362141832	-2.62137376339018013	2.75733426665428905
336467210.065169036388	2791128.042257959954	-1828461.498538006097	-1483194.468087692745	2.07139757919262513	-2.62136795579592263	2.75734147574483357
336467210.081419050694	2791143.684663782828	-1828479.646712123649	-1483143.774988619378	2.07138096466229449	-2.62136214829839176	2.75734868498573871
336467210.097669064999	2791159.326298671309	-1828497.794526908780	-1483093.081478532404	2.07136435003142649	-2.62135634089439984	2.75735589437499096
336467210.113919079304	2791174.967325973324	-1828515.941907517612	-1483042.387691373471	2.07134778334625702	-2.62135052424508208	2.75736315886623329
336467210.130169034004	2791190.607592735905	-1828534.088851019507	-1482991.693702503573	2.07133190635195064	-2.62134457348736172	2.75737121233224469
336467210.146419048309	2791206.247230503242	-1828552.235511417268	-1482940.999208246125	2.07131602925276237	-2.62133862283083596	2.75737926594641358
336467210.162669062614	2791221.886169636156	-1828570.381683126790	-1482890.304355934029	2.07130015204569240	-2.62133267228508160	2.75738731971477558
336467210.178919076920	2791237.524407791905	-1828588.527579260990	-1482839.609154349891	2.07128427473474064	-2.62132672183733595	2.75739537362928200
336467210.195169031620	2791253.161929782946	-1828606.672969285864	-1482788.913795476081	2.07126839743470503	-2.62132077153660514	2.75740342763422319
336467210.211419045925	2791268.798826333601	-1828624.818012158619	-1482738.217902463861	2.07125251991098747	-2.62131482130083926	2.75741148185107798
336467210.227669060230	2791284.435034040827	-1828642.962749558967	-1482687.521691300906	2.07123591258121120	-2.62130887036513593	2.75741890388782984
336467210.243919074535	2791300.070526505820	-1828661.107027833583	-1482636.825096904067	2.07121913424061788	-2.62130291934415549	2.75742617798252976
336467210.260169029236	2791315.705299412366	-1828679.250885284739	-1482586.128356143367	2.07120235579497347	-2.62129696842180149	2.75743345223243619
336467210.276419043541	2791331.339444537181	-1828697.394426993327	-1482535.431085998891	2.07118557724427710	-2.62129101759807437	2.75744072663755002
336467210.292669057846	2791346.972866537515	-1828715.537594555644	-1482484.733449487016	2.07116879858952707	-2.62128506686978424	2.75744800119585953
336467210.308919072151	2791362.605664355680	-1828733.680357487639	-1482434.035510722082	2.07115201982872410	-2.62127911624332066	2.75745527591138684
336467210.325169026852	2791378.237668182701	-1828751.822615506127	-1482383.337369792396	2.07113502580940168	-2.62127309381894325	2.75746305051556151
336467210.341419041157	2791393.869059762917	-1828769.964624286396	-1482332.638723700773	2.07111796242742674	-2.62126704836124480	2.75747098582312766
336467210.357669055462	2791409.499790506437	-1828788.106233380968	-1482281.939724769210	2.07110089893175697	-2.62126100302016773	2.75747892129637373
336467210.373919069767	2791425.129791508894	-1828806.247436267091	-1482231.240366596496	2.07108383532639095	-2.62125495778294582	2.75748685692725548
336467210.390169084072	2791440.759116054978	-1828824.388248986565	-1482180.540667467518	2.07106677160832886	-2.62124891265915982	2.75749479272180453
336467210.406419038773	2791456.387727704830	-1828842.528630713001	-1482129.840821972117	2.07104970777757025	-2.62124286764881154	2.75750272868002178
336467210.422669053078	2791472.015669443179	-1828860.668670786778	-1482079.140422870638	2.07103288210242287	-2.62123698094304691	2.75751033774220433
336467210.438919067383	2791487.642949145287	-1828878.808343788376	-1482028.439694923116	2.07101627088606799	-2.62123123680493242	2.75751765243922664
336467210.455169081688	2791503.269524670206	-1828896.947623832617	-1481977.738613903988	2.07099965956968202	-2.62122549276188233	2.75752496728340235
336467210.471419036388	2791518.895322774071	-1828915.086453772383	-1481927.037341645686	2.07098304827444846	-2.62121974885819986	2.75753228222242930
336467210.487669050694	2791534.520555509254	-1828933.224955300568	-1481876.335586065892	2.07096643675599967	-2.62121400501167168	2.75753959736492993
336467210.503919064999	2791550.145088375080	-1828951.363085127203	-1481825.633482170757	2.07094982513551873	-2.62120826126660056	2.75754691265860519
336467210.520169079304	2791565.768903863151	-1828969.500766249374	-1481774.930989103392	2.07093324441899496	-2.62120249173753006	2.75755425983582647
336467210.536419034004	2791581.391977324616	-1828987.638109352207	-1481724.228365120012	2.07091670087203150	-2.62119669119385579	2.75756164531114090
336467210.552669048309	2791597.014469895046	-1829005.775057518156	-1481673.525233594235	2.07090015722292264	-2.62119089074908240	2.75756903093660322
336467210.568919062614	2791612.636250504293	-1829023.911621654639	-1481622.821729760151	2.07088361347166749	-2.62118509040321124	2.75757641671221387
336467210.585169076920	2791628.257352503017	-1829042.047806074843	-1481572.117879025172	2.07086706961826650	-2.62117929015624451	2.75758380263797198
336467210.601419031620	2791643.878901430871	-1829060.183427814161	-1481521.414535295218	2.07085052578740569	-2.62117349004012778	2.75759118865301245
336467210.617669045925	2791659.498639413621	-1829078.318841685774	-1481470.710008584894	2.07083401507494713	-2.62116769671822025	2.75759850466722733
336467210.633919060230	2791675.117658784147	-1829096.453881676774	-1481420.005109565565	2.07081762428211213	-2.62116192768967560	2.75760556811582447
336467210.650169074535	2791690.735992928967	-1829114.588509884663	-1481369.299870774848	2.07080123339103395	-2.62115615875127705	2.75761263170975823
336467210.666419029236	2791706.353626302443	-1829132.722719381098	-1481318.594509611605	2.07078484239871274	-2.62115038991260141	2.75761969545505981
336467210.682669043541	2791721.970579854678	-1829150.856564396294	-1481267.888576791156	2.07076845130914666	-2.62114462116088287	2.75762675934368762
336467210.698919057846	2791737.586885809898	-1829168.990065407939	-1481217.182327234186	2.07075206011933588	-2.62113885250570133	2.75763382338167240
336467210.715169072151	2791753.202469913755	-1829187.123117380310	-1481166.475694443565	2.07073566883028004	-2.62113308394386690	2.75764088756700332
336467210.731419026852	2791768.817335430533	-1829205.255812824704	-1481115.768938096706	2.07071884490120484	-2.62112756833334704	2.75764775461240896
336467210.747669041157	2791784.431548853870	-1829223.388146575075	-1481065.061622202396	2.07070201400073017	-2.62112205672699039	2.75765461878005613
336467210.763919055462	2791800.045062643941	-1829241.520045426907	-1481014.353954425082	2.07068518300576576	-2.62111654521026738	2.75766148308993486
336467210.780169069767	2791815.657935500611	-1829259.651590104681	-1480963.645969912177	2.07066835191331222	-2.62111103379275923	2.75766834754807499
336467210.796419084072	2791831.270109796897	-1829277.782785508549	-1480912.937638497679	2.07065152072836600	-2.62110552245850137	2.75767521214442635
336467210.812669038773	2791846.881496661343	-1829295.913444506004	-1480862.229122742312	2.07063468944393048	-2.62110001122984926	2.75768207689305811
336467210.828919053078	2791862.492299215402	-1829314.043836043216	-1480811.520103240153	2.07061795532867254	-2.62109423440384948	2.75768929668888418
336467210.845169067383	2791878.102402080782	-1829332.173877082998	-1480760.810717600631	2.07060123064637303	-2.62108843162967542	2.75769655142224446
336467210.861419081688	2791893.711814144161	-1829350.303462585201	-1480710.100986018777	2.07058450586088405	-2.62108262895671995	2.75770380630889411
336467210.877669036388	2791909.320478796028	-1829368.432645340916	-1480659.391106656520	2.07056778109821860	-2.62107682641694284	2.75771106128893173
336467210.893919050694	2791924.928505786695	-1829386.561489477754	-1480608.680679859826	2.07055105610834733	-2.62107102394004565	2.75771831647813848
336467210.910169064999	2791940.535873129964	-1829404.689935057890	-1480557.969919461291	2.07053433101628404	-2.62106522156118293	2.75772557181862332
336467210.926419079304	2791956.142555236351	-1829422.818011034047	-1480507.258812160930	2.07051766217795752	-2.62105934380444339	2.75773283344335063
336467210.942669034004	2791971.748469930608	-1829440.945617414080	-1480456.547538800864	2.07050100426366157	-2.62105345138079437	2.75774009642554407
336467210.958919048309	2791987.353758002631	-1829459.072951375041	-1480405.835748168174	2.07048434624782551	-2.62104755904852160	2.75774735955659667
336467210.975169062614	2792002.958345354069	-1829477.199806993594	-1480355.123593542026	2.07046768812744952	-2.62104166681720807	2.75775462284253559
336467210.991419076920	2792018.562266346533	-1829495.326358614489	-1480304.411091058282	2.07045102990453245	-2.62103577468047000	2.75776188627934271
336467211.007669031620	2792034.165438863449	-1829513.452421847498	-1480253.698435810162	2.07043437170060152	-2.62102988268369508	2.75776914981509291
336467211.023919045925	2792049.768002596684	-1829531.578150441870	-1480202.985264477786	2.07041765363504471	-2.62102403493683722	2.75777643192017763
336467211.040169060230	2792065.369848856237	-1829549.703548513353	-1480152.271732947789	2.07040089560432605	-2.62101821681875968	2.75778372644413983
336467211.056419074535	2792080.971044307575	-1829567.828527381178	-1480101.557873756625	2.07038413746878636	-2.62101239880587356	2.75779102112414165
336467211.072669029236	2792096.571470188443	-1829585.953047108836	-1480050.843842563219	2.07036737922942526	-2.62100658089498806	2.75779831595817315
336467211.088919043541	2792112.171241835225	-1829604.077215567231	-1480000.129245881923	2.07035062088824073	-2.62100076307971985	2.75780561094221666
336467211.105169057846	2792127.770383644849	-1829622.201053801691	-1479949.414369755657	2.07033386244423134	-2.62099494536326461	2.75781290607828078
336467211.121419072151	2792143.368771393318	-1829640.324482041877	-1479898.699097098550	2.07031726120667692	-2.62098890641548588	2.75782028272256330
336467211.137669026852	2792158.966470771469	-1829658.447449018946	-1479847.983672135742	2.07030080417773910	-2.62098266473874419	2.75782773405350623
336467211.153919041157	2792174.563527947757	-1829676.570110869594	-1479797.267748911167	2.07028434691882790	-2.62097642311339873	2.75783518559768748
336467211.170169055462	2792190.159874426667	-1829694.692355975509	-1479746.551429384854	2.07026788954899432	-2.62097018159059880	2.75784263730381340
336467211.186419069767	2792205.755574484821	-1829712.814258220140	-1479695.834812360350	2.07025143207023632	-2.62096394016395973	2.75785008916786722
336467211.202669084072	2792221.350554876961	-1829730.935743085109	-1479645.117810916854	2.07023497448055416	-2.62095769883987151	2.75785754119386617
336467211.218919038773	2792236.944809023291	-1829749.056753685232	-1479594.400688058930	2.07021840380314170	-2.62095158500686631	2.75786497304052025
336467211.235169053078	2792252.538397745695	-1829767.177507244516	-1479543.682991400361	2.07020151977215683	-2.62094582447719127	2.75787234863781805
336467211.251419067383	2792268.132596709765	-1829785.297732497100	-1479492.965665553929	2.07018463563740873	-2.62094006405145041	2.75787972438900741
336467211.267669081688	2792283.724819388706	-1829803.417683592299	-1479442.247294105822	2.07016775140089671	-2.62093430372326042	2.75788710029007023
336467211.283919036388	2792299.316354844254	-1829821.537174617639	-1479391.528789589414	2.07015086718580488	-2.62092854353704308	2.75789447628825712
336467211.300169050694	2792314.907187106553	-1829839.656319556292	-1479340.809706060449	2.07013398274376392	-2.62092278341034790	2.75790185249308362
336467211.316419064999	2792330.497386241332	-1829857.775143503444	-1479290.090317906812	2.07011716466358120	-2.62091711365314239	2.75790926175055917
336467211.332669079304	2792346.086892445106	-1829875.893522321945	-1479239.370577867376	2.07010058228023386	-2.62091176422507210	2.75791678786525729
336467211.348919034004	2792361.675633559935	-1829894.011484477203	-1479188.650652759010	2.07008399980071456	-2.62090641490137921	2.75792431412227357
336467211.365169048309	2792377.263767050114	-1829912.129113163799	-1479137.930230804021	2.07006741722802001	-2.62090106567248426	2.75793184051558349
336467211.381419062614	2792392.851169745903	-1829930.246334288968	-1479087.209430369548	2.07005083456015182	-2.62089571654477682	2.75793936704920295
336467211.397669076920	2792408.437936050352	-1829948.363201464526	-1479036.488307258813	2.07003425179511202	-2.62089036752464910	2.75794689372714608
336467211.413919031620	2792424.023930674884	-1829966.479577720864	-1478985.767013330944	2.07001766905886964	-2.62088501863753409	2.75795442048551731
336467211.430169045925	2792439.609307720792	-1829984.595639913809	-1478935.045197378611	2.07000092377430134	-2.62087925221591656	2.75796168152998300
336467211.446419060230	2792455.194018297829	-1830002.711376785301	-1478884.323051391635	2.06998417535667922	-2.62087347810028515	2.75796893776336960
336467211.462669074535	2792470.777986018918	-1830020.826651567360	-1478833.600510059157	2.06996742683822266	-2.62086770407963954	2.75797619414557760
336467211.478919029236	2792486.361258493736	-1830038.941529975971	-1478782.877870350843	2.06995067821593359	-2.62086193016356495	2.75798345068262929
336467211.495169043541	2792501.943874596618	-1830057.056067533325	-1478732.154659213033	2.06993392949380750	-2.62085615633928803	2.75799070736649332
336467211.511419057846	2792517.525818857364	-1830075.170172878308	-1478681.431108302670	2.06991718066884722	-2.62085038261639180	2.75799796420319332
336467211.527669072151	2792533.107071100734	-1830093.283939626766	-1478630.707221188582	2.06990084406169483	-2.62084438760105121	2.75800533363544265
336467211.543919026852	2792548.687580510508	-1830111.397261640988	-1478579.983187481062	2.06988454676017675	-2.62083837162425271	2.75801271387648272
336467211.560169041157	2792564.267446871847	-1830129.510222470621	-1478529.258582346374	2.06986824923183033	-2.62083235570811901	2.75802009432953898
336467211.576419055462	2792579.846633492038	-1830147.622836074326	-1478478.533654304687	2.06985195159952928	-2.62082633988616953	2.75802747493380185
336467211.592669069767	2792595.425148246810	-1830165.735059658764	-1478427.808379362337	2.06983565386127477	-2.62082032416479604	2.75803485569328588
336467211.608919084072	2792611.002971056849	-1830183.846860225778	-1478377.082782472484	2.06981935601806644	-2.62081430854080910	2.75804223660598291
336467211.625169038773	2792626.580059976783	-1830201.958258883329	-1478326.357019977877	2.06980295277589743	-2.62080852258063279	2.75804950942116101
336467211.641419053078	2792642.156503541395	-1830220.069285555743	-1478275.630697937682	2.06978649851574836	-2.62080284773163230	2.75805673003867602
336467211.657669067383	2792657.732227399014	-1830238.179928628029	-1478224.904034710955	2.06977004415879895	-2.62079717297221437	2.75806395079832267
336467211.673919081688	2792673.307308228686	-1830256.290227875346	-1478174.177048805635	2.06975358970205159	-2.62079149831196290	2.75807117170612281
336467211.690169036388	2792688.881626381539	-1830274.400036784820	-1478123.449880204629	2.06973713526953418	-2.62078582378189795	2.75807839270243305
336467211.706419050694	2792704.455322309863	-1830292.509552228730	-1478072.722206211649	2.06972068061518799	-2.62078014931360093	2.75808561390252382
336467211.722669064999	2792720.028334284201	-1830310.618665319169	-1478021.994161327370	2.06970381603840536	-2.62077433439911456	2.75809306502873808
336467211.738919079304	2792735.600656636991	-1830328.727366167353	-1477971.265782610979	2.06968643599926505	-2.62076834285431692	2.75810080526059886
336467211.755169034004	2792751.172240451444	-1830346.835685708560	-1477920.537254927680	2.06966905584716931	-2.62076235142514191	2.75810854565890207
336467211.771419048309	2792766.743196815718	-1830364.943626154214	-1477869.808194294572	2.06965167558611185	-2.62075636009881663	2.75811628621562033
336467211.787669062614	2792782.313453426585	-1830383.051194704836	-1477819.078785346821	2.06963429521309639	-2.62075036888492718	2.75812402693677372
336467211.803919076920	2792797.883036014624	-1830401.158383683534	-1477768.349023556337	2.06961691472912124	-2.62074437778028013	2.75813176782035541
336467211.820169031620	2792813.451837997418	-1830419.265081042657	-1477717.619102835422	2.06959979992985366	-2.62073849374027779	2.75813928795555574
336467211.836419045925	2792829.020040194038	-1830437.371486498276	-1477666.888647017069	2.06958314744893990	-2.62073279592049779	2.75814642378352914
336467211.852669060230	2792844.587573820725	-1830455.477534838486	-1477616.157862352440	2.06956649486851418	-2.62072709819657268	2.75815355975949483
336467211.868919074535	2792860.154410080519	-1830473.583137654932	-1477565.426731745712	2.06954984218857518	-2.62072140056850422	2.75816069588345325
336467211.885169029236	2792875.721737849992	-1830491.688214397989	-1477514.696120481938	2.06953318940912423	-2.62071570303629420	2.75816783215540351
336467211.901419043541	2792891.287174796220	-1830509.793052460300	-1477463.964282549219	2.06951653653015999	-2.62071000559994705	2.75817496857534517
336467211.917669057846	2792906.851943172514	-1830527.897533405339	-1477413.232115768362	2.06949986925275375	-2.62070445770809357	2.75818194211200440
336467211.933919072151	2792922.415978632867	-1830546.001617179951	-1477362.499564568745	2.06948316747357675	-2.62069926955376920	2.75818852344956156
336467211.950169026852	2792937.979336901102	-1830564.105221363017	-1477311.766905482393	2.06946646560416170	-2.62069408149378180	2.75819510492627940
336467211.966419041157	2792953.542035234626	-1830582.208590887487	-1477261.033696587430	2.06944976377334466	-2.62068889354598911	2.75820168648119335
336467211.982669055462	2792969.104066293221	-1830600.311486236751	-1477210.300149107119	2.06943306160359963	-2.62068370562806896	2.75820826827914445
336467211.998919069767	2792984.665407716762	-1830618.414011516143	-1477159.566260666586	2.06941635959629799	-2.62067851785617956	2.75821485010435330
336467212.015169084072	2793000.226060553920	-1830636.516155019635	-1477108.832017972134	2.06939965481987365	-2.62067329335427779	2.75822147663581152
336467212.031419038773	2793015.785930591635	-1830654.617859560065	-1477058.097603275208	2.06938291348202341	-2.62066751334217907	2.75822877521943122
336467212.047669053078	2793031.345208687242	-1830672.719221018022	-1477007.362679848680	2.06936617191785555	-2.62066173339066655	2.75823607401030557
336467212.063919067383	2793046.903798199724	-1830690.820200693794	-1476956.627402167069	2.06934943024950790	-2.62065595354431125	2.75824337295625011
336467212.080169081688	2793062.461672491394	-1830708.920839229831	-1476905.891770230141	2.06933268848097196	-2.62065017379033582	2.75825067204924235
336467212.096419036388	2793078.018845257349	-1830727.020952270599	-1476855.156000241404	2.06931594660825535	-2.62064439414152073	2.75825797129730432
336467212.112669050694	2793093.575350349303	-1830745.120797361946	-1476804.419668334536	2.06929920463435213	-2.62063861458828606	2.75826527069441862
336467212.128919064999	2793109.131194715854	-1830763.220234158449	-1476753.683033945039	2.06928279248606817	-2.62063309430416691	2.75827277366663148
336467212.145169079304	2793124.686352852266	-1830781.319257749477	-1476702.946040545590	2.06926638561640885	-2.62062757834701943	2.75828028009918169
336467212.161419034004	2793140.240734827239	-1830799.417874401901	-1476652.208868016722	2.06924997877202665	-2.62062206252275676	2.75828778661488583
336467212.177669048309	2793155.794517114758	-1830817.516114690341	-1476601.471174647100	2.06923357170756272	-2.62061654676529621	2.75829529333319545
336467212.193919062614	2793171.347610709257	-1830835.614049235359	-1476550.733163127210	2.06921716454669413	-2.62061103110448856	2.75830280019237950
336467212.210169076920	2793186.900008148979	-1830853.711547783343	-1476499.994774544146	2.06920075728742381	-2.62060551554672605	2.75831030719644810
336467212.226419031620	2793202.451669479255	-1830871.808591327630	-1476449.256239368347	2.06918402025586179	-2.62059981228912475	2.75831769729995235
336467212.242669045925	2793218.002679937519	-1830889.905316394987	-1476398.517156757182	2.06916716163913073	-2.62059403991972850	2.75832504441881987
336467212.258919060230	2793233.553026207257	-1830908.001663341885	-1476347.777757179691	2.06915030291761814	-2.62058826765688346	2.75833239169363598
336467212.275169074535	2793249.102668622974	-1830926.097596136620	-1476297.037993837614	2.06913344409631383	-2.62058249548461708	2.75833973911437580
336467212.291419029236	2793264.651579211932	-1830944.193137381459	-1476246.298081529327	2.06911658529522402	-2.62057672345702475	2.75834708663450989
336467212.307669043541	2793280.199899134226	-1830962.288260665024	-1476195.557643626118	2.06909972626535366	-2.62057095149468111	2.75835443436513827
336467212.323919057846	2793295.747457012068	-1830980.383079719031	-1476144.816836755490	2.06908319088956949	-2.62056543187486390	2.75836168788416192
336467212.340169072151	2793311.294347612653	-1830998.477466754615	-1476094.075684170937	2.06906680775840002	-2.62056003104848800	2.75836889714621059
336467212.356419026852	2793326.840495452285	-1831016.571408935590	-1476043.334384992952	2.06905042453342425	-2.62055463031750779	2.75837610654755183
336467212.372669041157	2793342.386044510175	-1831034.665081287734	-1475992.592580654426	2.06903404121464174	-2.62054922968192594	2.75838331608818388
336467212.388919055462	2793357.930860722903	-1831052.758314206731	-1475941.850399024319	2.06901765780304991	-2.62054382913854811	2.75839052576610344
336467212.405169069767	2793373.475038492586	-1831070.851161301136	-1475891.107895903056	2.06900127429665304	-2.62053842869377052	2.75839773558531753
336467212.421419084072	2793389.018507727422	-1831088.943657052005	-1475840.365038524847	2.06898473463205113	-2.62053289112057408	2.75840494028005789
336467212.437669038773	2793404.561233118642	-1831107.035664505325	-1475789.622022443451	2.06896800016249216	-2.62052718238097437	2.75841213849901301
336467212.453919053078	2793420.103299902752	-1831125.127320185071	-1475738.878446816700	2.06895126546845542	-2.62052147370095900	2.75841933692250674
336467212.470169067383	2793435.644696948119	-1831143.218651300995	-1475688.134566335473	2.06893453067502131	-2.62051576511498752	2.75842653549307748
336467212.486419081688	2793451.185431179125	-1831161.309592897771	-1475637.390327071771	2.06891779578019319	-2.62051005662945435	2.75843373421473359
336467212.502669036388	2793466.725384863093	-1831179.400042782538	-1475586.645928875543	2.06890106078496938	-2.62050434824116607	2.75844093308547134
336467212.518919050694	2793482.266013184097	-1831197.490071377717	-1475535.901694057044	2.06888451961983311	-2.62049873896182950	2.75844785561096684
336467212.535169064999	2793497.804663137998	-1831215.579836007440	-1475485.156407696195	2.06886830858718795	-2.62049329835424682	2.75845430745926024
336467212.551419079304	2793513.342640127055	-1831233.669200909557	-1475434.410805555759	2.06885209746454635	-2.62048785783022042	2.75846075944456492
336467212.567669034004	2793528.879860976711	-1831251.758128320565	-1475383.665024286835	2.06883588637015770	-2.62048241743183041	2.75846721152090524
336467212.583919048309	2793544.416457703803	-1831269.846709486796	-1475332.918728118297	2.06881967506752273	-2.62047697707492455	2.75847366378023118
336467212.600169062614	2793559.952357059810	-1831287.934929428389	-1475282.172071754467	2.06880346367489043	-2.62047153680158518	2.75848011617656796
336467212.616419076920	2793575.487573493738	-1831306.022769051138	-1475231.425074431580	2.06878722486119671	-2.62046605385641529	2.75848665487823741
336467212.632669031620	2793591.022033865098	-1831324.110086769564	-1475180.677912233165	2.06877080460787077	-2.62046028732903435	2.75849376545441594
336467212.648919045925	2793606.555924472399	-1831342.197159894975	-1475129.930258401204	2.06875438425683411	-2.62045452088943565	2.75850087617433548
336467212.665169060230	2793622.089063324034	-1831360.283812330104	-1475079.182213980472	2.06873796380708841	-2.62044875454081749	2.75850798703999933
336467212.681419074535	2793637.621535849292	-1831378.370097062085	-1475028.433846652741	2.06872154325663749	-2.62044298828957301	2.75851509805541539
336467212.697669029236	2793653.153264688794	-1831396.455914728809	-1474977.685302798171	2.06870512272925744	-2.62043722216738662	2.75852220916175739
336467212.713919043541	2793668.684375909157	-1831414.541396901011	-1474926.936254739994	2.06868870197939136	-2.62043145610450745	2.75852932047266775
336467212.730169057846	2793684.214794255327	-1831432.626518146601	-1474876.186840544688	2.06867225543777700	-2.62042613845710193	2.75853682189411531
336467212.746419072151	2793699.744532993995	-1831450.711249800632	-1474825.437110570027	2.06865580590038523	-2.62042087156425207	2.75854436751489418
336467212.762669026852	2793715.273482295685	-1831468.795497416519	-1474774.687183184549	2.06863935626657991	-2.62041560478165314	2.75855191327921156
336467212.778919041157	2793730.801848554518	-1831486.879478545627	-1474723.936771292938	2.06862290654334213	-2.62041033808693458	2.75855945917304402
336467212.795169055462	2793746.329492026474	-1831504.963009110652	-1474673.185956929112	2.06860645672468868	-2.62040507149927571	2.75856700520840992
336467212.811419069767	2793761.856451374944	-1831523.046191957779	-1474622.434825602453	2.06859000681361094	-2.62039980500909131	2.75857455137929986
336467212.827669084072	2793777.382748896256	-1831541.129007392796	-1474571.683365426958	2.06857332495570656	-2.62039413161586010	2.75858180913104212
336467212.843919038773	2793792.908307098784	-1831559.211334788240	-1474520.931740605272	2.06855659521592106	-2.62038837426729865	2.75858900735768486
336467212.860169053078	2793808.433201153763	-1831577.293363946024	-1474470.179568350781	2.06853986525383293	-2.62038261696834907	2.75859620578397768
336467212.876419067383	2793823.957451230846	-1831595.374963472597	-1474419.427068433026	2.06852313518750552	-2.62037685977619805	2.75860340436648288
336467212.892669081688	2793839.480977179483	-1831613.456221116241	-1474368.674226143397	2.06850640502192462	-2.62037110267486817	2.75861060309518580
336467212.908919036388	2793855.003768301569	-1831631.536991025088	-1474317.921213266905	2.06848967475310097	-2.62036534567714741	2.75861780197809736
336467212.925169050694	2793870.525948578026	-1831649.617478726199	-1474267.167671235977	2.06847320013285962	-2.62035946861693914	2.75862510847057907
336467212.941419064999	2793886.047415951733	-1831667.697530279169	-1474216.413795146393	2.06845681018788552	-2.62035355182052543	2.75863245073458430
336467212.957669079304	2793901.568211545702	-1831685.777233819244	-1474165.659565029200	2.06844042013843232	-2.62034763512466684	2.75863979315222485
336467212.973919034004	2793917.088235606439	-1831703.856446208432	-1474114.905164095573	2.06842403010805054	-2.62034171856214693	2.75864713566298159
336467212.990169048309	2793932.607679910492	-1831721.935327691725	-1474064.150278429268	2.06840763985163179	-2.62033580206101302	2.75865447838388578
336467213.006419062614	2793948.126415686682	-1831740.013899956597	-1474013.395031376742	2.06839124949272612	-2.62032988565404690	2.75866182125442005
336467213.022669076920	2793963.644446414895	-1831758.092035467736	-1473962.639419144951	2.06837477599130892	-2.62032405223285147	2.75866909264577620
336467213.038919031620	2793979.161750079133	-1831776.169716491597	-1473911.883648437914	2.06835822524948121	-2.62031829590756216	2.75867629764536382
336467213.055169045925	2793994.678441761062	-1831794.247063516872	-1473861.127386824694	2.06834167440906569	-2.62031253967216404	2.75868350278975560
336467213.071419060230	2794010.194409388117	-1831812.324076975230	-1473810.370732479030	2.06832512346707009	-2.62030678353625124	2.75869070808495920
336467213.087669074535	2794025.709713107441	-1831830.400649058167	-1473759.613757599611	2.06830857242449184	-2.62030102749662852	2.75869791352897087
336467213.103919029236	2794041.224274135195	-1831848.476776174037	-1473708.856636127457	2.06829202140506352	-2.62029527158809916	2.75870511906428062
336467213.120169043541	2794056.738163077272	-1831866.552634885069	-1473658.098958678776	2.06827589771620790	-2.62028953011296695	2.75871201994713200
336467213.136419057846	2794072.251396002248	-1831884.628009414067	-1473607.340936701745	2.06826031251027187	-2.62028380683767992	2.75871853695450264
336467213.152669072151	2794087.763968251646	-1831902.703017709777	-1473556.582605116535	2.06824472721278729	-2.62027808364049264	2.75872505409855684
336467213.168919026852	2794103.276998747606	-1831920.777537744259	-1473505.824760338990	2.06822914182275586	-2.62027236052460255	2.75873157138129788
336467213.185169041157	2794118.788176387083	-1831938.851781235309	-1473455.065715488046	2.06821355634017756	-2.62026663749001365	2.75873808880272442
336467213.201419055462	2794134.298655521590	-1831956.925653854385	-1473404.306341560557	2.06819797076604761	-2.62026091453353116	2.75874460636083541
336467213.217669069767	2794149.808443997987	-1831974.999155005440	-1473353.546607435681	2.06818212925429457	-2.62025515829357492	2.75875127433935630
336467213.233919084072	2794165.317568543833	-1831993.072256957879	-1473302.786545650102	2.06816518989114595	-2.62024925897398830	2.75875858727245227
336467213.250169038773	2794180.825926034246	-1832011.144910235424	-1473252.026299981400	2.06814825054936557	-2.62024335979036582	2.75876590030279045
336467213.266419053078	2794196.333670433611	-1832029.217228259891	-1473201.265544167021	2.06813131097578662	-2.62023746067100660	2.75877321354696692
336467213.282669067383	2794211.840725306422	-1832047.289176032180	-1473150.504447395448	2.06811437129798836	-2.62023156164857074	2.75878052694468145
336467213.298919081688	2794227.347077295650	-1832065.360718737124	-1473099.742984256474	2.06809743151297942	-2.62022566273265012	2.75878784050193859
336467213.315169036388	2794242.852711156476	-1832083.431799205253	-1473048.981401119381	2.06808057634825104	-2.62021983563524063	2.75879517398306806
336467213.331419050694	2794258.357678489294	-1832101.502599848201	-1472998.219242766965	2.06806425727747367	-2.62021446257266311	2.75880263274869231
336467213.347669064999	2794273.861979758367	-1832119.572969559347	-1472947.456757939188	2.06804793811328214	-2.62020908960551058	2.75881009165116797
336467213.363919079304	2794289.365591507405	-1832137.642969004111	-1472896.693932153285	2.06803161885567599	-2.62020371673378749	2.75881755069049373
336467213.380169034004	2794304.868454980198	-1832155.712521902053	-1472845.930946476525	2.06801529962369823	-2.62019834399907392	2.75882500981330514
336467213.396419048309	2794320.370701019652	-1832173.781760481652	-1472795.167438775068	2.06799898017727024	-2.62019297132461082	2.75883246913033231
336467213.412669062614	2794335.872251973022	-1832191.850585043663	-1472744.403583944542	2.06798266063543323	-2.62018759875197693	2.75883992858821081
336467213.428919076920	2794351.373120073695	-1832209.919029171579	-1472693.639388154726	2.06796601105743072	-2.62018184195166404	2.75884715887991483
336467213.445169031620	2794366.873235546984	-1832227.987047697417	-1472642.875020593172	2.06794932392263053	-2.62017604161941753	2.75885436329101497
336467213.461419045925	2794382.372719051316	-1832246.054707523203	-1472592.110136716627	2.06793263668593097	-2.62017024138422139	2.75886156785303704
336467213.477669060230	2794397.871540951543	-1832264.121978915529	-1472541.344913297798	2.06791594934832723	-2.62016444124288261	2.75886877256397955
336467213.493919074535	2794413.369644312654	-1832282.188896947773	-1472490.579328267369	2.06789926190782669	-2.62015864120179787	2.75887597742784418
336467213.510169029236	2794428.867009500973	-1832300.255370274419	-1472439.813590701437	2.06788257449015767	-2.62015284129289228	2.75888318238512742
336467213.526419043541	2794444.363747214898	-1832318.321485198801	-1472389.047330882400	2.06786560987122048	-2.62014720230564224	2.75889049530211850
336467213.542669057846	2794459.859808752313	-1832336.387209507404	-1472338.280730104540	2.06784858654805070	-2.62014159745708097	2.75889783116866871
336467213.558919072151	2794475.355183086824	-1832354.452574326657	-1472287.513776484644	2.06783156312638372	-2.62013599270306585	2.75890516718048628
336467213.575169026852	2794490.849769191351	-1832372.517456203699	-1472236.746644693892	2.06781453960323081	-2.62013038805319409	2.75891250334357130
336467213.591419041157	2794506.343771058600	-1832390.582048989134	-1472185.979026981862	2.06779751597958716	-2.62012478350426958	2.75891983965592402
336467213.607669055462	2794521.837108073756	-1832408.646220369730	-1472135.211051673861	2.06778049225545235	-2.62011917905629677	2.75892717611754357
336467213.623919069767	2794537.329696510453	-1832426.710024801316	-1472084.442714525620	2.06776389606661226	-2.62011352167216849	2.75893434252739000
336467213.640169084072	2794552.821618868969	-1832444.773440467194	-1472033.674043774605	2.06774759688667142	-2.62010782753084026	2.75894139083147794
336467213.656419038773	2794568.312820890918	-1832462.836391380057	-1471982.905214549974	2.06773129772889019	-2.62010213352284316	2.75894843922824107
336467213.672669053078	2794583.803373101633	-1832480.899045787985	-1471932.135867823148	2.06771499835348305	-2.62009643956669791	2.75895548782238409
336467213.688919067383	2794599.293239224702	-1832498.961286763893	-1471881.366162087535	2.06769869887934554	-2.62009074570634715	2.75896253656355483
336467213.705169081688	2794614.782420377713	-1832517.023115541553	-1471830.596116578905	2.06768239930846942	-2.62008505193539643	2.75896958544775250
336467213.721419036388	2794630.270882113837	-1832535.084543926874	-1471779.825935401488	2.06766601477363654	-2.62007936519229201	2.75897653447867031
336467213.737669050694	2794645.758647510782	-1832553.145615725312	-1471729.055175211979	2.06764947766530938	-2.62007369098592902	2.75898330397675728
336467213.753919064999	2794661.245763433632	-1832571.206311360002	-1471678.284099472454	2.06763294046016455	-2.62006801686940527	2.75899007362050996
336467213.770169079304	2794676.732208764181	-1832589.266660100548	-1471627.512688943651	2.06761640315919903	-2.62006234283952422	2.75899684340792817
336467213.786419034004	2794692.217877078336	-1832607.326473806985	-1471576.741101432126	2.06759986588305456	-2.62005666894008149	2.75900361329070209
336467213.802669048309	2794707.704216738231	-1832625.385909291217	-1471525.969695349457	2.06758332838745673	-2.62005099509308970	2.75901038337144833
336467213.818919062614	2794723.188605865929	-1832643.445083288010	-1471475.197249835124	2.06756676240253956	-2.62004529765586014	2.75901730464963668
336467213.835169076920	2794738.672242152039	-1832661.503826860338	-1471424.424444853794	2.06755012545541783	-2.62003954120466531	2.75902460307982933
336467213.851419031620	2794754.155200275127	-1832679.562131535960	-1471373.651505617658	2.06753348840282669	-2.62003378486440708	2.75903190166779977
336467213.867669045925	2794769.637519919313	-1832697.620108898729	-1471322.878032245208	2.06751685125173967	-2.62002802861270245	2.75903920039955164
336467213.883919060230	2794785.119158932008	-1832715.677695278544	-1471272.104223854840	2.06750021399817197	-2.62002227246234565	2.75904649928308165
336467213.900169074535	2794800.600079564843	-1832733.734949517529	-1471221.330036031781	2.06748357664411486	-2.62001651640694488	2.75905379831439124
336467213.916419029236	2794816.080247569364	-1832751.791672398103	-1471170.555708512897	2.06746697035512650	-2.62001080977837519	2.75906106612310653
336467213.932669043541	2794831.559804805554	-1832769.848112937994	-1471119.780851839809	2.06745047982874830	-2.62000528751381490	2.75906821705841754
336467213.948919057846	2794847.038677092176	-1832787.904141242616	-1471069.005655394634	2.06743398945385071	-2.61999976540736679	2.75907536802034459
336467213.965169072151	2794862.516854303889	-1832805.959797653602	-1471018.230104693910	2.06741749873529024	-2.61999424333310404	2.75908251924129955
336467213.981419026852	2794877.994284417480	-1832824.015008652816	-1470967.454413341824	2.06740100816721517	-2.61998872142015538	2.75908967049086584
336467213.997669041157	2794893.471112658270	-1832842.069874443114	-1470916.678205905249	2.06738451737876439	-2.61998319957247894	2.75909682194235550
