264289109.971756398678 0.000091500000
264289109.971756398678	3187387.376305093989	-1078960.903077353956	1485839.928653182229	1.13896225731231127	-2.90340337453961439	-3.12598210803698651
264289109.990056395531	3187361.555448589381	-1078960.043691073311	1485897.051738420036	1.13894481038387552	-2.90340398907335784	-3.12597606128286332
264289110.008356392384	3187335.733676569536	-1078959.183948067715	1485954.174387548817	1.13892736335174760	-2.90340460372999543	-3.12597001448550582
264289110.026656389236	3187309.911583702080	-1078958.323511936003	1486011.296574446140	1.13890991644114692	-2.90340521848286981	-3.12596396771484963
264289110.044956386089	3187284.087987198029	-1078957.462992345449	1486068.418349716580	1.13889246942759570	-2.90340583336524771	-3.12595792090409752
264289110.063256412745	3187258.263439628761	-1078956.602132631931	1486125.539815516444	1.13887566193975909	-2.90340658509126204	-3.12595202122457216
264289110.081556409597	3187232.438025895972	-1078955.740835678298	1486182.660716814222	1.13885895186082653	-2.90340735772123448	-3.12594614396479864
264289110.099856406450	3187206.611706481781	-1078954.879238552880	1486239.781244469574	1.13884224168373427	-2.90340813046106572	-3.12594026666305957
264289110.118156403303	3187180.784449249972	-1078954.017200531671	1486296.901272022631	1.13882553162557842	-2.90340890329525125	-3.12593438939334867
264289110.136456400156	3187154.956296581309	-1078953.154805598315	1486354.020900527947	1.13880882147000451	-2.90340967624590363	-3.12592851208481015
264289110.154756397009	3187129.127217459958	-1078952.292048285017	1486411.140116804745	1.13879174962895169	-2.90341043108640129	-3.12592244602490421
264289110.173056393862	3187103.297232531942	-1078951.428895410150	1486468.258877392625	1.13877326942431534	-2.90341111521127715	-3.12591564511930331
264289110.191356390715	3187077.466359852348	-1078950.565375910839	1486525.377221110044	1.13875478935113073	-2.90341179946192840	-3.12590884425118354
264289110.209656387568	3187051.634563933127	-1078949.701513845241	1486582.495140601648	1.13873630916887292	-2.90341248384940309	-3.12590204333295540
264289110.227956384420	3187025.801843142137	-1078948.837202467024	1486639.612609045114	1.13871782911807040	-2.90341316836265317	-3.12589524245221417
264289110.246256411076	3186999.968194899615	-1078947.972570646554	1486696.729763491545	1.13869934895819691	-2.90341385301272759	-3.12588844152136902
264289110.264556407928	3186974.133635428734	-1078947.107555426424	1486753.846377544571	1.13868189630726846	-2.90341510443681372	-3.12588139842488077
264289110.282856404781	3186948.298186794855	-1078946.242142620031	1486810.962561201071	1.13866448627274597	-2.90341637956492615	-3.12587434522469199
264289110.301156401634	3186922.461837766226	-1078945.376349078026	1486868.078308633063	1.13864707637005580	-2.90341765480824598	-3.12586729207431979
264289110.319456398487	3186896.624565563165	-1078944.510208452586	1486925.193637782708	1.13862966637298246	-2.90341893018882136	-3.12586023888445341
264289110.337756395340	3186870.786404084880	-1078943.643679225352	1486982.308524654480	1.13861225650774278	-2.90342020568460280	-3.12585318574440718
264289110.356056392193	3186844.947312301956	-1078942.776794673409	1487039.423005236313	1.13859458516155065	-2.90342089567603656	-3.12584643582696220
264289110.374356389046	3186819.107326500118	-1078941.909479743103	1487096.537030133884	1.13857655269564839	-2.90342077641335372	-3.12584010504974463
264289110.392656385899	3186793.267033298500	-1078941.041543584084	1487153.650619620224	1.13855852011355285	-2.90342065727088494	-3.12583377420935227
264289110.410956412554	3186767.425168866292	-1078940.173499638215	1487210.763873757096	1.13854048753298231	-2.90342053825164559	-3.12582744334808904
264289110.429256409407	3186741.582429098431	-1078939.305110503919	1487267.876625973033	1.13852245506980587	-2.90342041934213135	-3.12582111250041939
264289110.447556406260	3186715.738795374054	-1078938.436286480166	1487324.988928443985	1.13850443723583972	-2.90342029388369172	-3.12581481015775919
264289110.465856403112	3186689.894278000109	-1078937.567164476495	1487382.100821400760	1.13848685474441957	-2.90341997126543427	-3.12580935094659340
264289110.484156399965	3186664.048793696798	-1078936.697591013042	1487439.212262123590	1.13846927213828852	-2.90341964876148850	-3.12580389168063233
264289110.502456396818	3186638.202409944497	-1078935.827681149589	1487496.323291914770	1.13845168964369003	-2.90341932635080235	-3.12579843241901134
264289110.520756393671	3186612.355120353866	-1078934.957380154636	1487553.433860078221	1.13843410703327130	-2.90341900404451891	-3.12579297309789350
264289110.539056390524	3186586.506932031829	-1078934.086711340118	1487610.544029309181	1.13841652453549713	-2.90341868184140495	-3.12578751378582531
264289110.557356387377	3186560.657818964217	-1078933.215677935630	1487667.653748906683	1.13839885809521979	-2.90341831786236382	-3.12578200993237010
264289110.575656384230	3186534.807813427877	-1078932.344236063305	1487724.763038223609	1.13838109879574789	-2.90341790754950191	-3.12577645675658866
264289110.593956410885	3186508.956860680133	-1078931.472451355075	1487781.872006185818	1.13836333937802392	-2.90341749733981169	-3.12577090351715237
264289110.612256407738	3186483.105000714771	-1078930.600267089903	1487838.980439695064	1.13834557995798713	-2.90341708723820524	-3.12576535025130120
264289110.630556404591	3186457.252267414238	-1078929.727723581484	1487896.088444221532	1.13832782065009708	-2.90341667723637942	-3.12575979698999840
264289110.648856401443	3186431.398598913569	-1078928.854796409607	1487953.196011226857	1.13831009209956724	-2.90341625380097890	-3.12575428573356051
264289110.667156398296	3186405.544002408162	-1078927.981489298865	1488010.303134655114	1.13829265551636771	-2.90341570243322744	-3.12574917211782788
264289110.685456395149	3186379.688549314626	-1078927.107811951777	1488067.409866278991	1.13827521881685989	-2.90341515117163418	-3.12574405844532022
264289110.703756392002	3186353.832155515440	-1078926.233745058998	1488124.516129029216	1.13825778222501572	-2.90341459999482776	-3.12573894476909686
264289110.722056388855	3186327.974870131351	-1078925.359318543924	1488181.621980851050	1.13824034551649467	-2.90341404892087818	-3.12573383103453395
264289110.740356385708	3186302.116638379637	-1078924.484520700295	1488238.727395264432	1.13822290891637801	-2.90341349793832171	-3.12572871729939639
264289110.758656412363	3186276.258081749082	-1078923.609042758122	1488295.832469558343	1.13820533462494744	-2.90341349672041460	-3.12572305758889613
264289110.776956409216	3186250.398052656557	-1078922.733489603736	1488352.937017354649	1.13818765292432911	-2.90341392522842634	-3.12571697121148873
264289110.795256406069	3186224.537088434212	-1078921.857548257802	1488410.041133569088	1.13816997111646590	-2.90341435386031588	-3.12571088478682269
264289110.813556402922	3186198.675247076899	-1078920.981250236277	1488467.144832684658	1.13815228942963342	-2.90341478259185415	-3.12570479838533588
264289110.831856399775	3186172.812489502598	-1078920.104537470499	1488524.248088223161	1.13813460763629948	-2.90341521145387826	-3.12569871193973370
264289110.850156396627	3186146.948797562625	-1078919.227494358551	1488581.350919647841	1.13811695985211259	-2.90341574287276671	-3.12569252908888151
264289110.868456393480	3186121.084196714684	-1078918.350031236885	1488638.453313323902	1.13809946974641552	-2.90341675146779687	-3.12568589724696322
264289110.886756390333	3186095.218722488731	-1078917.472213323461	1488695.555272078840	1.13808197976854197	-2.90341776016996356	-3.12567926544507912
264289110.905056387186	3186069.352313200478	-1078916.594002700178	1488752.656805192120	1.13806448969234886	-2.90341876900775242	-3.12567263360412184
264289110.923356384039	3186043.484999637585	-1078915.715422814013	1488809.757902080892	1.13804699974398282	-2.90341977795267736	-3.12566600180320409
264289110.941656410694	3186017.616693540011	-1078914.836482598213	1488866.858682487858	1.13802950969729899	-2.90342078703322493	-3.12565936996321891
264289110.959956407547	3185991.747552572750	-1078913.957186232554	1488923.958924870938	1.13801173754222029	-2.90342162578535445	-3.12565272893342749
264289110.978256404400	3185965.877530345228	-1078913.077468970092	1488981.058736858191	1.13799380774631897	-2.90342236934278208	-3.12564608280636103
264289110.996556401253	3185940.006565033924	-1078912.197395655327	1489038.158105384558	1.13797587784539322	-2.90342311303082035	-3.12563943663160071
264289111.014856398106	3185914.134692358319	-1078911.316924251383	1489095.257061565528	1.13795794807280259	-2.90342385683765114	-3.12563279049472431
264289111.033156394958	3185888.261887722649	-1078910.436088922666	1489152.355568227358	1.13794001819519197	-2.90342460077509656	-3.12562614431015984
264289111.051456391811	3185862.388202647213	-1078909.554886044702	1489209.453657903476	1.13792229791510380	-2.90342536256323358	-3.12561941229346818
264289111.069756388664	3185836.513604582753	-1078908.673288196558	1489266.551292006858	1.13790529049745137	-2.90342618485324122	-3.12561238796550311
264289111.088056385517	3185810.638100028969	-1078907.791341114789	1489323.648533120053	1.13788828320316382	-2.90342700725466685	-3.12560536367684305
264289111.106356412172	3185784.761623603757	-1078906.909000486135	1489380.745414288249	1.13787127581201553	-2.90342782979026426	-3.12559833934170017
264289111.124656409025	3185758.884897860698	-1078906.025988211157	1489437.841745062731	1.13785426854460647	-2.90342865244058146	-3.12559131504743748
264289111.142956405878	3185733.006660855375	-1078905.142901917687	1489494.937682033749	1.13783726118071016	-2.90342947522837402	-3.12558429070826760
264289111.161256402731	3185707.127519592643	-1078904.259446318261	1489552.033182782354	1.13781952919653095	-2.90343007378714812	-3.12557738736352730
264289111.179556399584	3185681.247443285771	-1078903.375597955193	1489609.128257889301	1.13780121421271341	-2.90343049205471138	-3.12557058124911835
264289111.197856396437	3185655.366449957713	-1078902.491375180427	1489666.222865542863	1.13778289935499899	-2.90343091043880586	-3.12556377516215544
264289111.216156393290	3185629.484573919792	-1078901.606809376739	1489723.317093499005	1.13776458438724015	-2.90343132896682743	-3.12555696902440872
264289111.234456390142	3185603.601780165453	-1078900.721806799993	1489780.410852471367	1.13774626954632962	-2.90343174761798517	-3.12555016291725618
264289111.252756386995	3185577.718048206065	-1078899.836480887374	1489837.504193270113	1.13772823153350444	-2.90343173859651360	-3.12554391844462343
264289111.271056383848	3185551.833423828240	-1078898.950746386778	1489894.597103790380	1.13771081918099704	-2.90343076336999362	-3.12553894272184829
264289111.289356410503	3185525.947832389269	-1078898.064655577997	1489951.689673718298	1.13769340670658670	-2.90342978823122078	-3.12553396692884133
264289111.307656407356	3185500.061406820081	-1078897.178177150898	1490008.781717621721	1.13767599422395271	-2.90342881318878510	-3.12552899109908111
264289111.325956404209	3185474.174065946136	-1078896.291332745226	1490065.873337295605	1.13765858184529334	-2.90342783823806849	-3.12552401525976364
264289111.344256401062	3185448.285801099613	-1078895.404092183569	1490122.964519335423	1.13764116934547443	-2.90342686338170752	-3.12551903935336162
264289111.362556397915	3185422.396628141403	-1078894.516489368631	1490180.055271093501	1.13762342684008955	-2.90342655860130039	-3.12551335150214804
264289111.380856394768	3185396.506558791734	-1078893.628494027769	1490237.145586628933	1.13760558826704772	-2.90342644868883593	-3.12550745665762886
264289111.399156391621	3185370.615570156835	-1078892.740148784127	1490294.235471997410	1.13758774980981769	-2.90342633887725832	-3.12550156182418704
264289111.417456388474	3185344.723653688096	-1078891.851414459758	1490351.324925670167	1.13756991123771778	-2.90342622918047688	-3.12549566693232528
264289111.435756385326	3185318.830820932519	-1078890.962274270132	1490408.413923882181	1.13755207278254389	-2.90342611959448815	-3.12548977205626022
264289111.454056411982	3185292.937087961938	-1078890.072825946612	1490465.502627218375	1.13753458272915475	-2.90342564489669019	-3.12548422427394712
264289111.472356408834	3185267.042427178472	-1078889.182906724047	1490522.590769396164	1.13751765621671863	-2.90342457986590130	-3.12547923772597569
264289111.490656405687	3185241.147498663515	-1078888.292410737136	1490579.678490874358	1.13750072958492154	-2.90342351491984152	-3.12547425110710764
264289111.508956402540	3185215.251050183550	-1078887.401814963203	1490636.765799197834	1.13748380305330832	-2.90342245006365030	-3.12546926447815343
264289111.527256399393	3185189.353685483802	-1078886.510808806401	1490693.852657998912	1.13746687640382005	-2.90342138530539895	-3.12546427778459401
264289111.545556396246	3185163.455412741285	-1078885.619435866829	1490750.939092461253	1.13744994985414571	-2.90342032063371613	-3.12545929107937992
264289111.563856393099	3185137.556231960189	-1078884.727696137968	1490808.025102583691	1.13743250635877180	-2.90341982260063647	-3.12545327975042841
264289111.582156389952	3185111.656115061603	-1078883.835532693891	1490865.110643949825	1.13741495877647569	-2.90341943890540444	-3.12544706187054633
264289111.600456386805	3185085.755123431329	-1078882.943087728228	1490922.195807032054	1.13739741107821057	-2.90341905532352884	-3.12544084392368049
264289111.618756413460	3185059.853170382790	-1078882.050178912003	1490979.280602591578	1.13737986337853547	-2.90341867185974412	-3.12543462595140120
264289111.637056410313	3185033.950345835183	-1078881.156926570460	1491036.364878406283	1.13736231579052971	-2.90341828850557970	-3.12542840798899269
264289111.655356407166	3185008.046593300533	-1078880.263298589503	1491093.448704701615	1.13734499311015513	-2.90341752529214414	-3.12542220216394950
264289111.673656404018	3184982.141960427165	-1078879.369298446225	1491150.532119951677	1.13732794655686886	-2.90341629609656904	-3.12541601130762148
264289111.691956400871	3184956.236392430495	-1078878.474914434832	1491207.615097681759	1.13731089988243950	-2.90341506701170049	-3.12540982037232773
264289111.710256397724	3184930.329920270015	-1078877.580156516517	1491264.697645131266	1.13729385330723387	-2.90341383803821707	-3.12540362943142291
264289111.728556394577	3184904.422555071302	-1078876.685016824864	1491321.779756242875	1.13727680661088870	-2.90341260917544464	-3.12539743841155726
264289111.746856391430	3184878.514250830282	-1078875.789504836313	1491378.861429830082	1.13725976001340001	-2.90341138042075819	-3.12539124738451335
264289111.765156388283	3184852.605047885329	-1078874.893629302504	1491435.942698544357	1.13724155967203266	-2.90341152240470590	-3.12538457540964698
264289111.783456385136	3184826.694915547501	-1078873.997347152559	1491493.023504215991	1.13722325048445372	-2.90341179396700255	-3.12537785803351342
264289111.801756411791	3184800.783887427766	-1078873.100731798448	1491550.104003241286	1.13720494118497628	-2.90341206567067056	-3.12537114060414956
264289111.820056408644	3184774.871946666390	-1078872.203710786533	1491607.183936468558	1.13718663189126579	-2.90341233749967031	-3.12536442315851781
264289111.838356405497	3184748.959118440747	-1078871.306309358682	1491664.263470647158	1.13716832272284618	-2.90341260945446766	-3.12535770574144500
264289111.856656402349	3184723.045954386238	-1078870.408242958598	1491721.342536769109	1.13715024595815439	-2.90341311230796428	-3.12535079605424615
264289111.874956399202	3184697.131328925490	-1078869.510090288706	1491778.421198386699	1.13713238121354099	-2.90341382558558125	-3.12534371124171262
264289111.893256396055	3184671.215745463036	-1078868.611596328439	1491835.499428538606	1.13711451636446137	-2.90341453899743041	-3.12533662637668774
264289111.911556392908	3184645.299249786884	-1078867.712675838266	1491892.577215112746	1.13709665164416895	-2.90341525253869071	-3.12532954155361020
264289111.929856389761	3184619.381865880918	-1078866.813410809729	1491949.654584704433	1.13707878682015551	-2.90341596622078812	-3.12532245668119346
264289111.948156386614	3184593.463596261106	-1078865.913758697687	1492006.731523782713	1.13706092212344911	-2.90341668001909214	-3.12531537184443664
264289111.966456413269	3184567.544325287454	-1078865.013733852655	1492063.808109202655	1.13704323431505960	-2.90341737719460857	-3.12530873154387923
264289111.984756410122	3184541.624212982599	-1078864.113322032848	1492120.884168710094	1.13702554886984908	-2.90341807427547316	-3.12530209689935212
264289112.003056406975	3184515.703168964479	-1078863.212532598292	1492177.959796520649	1.13700786332066839	-2.90341877148475858	-3.12529546220639931
264289112.021356403828	3184489.781228655484	-1078862.311346028931	1492235.034994053422	1.13699017789768897	-2.90341946881124935	-3.12528882755044490
264289112.039656400681	3184463.858365125954	-1078861.409825505689	1492292.109755475074	1.13697249237074249	-2.90342016626616317	-3.12528219284607056
264289112.057956397533	3184437.934621342458	-1078860.507928256644	1492349.184111795621	1.13695571110306215	-2.90342062557070513	-3.12527633107035552
264289112.076256394386	3184412.009942351375	-1078859.605656050611	1492406.258018708089	1.13693959441651149	-2.90342090982106749	-3.12527103744962664
264289112.094556391239	3184386.084381520748	-1078858.702989649260	1492463.331489172531	1.13692347783870673	-2.90342119415292421	-3.12526574384679856
264289112.112856388092	3184360.157861776184	-1078857.799937549978	1492520.404502875870	1.13690736116102942	-2.90342147858201383	-3.12526045019864362
264289112.131156384945	3184334.230465648696	-1078856.896501622628	1492577.477105537662	1.13689124459284274	-2.90342176309919964	-3.12525515657154029
264289112.149456411600	3184308.302118556108	-1078855.992729623802	1492634.549392783782	1.13687512792404366	-2.90342204770701962	-3.12524986289596685
264289112.167756408453	3184282.372883156873	-1078855.088540232740	1492691.621121698292	1.13685723409322259	-2.90342241331745798	-3.12524391197617923
264289112.186056405306	3184256.442755678669	-1078854.184013340157	1492748.692439569393	1.13683918040240073	-2.90342278630758432	-3.12523790191109185
264289112.204356402159	3184230.511708102655	-1078853.279087529751	1492805.763307921588	1.13682112660147361	-2.90342315942562257	-3.12523189179941108
264289112.222656399012	3184204.580383498687	-1078852.373492315179	1492862.833740634378	1.13680307292355742	-2.90342353264808040	-3.12522588171055515
264289112.240956395864	3184178.647527789697	-1078851.467809496215	1492919.903760307934	1.13678501913516605	-2.90342390599515010	-3.12521987157353598
264289112.259256392717	3184152.713721844833	-1078850.561771128327	1492976.973336629802	1.13676762678091192	-2.90342482523795464	-3.12521393753867072
264289112.277556389570	3184126.779061708134	-1078849.655337681528	1493034.042483856436	1.13675056753904036	-2.90342601961443236	-3.12520804180726941
264289112.295856386423	3184100.843458759598	-1078848.748534419341	1493091.111205440946	1.13673350842180110	-2.90342721407514714	-3.12520214611117142
264289112.314156413078	3184074.906920383684	-1078847.841362209059	1493148.179593790323	1.13671644920978121	-2.90342840866089347	-3.12519625038560278
264289112.332456409931	3184048.969539229292	-1078846.933776506921	1493205.247436763486	1.13669939012350829	-2.90342960334077604	-3.12519035470006346
264289112.350756406784	3184023.031197714619	-1078846.025882954709	1493262.314873673487	1.13668225495543762	-2.90343066830000884	-3.12518440309084689
264289112.369056403637	3183997.091973394156	-1078845.117555293953	1493319.381842899835	1.13666446429275592	-2.90343061315199114	-3.12517796930118053
264289112.387356400490	3183971.151822781656	-1078844.208864816464	1493376.448399896733	1.13664667351712145	-2.90343055813139017	-3.12517153545245918
264289112.405656397343	3183945.210771927144	-1078843.299793207319	1493433.514520670520	1.13662888285896502	-2.90343050322689322	-3.12516510162276839
264289112.423956394196	3183919.268809172325	-1078842.390366220148	1493490.580217102543	1.13661109208711597	-2.90343044844321563	-3.12515866773087847
264289112.442256391048	3183893.325933528598	-1078841.480543997372	1493547.645457964391	1.13659330143237458	-2.90343039377233936	-3.12515223385644880
264289112.460556387901	3183867.382150510326	-1078840.570332411677	1493604.710274596931	1.13657579604008152	-2.90343085775787779	-3.12514519720665485
264289112.478856384754	3183841.437448401004	-1078839.659761714982	1493661.774672945496	1.13655839325262464	-2.90343150806695860	-3.12513794414534507
264289112.497156411409	3183815.491834044456	-1078838.748850667151	1493718.838751237839	1.13654099036406420	-2.90343215851586756	-3.12513069103266172
264289112.515456408262	3183789.545317349955	-1078837.837477110093	1493775.902238323353	1.13652358748764426	-2.90343280909930179	-3.12512343791534652
264289112.533756405115	3183763.597891699523	-1078836.925801070174	1493832.965340000112	1.13650618473549780	-2.90343345980205791	-3.12511618483541698
264289112.552056401968	3183737.649553342722	-1078836.013716283720	1493890.028003928019	1.13648860115484096	-2.90343395514533187	-3.12510899526079378
264289112.570356398821	3183711.700321952812	-1078835.101254053880	1493947.090225574793	1.13647020484080086	-2.90343375121173741	-3.12510209156159435
264289112.588656395674	3183685.750818244647	-1078834.188168630237	1494004.152019054396	1.13645180840804949	-2.90343354741375048	-3.12509518779500173
264289112.606956392527	3183659.799727919046	-1078833.274925953243	1494061.213365543634	1.13643341209527904	-2.90343334374529771	-3.12508828404679573
264289112.625256389380	3183633.847792904824	-1078832.361371658975	1494118.274309756001	1.13641501566417347	-2.90343314021575738	-3.12508138023277793
264289112.643556386232	3183607.894868170843	-1078831.447412604466	1494175.334801853402	1.13639661935230762	-2.90343293680914982	-3.12507447643400083
264289112.661856412888	3183581.941072408576	-1078830.533066425240	1494232.394955727970	1.13637922674889635	-2.90343271564543315	-3.12506820214656189
264289112.680156409740	3183555.986343418248	-1078829.618347597308	1494289.454587260261	1.13636207698721181	-2.90343249026010719	-3.12506208010675612
264289112.698456406593	3183530.030732520390	-1078828.703243444674	1494346.513770457590	1.13634492711470703	-2.90343226499158158	-3.12505595800740199
264289112.716756403446	3183504.074246153235	-1078827.787804207765	1494403.572561964858	1.13632777735308999	-2.90343203982746267	-3.12504983592094243
264289112.735056400299	3183478.116796121933	-1078826.871941878460	1494460.630877359770	1.13631062748065492	-2.90343181478014678	-3.12504371377493850
264289112.753356397152	3183452.158457919490	-1078825.955734849675	1494517.688775770832	1.13629325844053053	-2.90343171591311799	-3.12503749481140236
264289112.771656394005	3183426.199212366715	-1078825.039138398133	1494574.746249953518	1.13627527942197526	-2.90343196783716184	-3.12503100648963716
264289112.789956390858	3183400.239035041071	-1078824.122173167067	1494631.803280558903	1.13625730052457019	-2.90343221986764100	-3.12502451818846838
264289112.808256387711	3183374.277968621813	-1078823.204818870872	1494688.859868886415	1.13623932151692397	-2.90343247203306998	-3.12501802983541710
264289112.826556384563	3183348.316018019803	-1078822.287103776820	1494745.916046168422	1.13622134263117580	-2.90343272431153565	-3.12501154150611926
264289112.844856411219	3183322.353084672708	-1078821.368993655080	1494802.971881446894	1.13620336363444530	-2.90343297671835288	-3.12500505312179166
264289112.863156408072	3183296.389274999034	-1078820.450511503732	1494860.027165749110	1.13618567438182794	-2.90343344981155305	-3.12499879732105335
264289112.881456404924	3183270.424581207801	-1078819.531664049486	1494917.082044947892	1.13616802769845249	-2.90343395532229964	-3.12499257562305521
264289112.899756401777	3183244.458948460408	-1078818.612444066675	1494974.136486621806	1.13615038090878651	-2.90343446095623570	-3.12498635387696888
264289112.918056398630	3183218.492461564951	-1078817.692828891333	1495031.190499201650	1.13613273424212613	-2.90343496670134371	-3.12498013216126225
264289112.936356395483	3183192.524989654310	-1078816.772855149116	1495088.244067131542	1.13611508746880663	-2.90343547256634338	-3.12497391039589578
264289112.954656392336	3183166.557266830467	-1078815.852193590952	1495145.297175432090	1.13609757648001697	-2.90343595111236930	-3.12496773352118540
264289112.972956389189	3183140.588013002183	-1078814.931439752923	1495202.349876629654	1.13608033023289989	-2.90343637623711048	-3.12496164418140321
264289112.991256386042	3183114.617843930144	-1078814.010324113071	1495259.402147660265	1.13606308410438617	-2.90343680146210836	-3.12495555486665966
264289113.009556412697	3183088.646742864512	-1078813.088845700258	1495316.454091281397	1.13604583787114422	-2.90343722680493199	-3.12494946550337049
264289113.027856409550	3183062.674749689177	-1078812.166956824716	1495373.505482510664	1.13602859175725257	-2.90343765225461059	-3.12494337616827833
264289113.046156406403	3183036.701860516332	-1078811.244746346958	1495430.556456753751	1.13601134553789151	-2.90343807781551844	-3.12493728678149196
264289113.064456403255	3183010.728059327696	-1078810.322100143414	1495487.606999304844	1.13599505692465019	-2.90343833946918428	-3.12493185649799443
264289113.082756400108	3182984.753337396774	-1078809.399086229969	1495544.657080338337	1.13597884473521171	-2.90343858811038080	-3.12492647884133445
264289113.101056396961	3182958.777705736458	-1078808.475716382498	1495601.706762552261	1.13596263255088870	-2.90343883685106485	-3.12492110117421173
264289113.119356393814	3182932.801184465643	-1078807.551975295879	1495658.756008313969	1.13594642047493855	-2.90343908566875530	-3.12491572352168712
264289113.137656390667	3182906.823751884978	-1078806.627860802226	1495715.804823910352	1.13593020829898794	-2.90343933459191739	-3.12491034582575766
264289113.155956387520	3182880.845386688598	-1078805.703328606905	1495772.853176576085	1.13591347512122365	-2.90343958137810665	-3.12490460898305500
264289113.174256384373	3182854.866126158740	-1078804.778447904857	1495829.901118312497	1.13589531859546566	-2.90343982222367192	-3.12489789115087024
264289113.192556411028	3182828.885913752951	-1078803.853191061644	1495886.948713402031	1.13587716219255164	-2.90344006318429182	-3.12489117334203836
264289113.210856407881	3182802.904856179375	-1078802.927558602067	1495943.995782578597	1.13585900567840747	-2.90344030428502986	-3.12488445547952187
264289113.229156404734	3182776.922852536663	-1078802.001545333536	1496001.042426229222	1.13584084928748164	-2.90344054550412123	-3.12487773764194099
264289113.247456401587	3182750.939944788348	-1078801.075162352528	1496058.088633655105	1.13582270334070490	-2.90344076819011088	-3.12487102355136237
264289113.265756398439	3182724.956148035359	-1078800.148385726614	1496115.134404746583	1.13580505302239576	-2.90344011458654183	-3.12486448796491612
264289113.284056395292	3182698.971424341202	-1078799.221277484205	1496172.179751612712	1.13578740258417499	-2.90343946109738571	-3.12485795230242003
264289113.302356392145	3182672.985784614459	-1078798.293754038168	1496229.224654899212	1.13576975225613142	-2.90343880773232854	-3.12485141664958510
264289113.320656388998	3182646.999867846724	-1078797.365570015972	1496286.269110664260	1.13575210180929620	-2.90343815449158704	-3.12484488092543833
264289113.338956385851	3182621.012435948011	-1078796.437327531632	1496343.313166684704	1.13573445147152352	-2.90343750136504619	-3.12483834520622450
264289113.357256412506	3182595.024060093332	-1078795.508681219304	1496400.356881999411	1.13571650565329296	-2.90343726292702797	-3.12483161938763399
264289113.375556409359	3182569.034768329468	-1078794.579622631660	1496457.400025686016	1.13569823976469308	-2.90343747386703166	-3.12482468762185084
264289113.393856406212	3182543.044604475610	-1078793.650239624083	1496514.442777563119	1.13567997399920273	-2.90343768492353549	-3.12481775587859278
264289113.412156403065	3182517.053524477873	-1078792.720450388500	1496571.485073981574	1.13566170812206613	-2.90343789612780778	-3.12481082408119448
264289113.430456399918	3182491.061521591619	-1078791.790308933705	1496628.526958056726	1.13564344236804082	-2.90343810744857800	-3.12480389230632527
264289113.448756396770	3182465.068629543763	-1078790.859787282301	1496685.568387968466	1.13562523353100131	-2.90343830928267854	-3.12479695006360947
264289113.467056393623	3182439.074813738465	-1078789.928864564979	1496742.609386187512	1.13560764913144219	-2.90343840580319767	-3.12478989386085360
264289113.485356390476	3182413.080102560110	-1078788.997597779613	1496799.649967536330	1.13559006462288448	-2.90343850246129120	-3.12478283759844144
264289113.503656387329	3182387.084463649429	-1078788.065945989918	1496856.690111247357	1.13557248023232704	-2.90343859923707859	-3.12477578135939726
264289113.521956384182	3182361.087935754564	-1078787.133900503162	1496913.729818619555	1.13555489573314849	-2.90343869615374350	-3.12476872506228220
264289113.540256410837	3182335.090455950238	-1078786.201483302051	1496970.769173404900	1.13553731135197067	-2.90343879318810094	-3.12476166878853956
264289113.558556407690	3182309.092092908919	-1078785.268672236707	1497027.808007033309	1.13551959355081911	-2.90343880547379829	-3.12475494844328994
264289113.576856404543	3182283.092817994300	-1078784.335510054836	1497084.846410380211	1.13550175646559204	-2.90343874183334272	-3.12474852903935130
264289113.595156401396	3182257.092623083852	-1078783.401948691811	1497141.884364207741	1.13548391926735492	-2.90343867832363411	-3.12474210957781873
264289113.613456398249	3182231.091563828755	-1078782.468048706418	1497198.921914346516	1.13546608218639511	-2.90343861492687827	-3.12473569013341734
264289113.631756395102	3182205.089569593314	-1078781.533764470601	1497255.959026962286	1.13544824499205532	-2.90343855165757381	-3.12472927062984862
264289113.650056391954	3182179.086658697575	-1078780.599091839045	1497312.995689943200	1.13543050076416563	-2.90343860920146701	-3.12472288682385146
264289113.668356388807	3182153.083467462100	-1078779.663747785846	1497370.031905520707	1.13541326322225178	-2.90343932570190466	-3.12471669773136584
264289113.686656385660	3182127.078726346605	-1078778.728337800363	1497427.067725993693	1.13539602580153831	-2.90344004229571961	-3.12471050866706301
264289113.704956412315	3182101.073063426185	-1078777.792517194524	1497484.103181765415	1.13537878828029992	-2.90344075901746823	-3.12470431956238448
264289113.723256409168	3182075.066536407452	-1078776.856351886177	1497541.138117679395	1.13536155076921519	-2.90344147584822521	-3.12469813045082301
264289113.741556406021	3182049.059067221358	-1078775.919798591640	1497598.172622126760	1.13534431338045128	-2.90344219278225424	-3.12469194137218764
264289113.759856402874	3182023.050705145579	-1078774.982863131911	1497655.206690237392	1.13532680039448675	-2.90344263809005954	-3.12468575388428116
264289113.778156399727	3181997.041419219691	-1078774.045535534853	1497712.240314770490	1.13530911811376756	-2.90344291639069585	-3.12467956742454911
264289113.796456396580	3181971.031249064952	-1078773.107855950017	1497769.273516376503	1.13529143572428648	-2.90344319481598756	-3.12467338091403546
264289113.814756393433	3181945.020155006554	-1078772.169788716128	1497826.306268463144	1.13527375345468506	-2.90344347334698627	-3.12466719442600516
264289113.833056390285	3181919.008172973059	-1078771.231367575238	1497883.338615447748	1.13525607107595139	-2.90344375199934523	-3.12466100788561851
264289113.851356387138	3181892.995263766963	-1078770.292543485761	1497940.370518968441	1.13523849248561737	-2.90344408980670421	-3.12465489987746814
264289113.869656383991	3181866.981433991808	-1078769.353342530783	1497997.401972853346	1.13522126984293559	-2.90344463051385260	-3.12464906145613108
264289113.887956410646	3181840.966688795947	-1078768.413785660872	1498054.433112741215	1.13520404731990521	-2.90344517131950175	-3.12464322306191100
264289113.906256407499	3181814.951050956734	-1078767.473840543069	1498111.463700125460	1.13518682469313203	-2.90344571223942260	-3.12463738462292451
264289113.924556404352	3181788.934486010578	-1078766.533487964189	1498168.493849985301	1.13516960218638685	-2.90344625326114425	-3.12463154621263950
264289113.942856401205	3181762.917029057164	-1078765.592802020255	1498225.523582858033	1.13515237957552939	-2.90344679439384290	-3.12462570775601289
264289113.961156398058	3181736.898687073961	-1078764.651710727019	1498282.552879395662	1.13513471864307469	-2.90344729736212637	-3.12461925368022131
264289113.979456394911	3181710.879437923431	-1078763.710314487806	1498339.581753120990	1.13511686707872483	-2.90344778382544400	-3.12461253202113376
264289113.997756391764	3181684.859245930333	-1078762.768467888702	1498396.610193851870	1.13509901563969295	-2.90344827041333486	-3.12460581039694985
264289114.016056388617	3181658.838164221961	-1078761.826263356023	1498453.638180305483	1.13508116409327364	-2.90344875713097128	-3.12459908871954006
264289114.034356385469	3181632.816747543402	-1078760.883366629481	1498510.665704758139	1.13506331267142979	-2.90344924396658399	-3.12459236707387955
264289114.052656412125	3181606.793833791744	-1078759.940417678561	1498567.692927581258	1.13504569203514727	-2.90344978537183929	-3.12458569852378520
264289114.070956408978	3181580.770036842208	-1078758.997074767714	1498624.719629244646	1.13502866841474503	-2.90345046765689263	-3.12457916738915742
264289114.089256405830	3181554.745285861194	-1078758.053387518506	1498681.745887559839	1.13501164491444761	-2.90345115003976684	-3.12457263628454207
264289114.107556402683	3181528.719652320724	-1078757.109256850556	1498738.771690074122	1.13499462131569118	-2.90345183255786488	-3.12456610513851496
264289114.125856399536	3181502.693124384619	-1078756.164826326305	1498795.797101008939	1.13497759783704311	-2.90345251517378466	-3.12455957402250561
264289114.144156396389	3181476.665667776484	-1078755.219970826292	1498852.822043070337	1.13496057425956787	-2.90345319792163359	-3.12455304286350977
264289114.162456393242	3181450.637296123430	-1078754.274744307622	1498909.846566848923	1.13494273497544906	-2.90345370946523262	-3.12454624504573086
264289114.180756390095	3181424.608051388524	-1078753.329157867469	1498966.870661645429	1.13492438782847804	-2.90345411453052549	-3.12453928119243374
264289114.199056386948	3181398.577847898938	-1078752.383185306331	1499023.894299679436	1.13490604080790369	-2.90345451971553148	-3.12453231736737047
264289114.217356383801	3181372.546764306258	-1078751.436835617060	1499080.917532614898	1.13488769367717168	-2.90345492504744263	-3.12452535349031812
264289114.235656410456	3181346.514728857670	-1078750.490114070009	1499137.940412959317	1.13486934667283901	-2.90345533049906601	-3.12451838964150541
264289114.253956407309	3181320.481812508777	-1078749.542973979609	1499194.962734857574	1.13485119173683646	-2.90345559043426160	-3.12451170099598219
264289114.272256404161	3181294.448013009969	-1078748.595517151756	1499251.984671003418	1.13483336081140074	-2.90345560497457766	-3.12450547627204367
264289114.290556401014	3181268.413251430262	-1078747.647663395619	1499309.006150503876	1.13481552977365707	-2.90345561964276921	-3.12449925149330054
264289114.308856397867	3181242.377662836108	-1078746.699435739312	1499366.027208151529	1.13479769885418191	-2.90345563442332688	-3.12449302673350982
264289114.327156394720	3181216.341111688409	-1078745.750824517338	1499423.047820919193	1.13477986782128326	-2.90345564932187195	-3.12448680191417649
264289114.345456391573	3181190.303614379372	-1078744.801845751703	1499480.067990335636	1.13476203690628408	-2.90345566432948576	-3.12448057711222038
264289114.363756388426	3181164.265294044744	-1078743.852477008710	1499537.087743840180	1.13474416891129914	-2.90345576921867332	-3.12447444929357365
264289114.382056385279	3181138.226003902499	-1078742.902725471184	1499594.107052580221	1.13472629318794205	-2.90345589326253517	-3.12446834208966351
264289114.400356411934	3181112.186419896781	-1078741.952325709630	1499651.125998735661	1.13470841735230632	-2.90345601742666259	-3.12446223483064323
264289114.418656408787	3181086.145337740891	-1078741.001854711445	1499708.144460209180	1.13469054152034543	-2.90345614170588595	-3.12445612755420710
264289114.436956405640	3181060.103326933924	-1078740.050958683947	1499765.162452811608	1.13467266580801329	-2.90345626609503471	-3.12445002029805030
264289114.455256402493	3181034.060444587842	-1078739.099724654574	1499822.180041839369	1.13465500432734157	-2.90345618421180962	-3.12444373379084306
264289114.473556399345	3181008.016621878371	-1078738.148095811019	1499879.197167936945	1.13463761857551182	-2.90345583703228360	-3.12443721686941212
264289114.491856396198	3180981.971911779605	-1078737.196095060790	1499936.213883103570	1.13462023271098111	-2.90345548998354008	-3.12443069988643263
264289114.510156393051	3180955.926250197459	-1078736.243707347661	1499993.230141396634	1.13460284695703262	-2.90345514304159336	-3.12442418291313695
264289114.528456389904	3180929.879719482269	-1078735.290948078502	1500050.245970709715	1.13458546109001102	-2.90345479622713354	-3.12441766587671532
264289114.546756386757	3180903.832273638807	-1078734.337826700415	1500107.261369852349	1.13456807533432258	-2.90345444952606790	-3.12441114885314697
264289114.565056413412	3180877.783880059142	-1078733.384308341192	1500164.276434230851	1.13455039309391470	-2.90345421750472399	-3.12440479640100488
264289114.583356410265	3180851.734622501768	-1078732.430440618424	1500221.290984694380	1.13453267122350887	-2.90345400091600148	-3.12439846593779258
264289114.601656407118	3180825.684444907587	-1078731.476182513637	1500278.305073755328	1.13451494946819276	-2.90345378444224389	-3.12439213548981165
264289114.619956403971	3180799.633359496947	-1078730.521557013504	1500335.318738475908	1.13449722759806848	-2.90345356808935495	-3.12438580497877227
264289114.638256400824	3180773.581338314340	-1078729.566498235799	1500392.331946322462	1.13447950584341006	-2.90345335185472875	-3.12437947448455100
264289114.656556397676	3180747.528448935132	-1078728.611112207174	1500449.344750479097	1.13446184301726838	-2.90345306672006531	-3.12437330691475301
264289114.674856394529	3180721.474631791934	-1078727.655349936336	1500506.357105117291	1.13444423763345537	-2.90345271467181565	-3.12436729761110632
264289114.693156391382	3180695.419903510250	-1078726.699209461687	1500563.369035526644	1.13442663213456951	-2.90345236274391505	-3.12436128824709813
264289114.711456388235	3180669.364282289054	-1078725.742695634253	1500620.380517718149	1.13440902674787436	-2.90345201092233385	-3.12435527889208897
264289114.729756385088	3180643.307773154695	-1078724.785827724729	1500677.391594809014	1.13439142124536163	-2.90345165921450965	-3.12434926947355818
264289114.748056411743	3180617.250238300301	-1078723.828526938567	1500734.402291530743	1.13437381585541575	-2.90345130761630310	-3.12434326006561403
264289114.766356408596	3180591.192543471698	-1078722.870590975974	1500791.412465523696	1.13435575178125969	-2.90345157117466579	-3.12433652598233280
264289114.784656405449	3180565.133264476433	-1078721.912572544301	1500848.422231344040	1.13433767731248025	-2.90345184895751585	-3.12432977530519107
264289114.802956402302	3180539.073103729635	-1078720.954168386525	1500905.431548830587	1.13431960273313726	-2.90345212687744292	-3.12432302457343480
264289114.821256399155	3180513.011984330136	-1078719.995373484911	1500962.440415496007	1.13430152827660713	-2.90345240491221679	-3.12431627386608390
264289114.839556396008	3180486.949995819014	-1078719.036206970457	1501019.448853184236	1.13428345370988826	-2.90345268308736637	-3.12430952310570564
264289114.857856392860	3180460.887127196882	-1078718.076667698566	1501076.456879825564	1.13426569489837226	-2.90345284850692087	-3.12430293892063649
264289114.876156389713	3180434.823315781076	-1078717.116771570174	1501133.464463003213	1.13424815927418443	-2.90345293419274508	-3.12429647250301601
264289114.894456386566	3180408.758584467694	-1078716.156476010103	1501190.471596659627	1.13423062376753370	-2.90345301999262340	-3.12429000610774077
264289114.912756413221	3180382.692921298556	-1078715.195817296160	1501247.478402907727	1.13421308815094868	-2.90345310591639461	-3.12428353965475303
264289114.931056410074	3180356.626393307000	-1078714.234760326333	1501304.484675890068	1.13419555253854032	-2.90345319196243645	-3.12427707318566883
264289114.949356406927	3180330.558969992679	-1078713.273363497108	1501361.490526058245	1.13417801437059929	-2.90345330327933304	-3.12427057841886713
264289114.967656403780	3180304.490583362523	-1078712.311529645463	1501418.495917936089	1.13416041953897961	-2.90345394715202598	-3.12426348434302170
264289114.985956400633	3180278.421359398402	-1078711.349387446186	1501475.500901485328	1.13414282483209838	-2.90345459113959947	-3.12425639030163671
264289115.004256397486	3180252.351157552563	-1078710.386814282509	1501532.505421032431	1.13412523002358245	-2.90345523527564842	-3.12424929621439640
264289115.022556394339	3180226.280074897688	-1078709.423899678281	1501589.509517537663	1.13410763533943593	-2.90345587952328188	-3.12424220216003867
264289115.040856391191	3180200.208112200256	-1078708.460607793415	1501646.513208943419	1.13409004055328388	-2.90345652391609521	-3.12423510805824778
264289115.059156388044	3180174.135216858704	-1078707.496911321068	1501703.516419593710	1.13407279533163852	-2.90345716657895281	-3.12422834341560973
264289115.077456384897	3180148.061426377390	-1078706.532861478394	1501760.519225255121	1.13405575834500061	-2.90345780827142841	-3.12422177512827703
264289115.095756411552	3180121.986653204076	-1078705.568425134989	1501817.521677026758	1.13403872147853102	-2.90345845006601344	-3.12421520687201104
264289115.114056408405	3180095.911054837983	-1078704.603630657308	1501874.523616183316	1.13402168451274887	-2.90345909199297525	-3.12420863857176379
264289115.132356405258	3180069.835127224680	-1078703.638130053645	1501931.525055934442	1.13400464766713682	-2.90345973402204605	-3.12420207030258767
264289115.150656402111	3180043.757724958938	-1078702.672574863071	1501988.526134529384	1.13398761072258880	-2.90346037618679231	-3.12419550199101836
264289115.168956398964	3180017.679340252187	-1078701.706627091393	1502045.526743063936	1.13396928635487404	-2.90346067880648739	-3.12418890293155327
264289115.187256395817	3179991.600079320371	-1078700.740299432306	1502102.526934614172	1.13395091655248104	-2.90346096961338418	-3.12418230273830488
264289115.205556392670	3179965.519948652945	-1078699.773626936832	1502159.526691128267	1.13393254687431044	-2.90346126053118603	-3.12417570256683375
264289115.223856389523	3179939.438867154066	-1078698.806544977240	1502216.525990881724	1.13391417708389319	-2.90346155158888575	-3.12416910234326339
264289115.242156386375	3179913.356885793153	-1078697.839067864232	1502273.524872235488	1.13389580741882190	-2.90346184276737951	-3.12416250214622826
264289115.260456413031	3179887.273977220058	-1078696.871278269915	1502330.523427707376	1.13387834025906997	-2.90346193274432496	-3.12415661341021167
264289115.278756409883	3179861.190160254017	-1078695.903066260042	1502387.521423318423	1.13386121321009314	-2.90346194696483817	-3.12415099275702701
264289115.297056406736	3179835.105452029500	-1078694.934493765701	1502444.519007999683	1.13384408627425115	-2.90346196128312029	-3.12414537211952092
264289115.315356403589	3179809.019835924730	-1078693.965562726837	1502501.516156456200	1.13382695922939858	-2.90346197570807885	-3.12413975142866018
264289115.333656400442	3179782.933326176368	-1078692.996200400637	1502558.512849225663	1.13380983229805654	-2.90346199023410145	-3.12413413075506652
264289115.351956397295	3179756.845886365045	-1078692.026490743039	1502615.509123825235	1.13379259116423770	-2.90346200546957034	-3.12412839339574822
264289115.370256394148	3179730.757549742702	-1078691.056419167668	1502672.504950202303	1.13377486370168157	-2.90346202337453585	-3.12412215878245059
264289115.388556391001	3179704.668297297321	-1078690.085927512031	1502729.500338943908	1.13375713612794637	-2.90346204141019593	-3.12411592411608297
264289115.406856387854	3179678.578141768463	-1078689.115114549873	1502786.495310813654	1.13373940867076195	-2.90346205954782288	-3.12410968946417666
264289115.425156384706	3179652.487077557947	-1078688.143889706116	1502843.489833050640	1.13372168110202720	-2.90346207781285148	-3.12410345475762119
264289115.443456411362	3179626.395050637890	-1078687.172287128400	1502900.484026576160	1.13370395365022025	-2.90346209618314344	-3.12409722006711688
264289115.461756408215	3179600.302202293184	-1078686.200328273932	1502957.477689664811	1.13368654017166648	-2.90346196305285709	-3.12409114027629453
264289115.480056405067	3179574.208422438242	-1078685.227995587979	1503014.470915114507	1.13366920638274449	-2.90346179160264084	-3.12408509975516946
264289115.498356401920	3179548.114331575111	-1078684.254972257884	1503071.463697800180	1.13365187248300225	-2.90346162027604171	-3.12407905917899864
264289115.516656398773	3179522.018700299785	-1078683.281870685052	1503128.456030150643	1.13363453869466735	-2.90346144904350467	-3.12407301861119624
264289115.534956395626	3179495.922196807805	-1078682.308373097796	1503185.447951459326	1.13361720479588834	-2.90346127793788344	-3.12406697798993838
264289115.553256392479	3179469.824774273671	-1078681.334529276704	1503242.439436659915	1.13359969770247782	-2.90346115471093613	-3.12406079341480236
264289115.571556389332	3179443.726450324524	-1078680.360272756312	1503299.430472111562	1.13358163010667035	-2.90346118610212356	-3.12405414326706943
264289115.589856386185	3179417.627196156885	-1078679.385682343272	1503356.421071566176	1.13356356263057423	-2.90346121760797793	-3.12404749313807439
264289115.608156412840	3179391.527006973047	-1078678.410708864918	1503413.411355609307	1.13354549504128554	-2.90346124925081206	-3.12404084295171236
264289115.626456409693	3179365.425936453976	-1078677.435334444046	1503470.401087033330	1.13352742745488433	-2.90346128101617529	-3.12403419274445460
264289115.644756406546	3179339.323989689816	-1078676.459584543016	1503527.390395528637	1.13350935998932068	-2.90346131290609311	-3.12402754256069937
264289115.663056403399	3179313.221120079979	-1078675.483490963699	1503584.379279800691	1.13349164382379097	-2.90346193570082267	-3.12402069480542366
264289115.681356400251	3179287.117341751698	-1078674.506989946822	1503641.367708496284	1.13347398645818753	-2.90346265725289143	-3.12401381410949242
264289115.699656397104	3179261.012648373377	-1078673.530126600061	1503698.355707023991	1.13345632899031168	-2.90346337894419193	-3.12400693336734925
264289115.717956393957	3179234.907042354345	-1078672.552867376711	1503755.343249975005	1.13343867164847500	-2.90346410075001327	-3.12400005266127767
264289115.736256390810	3179208.800557151902	-1078671.575284055201	1503812.330401235726	1.13342101420399466	-2.90346482269177120	-3.12399317190741455
264289115.754556387663	3179182.693127546459	-1078670.597241561161	1503869.317076270469	1.13340325810311704	-2.90346544862720934	-3.12398636428078147
264289115.772856384516	3179156.584806002211	-1078669.618869832018	1503926.303328379057	1.13338530052533848	-2.90346587873669248	-3.12397970559187366
264289115.791156411171	3179130.475529565010	-1078668.640101663303	1503983.289245834108	1.13336734295592390	-2.90346630897467595	-3.12397304689338284
264289115.809456408024	3179104.365377938841	-1078667.661005236441	1504040.274637605296	1.13334938551023434	-2.90346673932410981	-3.12396638822183181
264289115.827756404877	3179078.254317779094	-1078666.681487858994	1504097.259591626702	1.13333142795680075	-2.90346716981250141	-3.12395972950100997
264289115.846056401730	3179052.142384601291	-1078665.701614735648	1504154.244110722560	1.13331347052747011	-2.90346760041563945	-3.12395307080871865
264289115.864356398582	3179026.030123821460	-1078664.721052859444	1504211.228161764098	1.13329577484063115	-2.90346738493554390	-3.12394734404142005
264289115.882656395435	3178999.916371865198	-1078663.740433671977	1504268.211832294473	1.13327809676584979	-2.90346712637211457	-3.12394167956320290
264289115.900956392288	3178973.801667551510	-1078662.759387406055	1504325.195014716126	1.13326041857582815	-2.90346686792094877	-3.12393601502695306
264289115.919256389141	3178947.686095071957	-1078661.778018138139	1504382.177787505556	1.13324274049877172	-2.90346660956681246	-3.12393035049751777
264289115.937556385994	3178921.569606810808	-1078660.796228687046	1504439.160122659523	1.13322506230722553	-2.90346635133153219	-3.12392468591322769
264289115.955856412649	3178895.452151833102	-1078659.814081958961	1504496.142117221840	1.13320745410237222	-2.90346639367530202	-3.12391873772326489
264289115.974156409502	3178869.333840765525	-1078658.831566964509	1504553.123591927812	1.13318995106180997	-2.90346688885491844	-3.12391236219789903
264289115.992456406355	3178843.214602035005	-1078657.848675456597	1504610.104617111152	1.13317244814236462	-2.90346738413759731	-3.12390598669913633
264289116.010756403208	3178817.094485620502	-1078656.865381931653	1504667.085199903231	1.13315494511848858	-2.90346787955168795	-3.12389961115445880
264289116.029056400061	3178790.973443001974	-1078655.881738367956	1504724.065352641977	1.13313744221610424	-2.90346837507213484	-3.12389323563797516
264289116.047356396914	3178764.851507718209	-1078654.897707702825	1504781.045074984664	1.13311993920891840	-2.90346887072070059	-3.12388686007399574
264289116.065656393766	3178738.728644774295	-1078653.913300513057	1504838.024347805884	1.13310345313026106	-2.90346897467110887	-3.12388099885817105
264289116.083956390619	3178712.604894606862	-1078652.928516635206	1504895.003215641947	1.13308698661738960	-2.90346907115989161	-3.12387514754314832
264289116.102256387472	3178686.480223920662	-1078651.943364429520	1504951.981621959712	1.13307052021356469	-2.90346916773572916	-3.12386929624291643
264289116.120556384325	3178660.354653377552	-1078650.957821400370	1505008.959603937343	1.13305405370711743	-2.90346926442507147	-3.12386344489337731
264289116.138856410980	3178634.228108878247	-1078649.971921843244	1505065.937245434849	1.13303758720369707	-2.90346936121304688	-3.12385759352578907
264289116.157156407833	3178608.100725754164	-1078648.985601019347	1505122.914335614303	1.13302053381151246	-2.90346956578004178	-3.12385143890865713
264289116.175456404686	3178581.972408703063	-1078647.998944262741	1505179.891007622238	1.13300222815899110	-2.90347000016469714	-3.12384463731787099
264289116.193756401539	3178555.843206846621	-1078647.011877252720	1505236.867249236675	1.13298392263380610	-2.90347043467563637	-3.12383783575958951
264289116.212056398392	3178529.713089211378	-1078646.024483636254	1505293.843042741297	1.13296561699733811	-2.90347086931735454	-3.12383103414464003
264289116.230356395245	3178503.582695513498	-1078645.036397685297	1505350.818400724092	1.13294731148858396	-2.90347130408865084	-3.12382423256378816
264289116.248656392097	3178477.450734529179	-1078644.048202778213	1505407.793313015718	1.13292902827346698	-2.90347174665953345	-3.12381740189671042
264289116.266956388950	3178451.317905996926	-1078643.059662463143	1505464.767815788742	1.13291103132660353	-2.90347228725937523	-3.12381020049193259
264289116.285256385803	3178425.184152282309	-1078642.070707546547	1505521.741849579848	1.13289303427323773	-2.90347282800200679	-3.12380299903359759
264289116.303556412458	3178399.049444575794	-1078641.081404905533	1505578.715568069834	1.13287503734610606	-2.90347336886508112	-3.12379579760815851
264289116.321856409311	3178372.913888002280	-1078640.091737637995	1505635.688760647550	1.13285704031285084	-2.90347390987424436	-3.12378859613075610
264289116.340156406164	3178346.777404382825	-1078639.101671453798	1505692.661503817653	1.13283904340695596	-2.90347445101373314	-3.12378139469101779
264289116.358456403017	3178320.640013133176	-1078638.111233034637	1505749.633828590158	1.13282101918218148	-2.90347459087734672	-3.12377443635540164
264289116.376756399870	3178294.501725082751	-1078637.120436997153	1505806.605699201114	1.13280297167920230	-2.90347438571884275	-3.12376768710608221
264289116.395056396723	3178268.362532464787	-1078636.129208342172	1505863.577132063452	1.13278492406085363	-2.90347418070066698	-3.12376093779562325
264289116.413356393576	3178242.222425658721	-1078635.137670524418	1505920.548148164758	1.13276687655903041	-2.90347397579701205	-3.12375418849823383
264289116.431656390429	3178216.081390408799	-1078634.145702803740	1505977.518701337278	1.13274882894146645	-2.90347377103039372	-3.12374743913812303
264289116.449956387281	3178189.939498094376	-1078633.153408619110	1506034.488832883537	1.13273087433273689	-2.90347353711016831	-3.12374081360610489
264289116.468256384134	3178163.796659142245	-1078632.160679678898	1506091.458525490249	1.13271345897663300	-2.90347313335741752	-3.12373490692394773
264289116.486556410789	3178137.652884408366	-1078631.167607824551	1506148.427878807532	1.13269604361757148	-2.90347272970685877	-3.12372900021143396
264289116.504856407642	3178111.508222606964	-1078630.174162124516	1506205.396699085133	1.13267862836925293	-2.90347232616335171	-3.12372309350811816
264289116.523156404495	3178085.362675375305	-1078629.180332936114	1506262.365082910983	1.13266121300577849	-2.90347192273035581	-3.12371718674125010
264289116.541456401348	3178059.216232126579	-1078628.186110273935	1506319.333030511625	1.13264379775342539	-2.90347151940770853	-3.12371127998517384
264289116.559756398201	3178033.068835084327	-1078627.191538265441	1506376.300540704280	1.13262602483671149	-2.90347144619349473	-3.12370519041276129
264289116.578056395054	3178006.920573040843	-1078626.196578260045	1506433.267627856694	1.13260800585312049	-2.90347160031259754	-3.12369897502965488
264289116.596356391907	3177980.771997862030	-1078625.200936797773	1506490.234234842239	1.13258998675639111	-2.90347175455171369	-3.12369275958965620
264289116.614656388760	3177954.621904454194	-1078624.205220807577	1506547.200448132586	1.13257196778066849	-2.90347190890341578	-3.12368654417113190
264289116.632956385612	3177928.470918246545	-1078623.209131093696	1506604.166213205317	1.13255394869255976	-2.90347206338172104	-3.12368032869889767
264289116.651256412268	3177902.318962159567	-1078622.212664196035	1506661.131649681367	1.13253602486977778	-2.90347225815976451	-3.12367426072041532
264289116.669556409121	3177876.166133412626	-1078621.215830829460	1506718.096541007049	1.13251846269431455	-2.90347260586426703	-3.12366875341450578
264289116.687856405973	3177850.012407143600	-1078620.218581979861	1506775.060970701044	1.13250090063805287	-2.90347295366509117	-3.12366324612946356
264289116.706156402826	3177823.857790695038	-1078619.221012203488	1506832.025020702975	1.13248333847317806	-2.90347330157548056	-3.12365773879774133
264289116.724456399679	3177797.702218620572	-1078618.223004416563	1506888.988582707476	1.13246577642788226	-2.90347364958548537	-3.12365223148848070
264289116.742756396532	3177771.545774635393	-1078617.224676034180	1506945.951746962499	1.13244821427360298	-2.90347399770176562	-3.12364672413095690
264289116.761056393385	3177745.388422006276	-1078616.225940014003	1507002.914455644554	1.13243049993730915	-2.90347448777135408	-3.12364101383043913
264289116.779356390238	3177719.230176707730	-1078615.226821248652	1507059.876727988943	1.13241271160033108	-2.90347504678655666	-3.12363520501261860
264289116.797656387091	3177693.071005317848	-1078614.227347797249	1507116.838576220674	1.13239492338637104	-2.90347560589992071	-3.12362939622012492
264289116.815956383944	3177666.910906381439	-1078613.227493178099	1507173.799980874406	1.13237713506504489	-2.90347616513073659	-3.12362358738307488
264289116.834256410599	3177640.749874748755	-1078612.227235201281	1507230.761026883963	1.13235934675210936	-2.90347672447430094	-3.12361777853879818
264289116.852556407452	3177614.587963392027	-1078611.226598024135	1507287.721545680426	1.13234148313572236	-2.90347748046724341	-3.12361185370838701
264289116.870856404305	3177588.425176738761	-1078610.225633956492	1507344.681660901755	1.13232342748336290	-2.90347873674199652	-3.12360563363460786
264289116.889156401157	3177562.261457757093	-1078609.224251454463	1507401.641313191736	1.13230537196435943	-2.90347999311918903	-3.12359941360284710
264289116.907456398010	3177536.096819886472	-1078608.222517954884	1507458.600535316858	1.13228731634484392	-2.90348124962719467	-3.12359319353786313
264289116.925756394863	3177509.931324237026	-1078607.220400094753	1507515.559328344418	1.13226926085906232	-2.90348250624093351	-3.12358697351649228
264289116.944056391716	3177483.764885081910	-1078606.217876144452	1507572.517658555182	1.13225120527314749	-2.90348376298878241	-3.12358075346349384
264289116.962356388569	3177457.598166874610	-1078605.214720124844	1507629.475572593510	1.13223374643585784	-2.90348462121412565	-3.12357456897516883
264289116.980656385422	3177431.429908926599	-1078604.211463168962	1507686.433036413044	1.13221647994325547	-2.90348535098395377	-3.12356839590475222
264289116.998956412077	3177405.260719276965	-1078603.207842640346	1507743.390172823099	1.13219921346091290	-2.90348608086277693	-3.12356222282770046
264289117.017256408930	3177379.090653896797	-1078602.203826826299	1507800.346787963994	1.13218194710118691	-2.90348681084477755	-3.12355604978371471
264289117.035556405783	3177352.919686979149	-1078601.199416012969	1507857.302929588361	1.13216468064049414	-2.90348754095147354	-3.12354987669816841
264289117.053856402636	3177326.747813879047	-1078600.194663803326	1507914.258666339098	1.13214767953772544	-2.90348820618998360	-3.12354377784931581
264289117.072156399488	3177300.575024373364	-1078599.189522516914	1507971.213953455677	1.13213119374091331	-2.90348874529747825	-3.12353782315151740
264289117.090456396341	3177274.401327767875	-1078598.183995512547	1508028.168810403207	1.13211470805962655	-2.90348928450410559	-3.12353186848369679
264289117.108756393194	3177248.226719429251	-1078597.178125667153	1508085.123225187650	1.13209822227932566	-2.90348982381901477	-3.12352591376930278
264289117.127056390047	3177222.051211304963	-1078596.171864810865	1508142.077215632889	1.13208173661417622	-2.90349036322976151	-3.12351995908329982
264289117.145356386900	3177195.874786840286	-1078595.165210366948	1508199.030762384646	1.13206525085039145	-2.90349090275208654	-3.12351400435231819
264289117.163656413555	3177169.697438301053	-1078594.158187181223	1508255.983957958873	1.13204718171612040	-2.90349134931765995	-3.12350734527765272
264289117.181956410408	3177143.519198937807	-1078593.150792590110	1508312.936632378027	1.13202833576934569	-2.90349175038341523	-3.12350034065534565
264289117.200256407261	3177117.340047160164	-1078592.142992843408	1508369.888863104396	1.13200948995250528	-2.90349215157666674	-3.12349333606265844
264289117.218556404114	3177091.160007473081	-1078591.134852010757	1508426.840670905542	1.13199064402143668	-2.90349255291464647	-3.12348633141413323
264289117.236856400967	3177064.979063050356	-1078590.126296383562	1508483.792017187458	1.13197179822105731	-2.90349295438670918	-3.12347932679841556
264289117.255156397820	3177038.797195957042	-1078589.117392252432	1508540.742945185164	1.13195350542504292	-2.90349331957906953	-3.12347228704932034
264289117.273456394672	3177012.614421718754	-1078588.108106866945	1508597.693437073380	1.13193596590540624	-2.90349363530736682	-3.12346519957194202
