-0.003777
-0.003601
-0.003101
-0.002416
-0.001857
-0.001179
-1.58E-03
-0.003454
0.0005453
0.002209
-0.0005311
0.001996
0.001682
0.003642
0.001749
0.001043
0.00188
0.001039
0.0008985
0.0005319
-0.001531
0.00122
0.005305
-0.001497
-0.000151
-0.00023
-2.64E-05
-4.70E-04
-0.0006965
-0.0003686
0.000924
0.0005258
0.001693
0.002866
0.002502
0.002555
0.004171
0.002736
0.004397
0.01143
0.001114
0.001947
0.001724
0.0008089
0.001481
0.0004116
-0.0008645
-0.000246
0.001221
0.002133
-0.002915
0.000699
-0.001478
-0.002394
-0.0006772
-0.0002576
-0.001146
-0.0006914
-0.0006147
-3.97E-05
0.8044

-0.001003
-0.001315
-0.0004498
-0.001021
0.0008901
0.0003982
-0.0003041
-0.005772
-0.004269
-0.001287
-0.00208
-0.00157
-0.0005741
-0.000761
-0.0004988
-0.0009237
-0.001785
-0.0005347
0.0001553
-0.001898
-0.0007857
-0.001202
0.0003768
0.0001709
-0.0002784
-0.0005654
-0.0002011
2.01E-05
-8.91E-05
-0.0007202
0.0003181
-0.00057
-2.20E-05
0.0006623
0.0007677
0.002706
0.005762
-0.009776
-0.004591
-0.002369
-0.002
-0.0002995
-0.001543
-0.001227
0.0004357
-0.001286
0.0008734
0.0009346
-0.0001345
-0.0006764
-0.0001174
-0.0002925
-7.77E-05
-1.91E-05
-0.0002398
0.0002658
0.0001018
0.000655
0.0002367
0.00033
0.8374

