264289109.967453420162 0.000091500000
264289109.967453420162	3187393.447568586562	-1078961.105076269712	1485826.496927176369	1.13896635971877203	-2.90340323005581968	-3.12598352984658012
264289109.985753417015	3187367.626924822573	-1078960.245795096504	1485883.620106348768	1.13894891278819577	-2.90340384456341161	-3.12597748309421730
264289110.004053413868	3187341.805376831908	-1078959.386135848938	1485940.742861179868	1.13893146575392779	-2.90340445919389811	-3.12597143629861929
264289110.022353410721	3187315.983500743285	-1078958.525784240104	1485997.865153894993	1.13891401884155563	-2.90340507392392411	-3.12596538953128888
264289110.040653407574	3187290.160109301563	-1078957.665379457641	1486054.987040920882	1.13889657182512494	-2.90340568877354377	-3.12595934271916143
264289110.058953434229	3187264.335793557111	-1078956.804584808415	1486112.108606480528	1.13887959108686587	-2.90340640343631140	-3.12595340318231596
264289110.077253431082	3187238.510568908416	-1078955.943377744639	1486169.229600297520	1.13886288100507738	-2.90340717603858289	-3.12594752592195979
264289110.095553427935	3187212.684453562833	-1078955.081855554832	1486226.350208479678	1.13884617082549733	-2.90340794875401542	-3.12594164862120438
264289110.113853424788	3187186.857429028489	-1078954.219931473723	1486283.470355143072	1.13882946076485636	-2.90340872156380403	-3.12593577135247713
264289110.132153421640	3187161.029489326291	-1078953.357623669785	1486340.590101347538	1.13881275060679554	-2.90340949449005947	-3.12592989404492183
264289110.150453418493	3187135.200614275411	-1078952.494941289304	1486397.709398146952	1.13879604056730432	-2.90341026750736519	-3.12592401676783149
264289110.168753415346	3187109.370865912642	-1078951.631895259023	1486454.828271904727	1.13877761476131223	-2.90341095434150720	-3.12591724425053652
264289110.187053412199	3187083.540189622436	-1078950.768460397143	1486511.946713969344	1.13875913468475742	-2.90341163855467821	-3.12591044338076651
264289110.205353409052	3187057.708605735563	-1078949.904641087167	1486569.064725868171	1.13874065450060691	-2.90341232291788653	-3.12590364246715691
264289110.223653405905	3187031.876109730452	-1078949.040471344488	1486626.182307484327	1.13872217444643242	-2.90341300739365549	-3.12589684158476322
264289110.241953432560	3187006.042669539806	-1078948.175898368936	1486683.299548393115	1.13870369428429719	-2.90341369201616128	-3.12589004065696896
264289110.260253429413	3186980.208322921302	-1078947.310979272937	1486740.416268260917	1.13868599001359172	-2.90341480462951784	-3.12588305687842460
264289110.278553426266	3186954.373102122918	-1078946.445647635497	1486797.532545736991	1.13866857997499338	-2.90341607973086369	-3.12587600367840723
264289110.296853423119	3186928.536958149169	-1078945.579968917882	1486854.648404930020	1.13865117006711580	-2.90341735493750530	-3.12586895052350044
264289110.315153419971	3186902.699917765334	-1078944.713893370936	1486911.763833838748	1.13863376006633654	-2.90341863029461855	-3.12586189733537179
264289110.333453416824	3186876.861950282007	-1078943.847482329700	1486968.878844464431	1.13861635019591034	-2.90341990575372355	-3.12585484419079096
264289110.351753413677	3186851.023081532214	-1078942.980641673785	1487025.993399515748	1.13859882524839406	-2.90342092373972127	-3.12584792442044357
264289110.370053410530	3186825.183304657228	-1078942.113434464671	1487083.107530225767	1.13858079278185187	-2.90342080444553741	-3.12584159364693592
264289110.388353407383	3186799.343228229322	-1078941.245582844829	1487140.221225528512	1.13856276019985447	-2.90342068527817343	-3.12583526281338830
264289110.406653434038	3186773.501579967793	-1078940.377645864151	1487197.334585368866	1.13854472761827186	-2.90342056622412814	-3.12582893195426426
264289110.424953430891	3186747.659091855399	-1078939.509339641547	1487254.447450643871	1.13852669515556304	-2.90342044729302140	-3.12582260111500609
264289110.443253427744	3186721.815663074143	-1078938.640639433172	1487311.559852988226	1.13850866257666450	-2.90342032848213272	-3.12581627021257891
264289110.461553424597	3186695.971306927502	-1078937.771532410756	1487368.671817811206	1.13849098902577239	-2.90342004711723423	-3.12581063460816866
264289110.479853421450	3186670.126058580820	-1078936.902088232106	1487425.783371590544	1.13847340641931849	-2.90341972458266628	-3.12580517534518654
264289110.498153418303	3186644.279887618031	-1078936.032279005041	1487482.894501258852	1.13845582392513656	-2.90341940214796423	-3.12579971608968110
264289110.516453415155	3186618.432829898782	-1078935.162038604729	1487540.005175124388	1.13843824131587512	-2.90341907982427161	-3.12579425677781586
264289110.534753412008	3186592.584857689682	-1078934.291481254855	1487597.115444115596	1.13842065881777721	-2.90341875759053547	-3.12578879746872573
264289110.553053408861	3186566.735961449798	-1078933.420527900569	1487654.225275470642	1.13840303394980769	-2.90341841435699255	-3.12578331568119738
264289110.571353405714	3186540.886168758851	-1078932.549182168674	1487711.334670603275	1.13838527465096728	-2.90341800401949346	-3.12577776251199690
264289110.589653432369	3186515.035405032802	-1078931.677491866052	1487768.443725142628	1.13836751523350488	-2.90341759378186381	-3.12577220927757304
264289110.607953429222	3186489.183761779685	-1078930.805396646960	1487825.552258527139	1.13834975581446907	-2.90341718365892243	-3.12576665601987003
264289110.626253426075	3186463.331239845138	-1078929.932922836393	1487882.660349407233	1.13833199650683747	-2.90341677362915451	-3.12576110276357699
264289110.644553422928	3186437.477795419749	-1078929.060074955458	1487939.768028056249	1.13831423708206803	-2.90341636371247258	-3.12575554944834177
264289110.662853419781	3186411.623428276740	-1078928.186870983802	1487996.875270708697	1.13829675548963838	-2.90341583207292242	-3.12575037451777149
264289110.681153416634	3186385.768171396106	-1078927.313291776925	1488053.982082854491	1.13827931879040678	-2.90341528078227462	-3.12574526084923798
264289110.699453413486	3186359.911998289172	-1078926.439297848148	1488111.088451421354	1.13826188220031899	-2.90341472958962443	-3.12574014718326421
264289110.717753410339	3186334.054902036674	-1078925.564956754679	1488168.194401706802	1.13824444549244275	-2.90341417848992256	-3.12573503345424175
264289110.736053407192	3186308.196894361172	-1078924.690238205018	1488225.299927762244	1.13822700889334305	-2.90341362748491694	-3.12572991972621539
264289110.754353433847	3186282.338561518583	-1078923.814862038707	1488282.405083992518	1.13820949223456314	-2.90341339597833059	-3.12572448871481168
264289110.772653430700	3186256.478749250062	-1078922.939388946397	1488339.509743545670	1.13819181053265073	-2.90341382446297747	-3.12571840234162091
264289110.790953427553	3186230.618012312800	-1078922.063546715537	1488396.613959405804	1.13817412872238366	-2.90341425306159406	-3.12571231591646281
264289110.809253424406	3186204.756360629108	-1078921.187316195108	1488453.717751155142	1.13815644703462704	-2.90341468177307016	-3.12570622952076071
264289110.827553421259	3186178.893808100838	-1078920.310718270717	1488510.821118452586	1.13813876523888702	-2.90341511060181956	-3.12570014307466471
264289110.845853418112	3186153.030348024797	-1078919.433735775528	1488567.924055580981	1.13812108356529063	-2.90341553954012666	-3.12569405665646105
264289110.864153414965	3186127.165967096109	-1078918.556381527567	1488625.026537133614	1.13810358227617892	-2.90341651430219461	-3.12568745662364611
264289110.882453411818	3186101.300694766920	-1078917.678654139629	1488682.128625582438	1.13808609229483748	-2.90341752297582190	-3.12568082482164922
264289110.900753408670	3186075.434498259332	-1078916.800544167636	1488739.230258570286	1.13806860221517558	-2.90341853178507003	-3.12567419298057914
264289110.919053405523	3186049.567408653442	-1078915.922052577604	1488796.331455220236	1.13805111226333988	-2.90341954070145469	-3.12566756117954681
264289110.937353432178	3186023.699324922170	-1078915.043183203088	1488853.432304040994	1.13803362221281557	-2.90342054975015840	-3.12566092933787631
264289110.955653429031	3185997.830404759385	-1078914.163950822782	1488910.532664123224	1.13801595348915141	-2.90342145096945226	-3.12565429167963682
264289110.973953425884	3185971.960580266546	-1078913.284353668103	1488967.632582041435	1.13799802369013880	-2.90342219449425487	-3.12564764555215424
264289110.992253422737	3185946.089831835590	-1078912.404355926206	1489024.732068263227	1.13798009378684384	-2.90342293815627528	-3.12564099938011752
264289111.010553419590	3185920.218139450066	-1078911.523953261552	1489081.831091671018	1.13796216401114192	-2.90342368193048150	-3.12563435324282368
264289111.028853416443	3185894.345587333664	-1078910.643249744317	1489138.929730743635	1.13794423413078905	-2.90342442583860416	-3.12562770705941118
264289111.047153413296	3185868.472137272824	-1078909.762131806230	1489196.027908185730	1.13792630437840359	-2.90342516986221622	-3.12562106091231673
264289111.065453410149	3185842.597744965926	-1078908.880617397605	1489253.125666041393	1.13790928953098902	-2.90342599149744363	-3.12561403963114603
264289111.083753407001	3185816.722440544516	-1078907.998756879009	1489310.222987675341	1.13789228223317185	-2.90342681386630597	-3.12560701534157515
264289111.102053433657	3185790.846176955383	-1078907.116512415465	1489367.319974659476	1.13787527483886430	-2.90342763637264145	-3.12559999100709085
264289111.120353430510	3185764.969664102420	-1078906.233591811964	1489424.416417193832	1.13785826756829422	-2.90342845899369673	-3.12559296671348585
264289111.138653427362	3185739.091651050840	-1078905.350593825104	1489481.512453925563	1.13784126020123688	-2.90342928175222781	-3.12558594237497367
264289111.156953424215	3185713.212682995945	-1078904.467194248922	1489538.608039838960	1.13782383568626688	-2.90342997545785053	-3.12557898771607068
264289111.175253421068	3185687.332850367762	-1078903.583461011993	1489595.703216121765	1.13780552070056107	-2.90343039369479206	-3.12557218160440575
264289111.193553417921	3185661.452069989406	-1078902.699325411115	1489652.797941472614	1.13778720584095883	-2.90343081204826525	-3.12556537552018687
264289111.211853414774	3185635.570401990321	-1078901.814818502404	1489709.892255891580	1.13776889087168298	-2.90343123054896868	-3.12555856938675447
264289111.230153411627	3185609.687813161407	-1078900.929939769907	1489766.986114738975	1.13775057602814256	-2.90343164916290020	-3.12555176327920270
264289111.248453408480	3185583.804293158930	-1078900.044661170570	1489824.079542005202	1.13773232580779782	-2.90343196792441383	-3.12554508841338885
264289111.266753405333	3185557.919897587970	-1078899.159047757974	1489881.172577577177	1.13771491345694153	-2.90343099267271665	-3.12554011269805487
264289111.285053431988	3185532.034530099947	-1078898.273045262555	1489938.265247266274	1.13769750098455225	-2.90343001751206797	-3.12553513691405982
264289111.303353428841	3185506.148317421786	-1078897.386658511125	1489995.357402925612	1.13768008850393976	-2.90342904244775735	-3.12553016109331105
264289111.321653425694	3185480.261169537436	-1078896.499892458087	1490052.449115120806	1.13766267612730010	-2.90342806747516402	-3.12552518526300416
264289111.339953422546	3185454.373124657664	-1078895.612756296294	1490109.540390980197	1.13764526362913054	-2.90342709259362453	-3.12552020936404062
264289111.358253419399	3185428.484183441848	-1078894.725223116810	1490166.631236557616	1.13762762130852879	-2.90342658446676882	-3.12551473758393428
264289111.376553416252	3185402.594319130294	-1078893.837342634564	1490223.721663850825	1.13760978273454771	-2.90342647452156655	-3.12550884274146901
264289111.394853413105	3185376.703538642265	-1078892.949047303991	1490280.811647566268	1.13759194427749044	-2.90342636468715742	-3.12550294791479510
264289111.413153409958	3185350.811835004482	-1078892.060409156838	1490337.901207053103	1.13757410570519291	-2.90342625496424267	-3.12549705302812963
264289111.431453406811	3185324.919242114294	-1078891.171386699425	1490394.990318323020	1.13755626724945014	-2.90342614534881838	-3.12549115815568879
264289111.449753433466	3185299.025706110988	-1078890.282000652980	1490452.079120123526	1.13753856276437704	-2.90342589533717366	-3.12548539678645154
264289111.468053430319	3185273.131277827080	-1078889.392208923120	1490509.167363589397	1.13752163625410896	-2.90342483028508180	-3.12548041024763190
264289111.486353427172	3185247.236560783815	-1078888.501773672877	1490566.255183299305	1.13750470962410910	-2.90342376531441682	-3.12547542363634401
264289111.504653424025	3185221.340301966295	-1078887.611245434498	1490623.342584254453	1.13748778309540510	-2.90342270044352624	-3.12547043701968441
264289111.522953420877	3185195.443133578636	-1078886.720328459051	1490680.429535462754	1.13747085644734147	-2.90342163565736655	-3.12546545033213086
264289111.541253417730	3185169.545077591203	-1078885.829040114302	1490737.516075739637	1.13745392990020555	-2.90342057096768213	-3.12546046363763930
264289111.559553414583	3185143.646151655819	-1078884.937403174816	1490794.602186924778	1.13743663243110982	-2.90341991283794876	-3.12545474179542682
264289111.577853411436	3185117.746252439916	-1078884.045368693070	1490851.687859399244	1.13741908484886167	-2.90341952911242451	-3.12544852392031869
264289111.596153408289	3185091.845464098267	-1078883.152940877015	1490908.773095537443	1.13740153715175607	-2.90341914551016034	-3.12544230598294170
264289111.614453434944	3185065.943688879255	-1078882.260138858343	1490965.857977786101	1.13738398945212982	-2.90341876201608384	-3.12543608801543593
264289111.632753431797	3185040.041077158414	-1078881.366982706357	1491022.942359416513	1.13736644186454194	-2.90341837863492813	-3.12542987005937167
264289111.651053428650	3185014.137577245012	-1078880.473477574531	1491080.026330005610	1.13734900137099304	-2.90341781433591217	-3.12542365785213905
264289111.669353425503	3184988.233132557012	-1078879.579518527724	1491137.109818425961	1.13733195482065419	-2.90341658511752732	-3.12541746700732714
264289111.687653422356	3184962.327795699239	-1078878.685226572677	1491194.192889859201	1.13731490814843195	-2.90341535600324718	-3.12541127608040492
264289111.705953419209	3184936.421549012419	-1078877.790578943444	1491251.275562474737	1.13729786157617463	-2.90341412700695445	-3.12540508515101578
264289111.724253416061	3184910.514349105768	-1078876.895522967912	1491308.357752809767	1.13728081488166355	-2.90341289811146774	-3.12539889413794736
264289111.742553412914	3184884.606305221096	-1078876.000119650038	1491365.439558805898	1.13726376828749265	-2.90341166933727202	-3.12539270312399076
264289111.760853409767	3184858.697300979868	-1078875.104299761355	1491422.520894520916	1.13724586482598022	-2.90341145856437999	-3.12538615490379001
264289111.779153406620	3184832.787417821586	-1078874.208138639806	1491479.601832714863	1.13722755563770095	-2.90341173010303377	-3.12537943753425829
264289111.797453433275	3184806.876555049326	-1078873.311602511443	1491536.682416907046	1.13720924633603726	-2.90341200176985259	-3.12537272010520439
264289111.815753430128	3184780.964835021645	-1078872.414650023682	1491593.762461888371	1.13719093704162644	-2.90341227357520992	-3.12536600266617359
264289111.834053426981	3184755.052202989347	-1078871.517346778186	1491650.842076589819	1.13717262787102058	-2.90341254549315808	-3.12535928524940987
264289111.852353423834	3184729.139321526047	-1078870.619373335503	1491707.921263010474	1.13715444660924403	-2.90341294461297661	-3.12535246195125849
264289111.870653420687	3184703.224839172326	-1078869.721315615112	1491765.000021906337	1.13713658186102862	-2.90341365785299343	-3.12534537713681848
264289111.888953417540	3184677.309518460650	-1078868.822896787897	1491822.078359059058	1.13711871700983247	-2.90341437124044965	-3.12533829227617987
264289111.907253414392	3184651.393222960178	-1078867.924058398930	1491879.156232097652	1.13710085228630886	-2.90341508474741250	-3.12533120745276793
264289111.925553411245	3184625.476032093633	-1078867.024867249886	1491936.233700148063	1.13708298745943592	-2.90341579839851427	-3.12532412258158976
264289111.943853408098	3184599.557983899955	-1078866.125346019166	1491993.310752513120	1.13706512275986871	-2.90341651216582175	-3.12531703774607106
264289111.962153434753	3184573.638932124712	-1078865.225367752835	1492050.387424283661	1.13704739280620881	-2.90341721330675506	-3.12531029159001328
264289111.980453431606	3184547.718993888702	-1078864.325060846517	1492107.463588307379	1.13702970735764275	-2.90341791035213959	-3.12530365694368317
264289111.998753428459	3184521.798210220411	-1078863.424380100565	1492164.539348528720	1.13701202180658978	-2.90341860753914904	-3.12529702225522010
264289112.017053425312	3184495.876485884655	-1078862.523314037826	1492221.614633937832	1.13699433638025482	-2.90341930483016020	-3.12529038759746225
264289112.035353422165	3184469.953830552753	-1078861.621838962659	1492278.689499646891	1.13697665085106570	-2.90342000225949759	-3.12528375289600424
264289112.053653419018	3184444.030290750787	-1078860.720021227840	1492335.763930548681	1.13695950069630802	-2.90342055874780947	-3.12527757578295118
264289112.071953415871	3184418.105835751630	-1078859.817832880653	1492392.837943166727	1.13694338400866979	-2.90342084297676983	-3.12527228216526121
264289112.090253412724	3184392.180487683509	-1078858.915267182514	1492449.911513504107	1.13692726742977834	-2.90342112728722679	-3.12526698856547291
264289112.108553409576	3184366.254204695579	-1078858.012304047355	1492506.984664144227	1.13691115075138560	-2.90342141169821621	-3.12526169492193073
264289112.126853406429	3184340.327013478614	-1078857.108991994523	1492564.057366678957	1.13689503418136884	-2.90342169618740042	-3.12525640129471904
264289112.145153433084	3184314.398858374916	-1078856.205258521717	1492621.129715211689	1.13687891751222470	-2.90342198078042069	-3.12525110762533087
264289112.163453429937	3184288.469851881731	-1078855.301181265153	1492678.201581061352	1.13686147917101277	-2.90342232562902591	-3.12524532515772613
264289112.181753426790	3184262.539917320479	-1078854.396737259580	1492735.272985512391	1.13684342547871697	-2.90342269859222490	-3.12523931509561814
264289112.200053423643	3184236.609082618728	-1078853.491903166985	1492792.343965621898	1.13682537167631637	-2.90342307168333713	-3.12523330498691676
264289112.218353420496	3184210.677981946617	-1078852.586396310711	1492849.414498097729	1.13680731799692536	-2.90342344487886717	-3.12522729490103934
264289112.236653417349	3184184.745358840097	-1078851.680832025828	1492906.484630939318	1.13678926420706139	-2.90342381819901174	-3.12522128476699956
264289112.254953414202	3184158.811791930348	-1078850.774858076591	1492963.554306907812	1.13677163800361436	-2.90342454441911046	-3.12521532383274536
264289112.273253411055	3184132.877305855509	-1078849.868529555155	1493020.623558652122	1.13675457875744623	-2.90342573876399523	-3.12520942809732505
264289112.291553407907	3184106.941934573930	-1078848.961800479563	1493077.692368116695	1.13673751963739633	-2.90342693320631939	-3.12520353240350479
264289112.309853434563	3184081.005616263486	-1078848.054723715642	1493134.760862166760	1.13672046042145158	-2.90342812776377412	-3.12519763667549055
264289112.328153431416	3184055.068413099740	-1078847.147231352283	1493191.828809654806	1.13670340133125425	-2.90342932241536600	-3.12519174098750518
264289112.346453428268	3184029.130310560111	-1078846.239406722831	1493248.896340271924	1.13668634214553599	-2.90343051718539025	-3.12518584526690546
264289112.364753425121	3184003.191272020340	-1078845.331153731793	1493305.963408071082	1.13666864752245944	-2.90343062611100144	-3.12517948212138874
264289112.383053421974	3183977.251341413707	-1078844.422563203378	1493363.030064830557	1.13665085674596478	-2.90343057105885771	-3.12517304827598341
264289112.401353418827	3183951.310514546931	-1078843.513575463323	1493420.096291306661	1.13663306608731940	-2.90343051612611758	-3.12516661445118249
264289112.419653415680	3183925.368751899339	-1078842.604235097067	1493477.162068263628	1.13661527531460926	-2.90343046131089633	-3.12516018056260769
264289112.437953412533	3183899.426116817631	-1078841.694499259349	1493534.227434174856	1.13659748466012323	-2.90343040661838003	-3.12515374669621693
264289112.456253409386	3183873.482527700718	-1078840.784410430118	1493591.292368621565	1.13657988806741317	-2.90343070486161015	-3.12514690266139850
264289112.474553406239	3183847.538095466327	-1078839.873923121952	1493648.356861975044	1.13656248527756176	-2.90343135514313611	-3.12513964960312407
264289112.492853432894	3183821.592638323549	-1078838.963043245254	1493705.421006197808	1.13654508238660368	-2.90343200556448844	-3.12513239649347474
264289112.511153429747	3183795.646328118630	-1078838.051811042009	1493762.484624504345	1.13652767950704536	-2.90343265611376733	-3.12512514337604408
264289112.529453426600	3183769.699153546244	-1078837.140235930681	1493819.547845066059	1.13651027675175920	-2.90343330678236722	-3.12511789029599774
264289112.547753423452	3183743.751034265850	-1078836.228206741391	1493876.610583460424	1.13649287389648723	-2.90343395760069845	-3.12511063716931092
264289112.566053420305	3183717.801973607391	-1078835.315838635899	1493933.672909736633	1.13647453048084834	-2.90343379915120847	-3.12510371487332383
264289112.584353417158	3183691.852662983816	-1078834.402822628384	1493990.734807620989	1.13645613404794688	-2.90343359532204870	-3.12509681111249282
264289112.602653414011	3183665.901820292231	-1078833.489679065766	1494047.796261226060	1.13643773773539847	-2.90343339162572400	-3.12508990737162273
264289112.620953410864	3183639.950065657496	-1078832.576184581267	1494104.857284549391	1.13641934130377065	-2.90343318806170991	-3.12508300356178959
264289112.639253407717	3183613.997419577092	-1078831.662330110790	1494161.917896941071	1.13640094499212729	-2.90343298462723043	-3.12507609977034839
264289112.657553434372	3183588.043810402974	-1078830.748111963738	1494218.978162801592	1.13638325927936634	-2.90343276865696565	-3.12506964165624579
264289112.675853431225	3183562.089303812943	-1078829.833459550515	1494276.037868688349	1.13636610951730210	-2.90343254324233291	-3.12506351962034978
264289112.694153428078	3183536.133918423671	-1078828.918461247347	1494333.097182997968	1.13634895964516014	-2.90343231795109968	-3.12505739752805578
264289112.712453424931	3183510.177624966484	-1078828.003104914911	1494390.156061081681	1.13633180988353555	-2.90343209276097447	-3.12505127544708117
264289112.730753421783	3183484.220394994132	-1078827.087338051526	1494447.214482178213	1.13631466001071990	-2.90343186768435091	-3.12504515330498522
264289112.749053418636	3183458.262268729508	-1078826.171178412158	1494504.272467053495	1.13629748593328461	-2.90343165669988679	-3.12503902044134962
264289112.767353415489	3183432.303236910142	-1078825.254722556565	1494561.330072345911	1.13627950691265855	-2.90343190858856293	-3.12503253211992549
264289112.785653412342	3183406.343282581307	-1078824.337801353540	1494618.387177417986	1.13626152801467173	-2.90343216059687625	-3.12502604382540250
264289112.803953409195	3183380.382425098680	-1078823.420550386887	1494675.443877504673	1.13624354900532643	-2.90343241273023711	-3.12501955547426702
264289112.822253406048	3183354.420656341594	-1078822.502921571024	1494732.500153363217	1.13622557011825043	-2.90343266497993469	-3.12501306714846061
264289112.840553432703	3183328.457935799845	-1078821.584907693323	1494789.556094458094	1.13620759112019298	-2.90343291735798426	-3.12500657876762444
264289112.858853429556	3183302.494381070137	-1078820.666519395309	1494846.611491700169	1.13618982375778010	-2.90343333096364331	-3.12500026026597721
264289112.877153426409	3183276.529865141492	-1078819.747774295742	1494903.666463531787	1.13617217707211093	-2.90343383644392539	-3.12499403856867053
264289112.895453423262	3183250.564486400224	-1078818.828603825765	1494960.720992859919	1.13615453028126590	-2.90343434205729389	-3.12498781682800386
264289112.913753420115	3183224.598182279617	-1078817.909119280754	1495017.775129308458	1.13613688361194054	-2.90343484776863736	-3.12498159511141127
264289112.932053416967	3183198.630944483913	-1078816.989181716228	1495074.828765649348	1.13611923683744287	-2.90343535361307126	-3.12497537335146403
264289112.950353413820	3183172.663439315278	-1078816.068649177207	1495131.882005058229	1.13610163167252498	-2.90343585116787350	-3.12496916533523716
264289112.968653410673	3183146.694378450979	-1078815.147973761894	1495188.934798775474	1.13608438542373280	-2.90343627626658751	-3.12496307599803380
264289112.986953407526	3183120.724433359690	-1078814.226942016510	1495245.987175506540	1.13606713929354486	-2.90343670146555866	-3.12495698668586863
264289113.005253434181	3183094.753529122565	-1078813.305534946499	1495303.039205708075	1.13604989305899906	-2.90343712678565335	-3.12495089732673392
264289113.023553431034	3183068.781771914568	-1078812.383770955261	1495360.090715936152	1.13603264694268757	-2.90343755220270561	-3.12494480799106533
264289113.041853427887	3183042.809083551168	-1078811.461615746375	1495417.141782700550	1.13601540072239393	-2.90343797774418455	-3.12493871861000905
264289113.060153424740	3183016.835498437751	-1078810.539081094088	1495474.192425008863	1.13599886897344460	-2.90343828101543577	-3.12493312096830778
264289113.078453421593	3182990.860986036714	-1078809.616148134228	1495531.242617914220	1.13598265678372234	-2.90343852964139026	-3.12492774331800360
264289113.096753418446	3182964.885585547891	-1078808.692865907913	1495588.292399774771	1.13596644470274377	-2.90343877834764985	-3.12492236568387316
264289113.115053415298	3182938.909257235005	-1078807.769203256117	1495645.341738059418	1.13595023252101957	-2.90343902715278102	-3.12491698800318130
264289113.133353412151	3182912.932068413589	-1078806.845194985392	1495702.390666711144	1.13593402034404134	-2.90343927605410190	-3.12491161031045328
264289113.151653409004	3182886.953904898372	-1078805.920766906580	1495759.439131249208	1.13591774435164661	-2.90343952476649525	-3.12490618857687696
264289113.169953405857	3182860.974848448299	-1078804.995956778293	1495816.487159449607	1.13589958782452394	-2.90343976558206052	-3.12489947074825913
264289113.188253432512	3182834.994852824137	-1078804.070780118462	1495873.534866294824	1.13588143142061693	-2.90344000651598000	-3.12489275294457070
264289113.206553429365	3182809.014004123863	-1078803.145255500916	1495930.582041289192	1.13586327490473415	-2.90344024758341801	-3.12488603508404239
264289113.224853426218	3182783.032224397641	-1078802.219330634689	1495987.628784700762	1.13584511851244274	-2.90344048877250938	-3.12487931725002666
264289113.243153423071	3182757.049540624022	-1078801.293031563982	1496044.675097830594	1.13582696200855215	-2.90344073009842285	-3.12487259936075379
264289113.261453419924	3182731.065952744801	-1078800.366362778004	1496101.720974736148	1.13580920325200152	-2.90344026825824697	-3.12486602471949837
264289113.279753416777	3182705.081425934564	-1078799.439321390819	1496158.766414120561	1.13579155281525379	-2.90343961474396162	-3.12485948906619981
264289113.298053413630	3182679.096014048439	-1078798.511874772841	1496215.811417168472	1.13577390248868282	-2.90343896135377433	-3.12485295342256153
264289113.316353410482	3182653.110306206159	-1078797.583794103004	1496272.855984694092	1.13575625204257458	-2.90343830808130221	-3.12484641770445526
264289113.334653407335	3182627.123082310893	-1078796.655610619346	1496329.900127177592	1.13573860170627405	-2.90343765492963080	-3.12483988199443763
264289113.352953433990	3182601.134906549938	-1078795.727050963789	1496386.943923014682	1.13572080059879310	-2.90343721334868743	-3.12483324928494932
264289113.371253430843	3182575.145854675211	-1078794.798105692491	1496443.987185698468	1.13570253470847415	-2.90343742425432394	-3.12482631752130624
264289113.389553427696	3182549.155907539651	-1078793.868807377759	1496501.030043394072	1.13568426894200769	-2.90343763528305665	-3.12481938578334262
264289113.407853424549	3182523.165047532413	-1078792.939118128968	1496558.072439571144	1.13566600306315157	-2.90343784645296132	-3.12481245398808261
264289113.426153421402	3182497.173248720355	-1078792.009047261206	1496615.114410112379	1.13564773730777713	-2.90343805774266128	-3.12480552221692953
264289113.444453418255	3182471.180573446210	-1078791.078605810413	1496672.155951783527	1.13562947144076176	-2.90343826918013415	-3.12479859039164154
264289113.462753415108	3182445.186966512352	-1078790.147790940711	1496729.197055816650	1.13561178386022998	-2.90343838309201319	-3.12479155302947476
264289113.481053411961	3182419.192463335115	-1078789.216583163710	1496786.237723628292	1.13559419935094397	-2.90343847972300662	-3.12478449677272163
264289113.499353408813	3182393.197052261792	-1078788.285008211387	1496843.277967100730	1.13557661495965601	-2.90343857647169390	-3.12477744053933648
264289113.517653405666	3182367.200722111855	-1078787.353078438900	1496900.317786347354	1.13555903045900131	-2.90343867335465911	-3.12477038424472164
264289113.535953432322	3182341.203455159906	-1078786.420753016137	1496957.357252888847	1.13554144607672081	-2.90343877035861730	-3.12476332797505796
264289113.554253429174	3182315.205289809033	-1078785.488062159391	1497014.396192447050	1.13552378769578199	-2.90343882045056834	-3.12475645787244316
264289113.572553426027	3182289.206238863058	-1078784.554983901093	1497071.434701496270	1.13550595061009796	-2.90343875678184915	-3.12475003847344812
264289113.590853422880	3182263.206280506682	-1078783.621525066905	1497128.472774436465	1.13548811341177514	-2.90343869324717607	-3.12474361901843700
264289113.609153419733	3182237.205414263997	-1078782.687699033413	1497185.510423033964	1.13547027633035791	-2.90343862982215795	-3.12473719957897833
264289113.627453416586	3182211.203624041285	-1078781.753489889903	1497242.547616174910	1.13545243913555893	-2.90343856652458809	-3.12473078008035010
264289113.645753413439	3182185.200941037852	-1078780.818889610935	1497299.584384860238	1.13543460205803992	-2.90343850333997278	-3.12472436059885839
264289113.664053410292	3182159.197338853963	-1078779.883943471359	1497356.620717436541	1.13541731636559806	-2.90343915721617174	-3.12471815300160349
264289113.682353407145	3182133.193467628211	-1078778.948304556543	1497413.656614372972	1.13540007894315709	-2.90343987379017809	-3.12471196394170780
264289113.700653433800	3182107.188002510462	-1078778.012595173437	1497470.692187958863	1.13538284141907075	-2.90344059048222114	-3.12470577483669709
264289113.718953430653	3182081.181672366336	-1078777.076496746857	1497527.727216393221	1.13536560390588281	-2.90344130728986904	-3.12469958572796136
264289113.737253427505	3182055.174423162825	-1078776.140043456806	1497584.761820603395	1.13534836651427051	-2.90344202419419206	-3.12469339664899293
264289113.755553424358	3182029.166265157983	-1078775.203178594355	1497641.795975176850	1.13533095814028373	-2.90344257266743089	-3.12468720854275617
264289113.773853421211	3182003.157231696881	-1078774.265982941026	1497698.829732119106	1.13531327585825803	-2.90344285094098442	-3.12468102208635168
264289113.792153418064	3181977.147247355897	-1078773.328373601660	1497755.863038240932	1.13529559346784259	-2.90344312934249160	-3.12467483558074433
264289113.810453414917	3181951.136369415559	-1078772.390413452173	1497812.895896028960	1.13527791119618904	-2.90344340783981059	-3.12466864909288189
264289113.828753411770	3181925.124588179868	-1078771.452047619736	1497869.928335532779	1.13526022881689315	-2.90344368647168238	-3.12466246255897984
264289113.847053408623	3181899.111895029433	-1078770.513335115043	1497926.960338815115	1.13524254655673307	-2.90344396520266335	-3.12465627604440677
264289113.865353405476	3181873.098316845950	-1078769.574217272224	1497983.991905760020	1.13522531948375649	-2.90344450336880211	-3.12465043427414146
264289113.883653432131	3181847.083760674577	-1078768.634750439087	1498041.023138166172	1.13520809695848346	-2.90344504414613835	-3.12464459588041699
264289113.901953428984	3181821.068339547608	-1078767.694890035782	1498098.053831364261	1.13519087433021282	-2.90344558504434280	-3.12463875744508490
264289113.920253425837	3181795.052010496613	-1078766.754666871857	1498155.084094281541	1.13517365182085106	-2.90344612603445196	-3.12463291903371454
264289113.938553422689	3181769.034745675977	-1078765.814006065717	1498212.113906267332	1.13515642920886695	-2.90344666714873068	-3.12462708058232019
264289113.956853419542	3181743.016593585722	-1078764.873053648043	1498269.143314674729	1.13513891616599594	-2.90344718298880577	-3.12462083417073666
264289113.975153416395	3181716.997540438082	-1078763.931675465079	1498326.172261567786	1.13512106460070017	-2.90344766943250621	-3.12461411251872923
264289113.993453413248	3181690.977599383332	-1078762.989938847022	1498383.200809299015	1.13510321315923202	-2.90344815598758821	-3.12460739089530559
264289114.011753410101	3181664.956723263022	-1078762.047826893860	1498440.228907624260	1.13508536161112117	-2.90344864267901048	-3.12460066922181534
264289114.030053406954	3181638.934928105213	-1078761.105360019021	1498497.256581724389	1.13506751018683927	-2.90344912948181344	-3.12459394757691289
264289114.048353433609	3181612.912818515673	-1078760.162164825480	1498554.283878416754	1.13504969488138485	-2.90344962496494707	-3.12458723422185836
264289114.066653430462	3181586.889237501193	-1078759.218942499487	1498611.310667959973	1.13503267125769147	-2.90345030721600539	-3.12458070308541069
264289114.084953427315	3181560.864729509223	-1078758.275303691858	1498668.337031862000	1.13501564775559549	-2.90345098957807757	-3.12457417198529619
264289114.103253424168	3181534.839278606232	-1078757.331312685041	1498725.362946359906	1.13499862415354835	-2.90345167206218191	-3.12456764083744831
264289114.121553421021	3181508.812938821502	-1078756.386923374142	1498782.388430462452	1.13498160067272824	-2.90345235465400053	-3.12456110972435885
264289114.139853417873	3181482.785714889877	-1078755.442177511752	1498839.413497579983	1.13496457709270571	-2.90345303737445004	-3.12455457856670105
264289114.158153414726	3181456.757578199264	-1078754.497036077315	1498896.438109122217	1.13494704902787236	-2.90345361424069281	-3.12454788248813520
264289114.176453411579	3181430.728515405208	-1078753.551526979543	1498953.462314376840	1.13492870187899264	-2.90345401927464053	-3.12454091863763139
264289114.194753408432	3181404.698570696171	-1078752.605641264934	1499010.486059414921	1.13491035485688174	-2.90345442443159785	-3.12453395481694107
264289114.213053405285	3181378.667676122859	-1078751.659381625243	1499067.509384868201	1.13489200772386756	-2.90345482972886604	-3.12452699094110109
264289114.231353431940	3181352.635857380927	-1078750.712744809454	1499124.532371027162	1.13487366071799878	-2.90345523515244208	-3.12452002709666088
264289114.249653428793	3181326.603154678829	-1078749.765749863815	1499181.554818094941	1.13485538443350453	-2.90345558702741036	-3.12451316464902806
264289114.267953425646	3181300.569563164376	-1078748.818352087634	1499238.576840706402	1.13483755350782856	-2.90345560154355420	-3.12450693993125750
264289114.286253422499	3181274.535045322962	-1078747.870604609372	1499295.598433262669	1.13481972246947249	-2.90345561618427705	-3.12450071515710137
264289114.304553419352	3181248.499614906963	-1078746.922448043479	1499352.619588069618	1.13480189154901145	-2.90345563093406822	-3.12449449040031579
264289114.322853416204	3181222.463282806333	-1078745.973892510636	1499409.640275305603	1.13478406051587211	-2.90345564580844018	-3.12448826558714998
264289114.341153413057	3181196.426064171363	-1078745.025013932958	1499466.660570963286	1.13476622960063134	-2.90345566079188178	-3.12448204079135960
264289114.359453409910	3181170.387886849698	-1078744.075744708534	1499523.680415801937	1.13474837214182500	-2.90345574006409368	-3.12447588531407661
264289114.377753406763	3181144.348864147440	-1078743.126110206358	1499580.699844954535	1.13473049641797719	-2.90345586408419054	-3.12446977811584325
264289114.396053433418	3181118.308846116532	-1078742.176070739981	1499637.718906808877	1.13471262058147726	-2.90345598822125472	-3.12446367086091836
264289114.414353430271	3181092.268579129130	-1078741.225354664261	1499694.737424212741	1.13469474474902521	-2.90345611247671220	-3.12445756359015814
264289114.432653427124	3181066.226816851646	-1078740.274602181278	1499751.755549222697	1.13467686903545584	-2.90345623683550125	-3.12445145633651444
264289114.450953423977	3181040.184114918113	-1078739.323423535796	1499808.773223300464	1.13465909234702744	-2.90345626585868999	-3.12444526614917617
264289114.469253420830	3181014.140521491412	-1078738.371898050653	1499865.790468626888	1.13464170659619290	-2.90345591865782637	-3.12443874923700582
264289114.487553417683	3180988.095987761859	-1078737.419973250246	1499922.807256962638	1.13462432073116481	-2.90345557157455536	-3.12443223225696043
264289114.505853414536	3180962.050589752384	-1078736.467709655408	1499979.823641608236	1.13460693497746590	-2.90345522460467764	-3.12442571528976254
264289114.524153411388	3180936.004264677409	-1078735.515038493788	1500036.839588732924	1.13458954911106646	-2.90345487776558420	-3.12441919826101921
264289114.542453408241	3180909.957034067251	-1078734.561975398334	1500093.855074227555	1.13457216335562538	-2.90345453103658535	-3.12441268124354643
264289114.560753434896	3180883.908829557244	-1078733.608542611357	1500150.870237068972	1.13455456012049272	-2.90345426844631449	-3.12440628490771255
264289114.579053431749	3180857.859794911463	-1078732.654723514337	1500207.884856057353	1.13453683825080098	-2.90345405183645999	-3.12439995445328744
264289114.597353428602	3180831.809815103188	-1078731.700576666743	1500264.899062930606	1.13451911649507808	-2.90345383533167967	-3.12439362400934728
264289114.615653425455	3180805.758946390823	-1078730.746035919292	1500321.912833467824	1.13450139462529398	-2.90345361895436138	-3.12438729350551236
264289114.633953422308	3180779.707165015396	-1078729.791095007677	1500378.926154369256	1.13448367287022922	-2.90345340268871199	-3.12438096301533141
264289114.652253419161	3180753.654515441507	-1078728.835826850729	1500435.939071583562	1.13446598268031185	-2.90345314951072719	-3.12437471991366733
264289114.670553416014	3180727.600895156618	-1078727.880131507292	1500492.951518742833	1.13444837729725423	-2.90345279743951368	-3.12436871061782773
264289114.688853412867	3180701.546399541665	-1078726.924100697506	1500549.963574208552	1.13443077179875074	-2.90345244548535053	-3.12436270126004345
264289114.707153409719	3180675.490962598007	-1078725.967635184992	1500606.975135507528	1.13441316641243883	-2.90345209363750900	-3.12435669191125909
264289114.725453406572	3180649.434650323819	-1078725.010834202636	1500663.986305116676	1.13439556091068194	-2.90345174190672006	-3.12435068250053449
264289114.743753433228	3180623.377366392873	-1078724.053643431515	1500720.997108840151	1.13437795552074450	-2.90345139027895494	-3.12434467309723107
264289114.762053430080	3180597.319226346444	-1078723.096080120420	1500778.007398648188	1.13436000174479368	-2.90345150587559298	-3.12433811330874578
264289114.780353426933	3180571.260789613239	-1078722.137833692366	1500835.017233581049	1.13434192727453054	-2.90345178362843725	-3.12433136263497024
264289114.798653423786	3180545.200850352645	-1078721.179551555077	1500892.026676235721	1.13432385269370384	-2.90345206151835900	-3.12432461190657973
264289114.816953420639	3180519.139974737074	-1078720.220858465647	1500949.035661901580	1.13430577823568823	-2.90345233952312620	-3.12431786120259281
264289114.835253417492	3180493.078213985078	-1078719.261773349252	1501006.044193405192	1.13428770366785958	-2.90345261767156781	-3.12431111044716259
264289114.853553414345	3180467.015499548987	-1078718.302321257070	1501063.052311266772	1.13426981813253214	-2.90345282837342733	-3.12430445939584889
264289114.871853411198	3180440.951919810381	-1078717.342494963901	1501120.059988265624	1.13425228250819687	-2.90345291403786954	-3.12429799298555233
264289114.890153408051	3180414.887417234015	-1078716.382320648059	1501177.067246977473	1.13423474700027827	-2.90345299980647642	-3.12429152659285192
264289114.908453434706	3180388.821989133488	-1078715.421738059958	1501234.074152871268	1.13421721138279974	-2.90345308570227312	-3.12428506014402219
264289114.926753431559	3180362.755631834269	-1078714.460775312036	1501291.080530482111	1.13419967576949743	-2.90345317172034045	-3.12427859367909511
264289114.945053428411	3180336.688392791897	-1078713.499426810537	1501348.086459759157	1.13418214027336184	-2.90345325784916408	-3.12427212723493719
264289114.963353425264	3180310.620296579320	-1078712.537752133096	1501405.091967409942	1.13416455669337513	-2.90345379574122964	-3.12426515240599390
264289114.981653422117	3180284.551211538259	-1078711.575640865834	1501462.097034937935	1.13414696198456832	-2.90345443970482187	-3.12425805836930115
264289114.999953418970	3180258.481276641134	-1078710.613198137144	1501519.101686666254	1.13412936717263291	-2.90345508380370276	-3.12425096428041948
264289115.018253415823	3180232.410414600279	-1078709.650356739527	1501576.105888989288	1.13411177248655992	-2.90345572802735408	-3.12424387023075312
264289115.036553412676	3180206.338632074650	-1078708.687138241250	1501633.109641679330	1.13409417769736098	-2.90345637238629628	-3.12423677612890316
264289115.054853409529	3180180.265969395638	-1078707.723551444244	1501690.112977381796	1.13407680132022470	-2.90345701571281634	-3.12422988784751299
264289115.073153406382	3180154.192383021116	-1078706.759567765053	1501747.115875449032	1.13405976433113498	-2.90345765737772377	-3.12422331956169907
264289115.091453433037	3180128.117846312933	-1078705.795238529798	1501804.118440394988	1.13404272746258528	-2.90345829914803577	-3.12421675130853416
264289115.109753429890	3180102.042439412326	-1078704.830496097682	1501861.120452606119	1.13402569049397783	-2.90345894104413338	-3.12421018300822162
264289115.128053426743	3180075.966118942946	-1078703.865413421299	1501918.122060054215	1.13400865364628745	-2.90345958304893292	-3.12420361474214658
264289115.146353423595	3180049.889489063993	-1078702.899642449804	1501975.123181395233	1.13399161669854021	-2.90346022517951852	-3.12419704642892748
264289115.164653420448	3180023.811406775843	-1078701.933801172534	1502032.123929467518	1.13397360573455286	-2.90346061045122550	-3.12419045486645208
264289115.182953417301	3179997.732342043426	-1078700.967567314627	1502089.124207482673	1.13395523592996073	-2.90346090122165545	-3.12418385467341508
264289115.201253414154	3179971.652388447896	-1078700.000939446269	1502146.124049161328	1.13393686625071233	-2.90346119211287990	-3.12417725450690664
264289115.219553411007	3179945.571548323147	-1078699.033992859768	1502203.123493319610	1.13391849645884246	-2.90346148314070573	-3.12417065428671448
264289115.237853407860	3179919.489786803257	-1078698.066624803003	1502260.122462552274	1.13390012679194507	-2.90346177428602914	-3.12416405409147258
264289115.256153434515	3179893.407031600829	-1078697.098869078560	1502317.121095831739	1.13388236742276183	-2.90346192941237469	-3.12415793501667771
264289115.274453431368	3179867.323474918958	-1078696.130765947979	1502374.119223852642	1.13386524037404746	-2.90346194361544452	-3.12415231437109098
264289115.292753428221	3179841.238966812845	-1078695.162275692448	1502431.116894999286	1.13384811343734704	-2.90346195790639428	-3.12414669373643017
264289115.311053425074	3179815.153580918442	-1078694.193388043204	1502488.114117812132	1.13383098639238256	-2.90346197231061209	-3.12414107305158240
264289115.329353421926	3179789.067261749413	-1078693.224133289186	1502545.110934447730	1.13381385946055557	-2.90346198681259926	-3.12413545238241808
264289115.347653418779	3179762.980037913192	-1078692.254539763089	1502602.107302865013	1.13379673241897105	-2.90346200141467126	-3.12412983165673275
264289115.365953415632	3179736.891937927343	-1078691.284561819397	1502659.103260238888	1.13377903207022968	-2.90346201915240698	-3.12412362476699101
264289115.384253412485	3179710.802894259803	-1078690.314182584640	1502716.098748853663	1.13376130449548951	-2.90346203715741824	-3.12411739010357881
264289115.402553409338	3179684.712950680405	-1078689.343412667979	1502773.093813131563	1.13374357703842010	-2.90346205527428225	-3.12411115545937967
264289115.420853406191	3179658.622095305473	-1078688.372295752633	1502830.088441184722	1.13372584946867949	-2.90346207350866159	-3.12410492075577784
264289115.439153432846	3179632.530281082727	-1078687.400794035988	1502887.082734586438	1.13370812201623927	-2.90346209185159854	-3.12409868606981034
264289115.457453429699	3179606.437633036170	-1078686.428903933149	1502944.076501960168	1.13369061597321208	-2.90346200337820370	-3.12409256061613583
264289115.475753426552	3179580.344053893350	-1078685.456631141715	1503001.069813988637	1.13367328218492514	-2.90346183190859986	-3.12408652010348220
264289115.494053423405	3179554.249574196059	-1078684.483994494192	1503058.062695623375	1.13365594828432181	-2.90346166054942900	-3.12408047952944257
264289115.512353420258	3179528.154784357175	-1078683.510716018267	1503115.055153843015	1.13363861449624714	-2.90346148929420744	-3.12407443896852621
264289115.530653417110	3179502.058484850917	-1078682.537293603877	1503172.047155673150	1.13362128059735534	-2.90346131816260700	-3.12406839835256855
264289115.548953413963	3179475.961286194623	-1078681.563538291259	1503229.038740633288	1.13360394602201353	-2.90346114734906280	-3.12406235709306079
264289115.567253410816	3179449.863163822331	-1078680.589390492765	1503286.029882014496	1.13358587842544001	-2.90346117871066456	-3.12405570694987000
264289115.585553407669	3179423.764122643974	-1078679.614878466353	1503343.020611052169	1.13356781094857739	-2.90346121018693371	-3.12404905682541623
264289115.603853434324	3179397.664175653365	-1078678.639989354182	1503400.010982746491	1.13354974335814829	-2.90346124179688614	-3.12404240664201005
264289115.622153431177	3179371.563334396109	-1078677.664718354121	1503457.000833396567	1.13353167577172753	-2.90346127353925487	-3.12403575644246301
264289115.640453428030	3179345.461592477281	-1078676.689092456596	1503513.990241767839	1.13351360830464776	-2.90346130539299452	-3.12402910626007602
264289115.658753424883	3179319.358910999261	-1078675.713040160015	1503570.979199205292	1.13349579571206016	-2.90346176605541650	-3.12402231270530883
264289115.677053421736	3179293.255345425103	-1078674.736635516398	1503627.967733717291	1.13347813834366251	-2.90346248757765268	-3.12401543201056953
264289115.695353418589	3179267.150864918716	-1078673.759859552374	1503684.955849943915	1.13346048087299289	-2.90346320923912016	-3.12400855126961918
264289115.713653415442	3179241.045491544995	-1078672.782710042549	1503741.943517952692	1.13344282352836023	-2.90346393101510669	-3.12400167056473821
264289115.731953412294	3179214.939185814466	-1078671.805137826828	1503798.930728968931	1.13342516608146004	-2.90346465293032807	-3.12399478981365242
264289115.750253409147	3179188.831980890129	-1078670.827237168327	1503855.917517174501	1.13340748055381946	-2.90346534750866292	-3.12398792996659092
264289115.768553406000	3179162.723888723645	-1078669.848959874827	1503912.903900391422	1.13338952297491158	-2.90346577759529811	-3.12398127128348158
264289115.786853432655	3179136.614808415063	-1078668.870290026069	1503969.889898371184	1.13337156540286976	-2.90346620779724995	-3.12397461258444498
264289115.805153429508	3179110.504888627212	-1078667.891249998240	1504026.875401786296	1.13335360795604956	-2.90346663812383543	-3.12396795391869064
264289115.823453426361	3179084.394048357382	-1078666.911837205756	1504083.860449626809	1.13333565040036266	-2.90346706857949144	-3.12396129519890753
264289115.841753423214	3179058.282308093272	-1078665.932042635279	1504140.845061244210	1.13331769296915175	-2.90346749915318858	-3.12395463650924077
264289115.860053420067	3179032.169664029498	-1078664.951868855394	1504197.829248521011	1.13329993159651421	-2.90346744574782578	-3.12394867596157155
264289115.878353416920	3179006.056723269168	-1078663.971020785859	1504254.812969038030	1.13328225352195711	-2.90346718715940399	-3.12394301148919018
264289115.896653413773	3178979.942247675266	-1078662.990095803980	1504311.796276513953	1.13326457533178493	-2.90346692867994927	-3.12393734695718894
264289115.914953410625	3178953.826876015868	-1078662.008777466603	1504368.779147767695	1.13324689725569927	-2.90346667030740857	-3.12393168243676067
264289115.933253407478	3178927.710581535008	-1078661.027115388308	1504425.761594793526	1.13322921906362728	-2.90346641204054379	-3.12392601785513202
264289115.951553434134	3178901.593354295008	-1078660.045050118351	1504482.743683173088	1.13321156967611003	-2.90346627725942197	-3.12392023682967412
264289115.969853430986	3178875.475267099682	-1078659.062623650301	1504539.725257638842	1.13319406663358757	-2.90346677241147244	-3.12391386130657978
264289115.988153427839	3178849.356245098636	-1078658.079812471988	1504596.706394580891	1.13317656371255460	-2.90346726766988006	-3.12390748581167399
264289116.006453424692	3178823.236346225720	-1078657.096652585547	1504653.687102539930	1.13315906068634265	-2.90346776305310961	-3.12390111026768036
264289116.024753421545	3178797.115511679091	-1078656.113059168449	1504710.667353626806	1.13314155778236980	-2.90346825854928392	-3.12389473475505230
264289116.043053418398	3178770.993772522081	-1078655.129126830492	1504767.647156492574	1.13312405477247280	-2.90346875416369299	-3.12388835919016872
264289116.061353415251	3178744.871158840600	-1078654.144827432698	1504824.626579663018	1.13310732498010269	-2.90346895200312938	-3.12388237470550312
264289116.079653412104	3178718.747596028727	-1078653.160120686516	1504881.605502726045	1.13309085846568447	-2.90346904846135700	-3.12387652339117938
264289116.097953408957	3178692.623145996593	-1078652.175037248991	1504938.584020801587	1.13307439206180938	-2.90346914501981823	-3.12387067209799341
264289116.116253405809	3178666.497764380649	-1078651.189588844776	1504995.562089358922	1.13305792555418750	-2.90346924168189746	-3.12386482075073735
264289116.134553432465	3178640.371458850801	-1078650.203753910493	1505052.539830505382	1.13304145905034126	-2.90346933844920096	-3.12385896938860697
264289116.152853429317	3178614.244269563351	-1078649.217555966927	1505109.517038495746	1.13302483810670163	-2.90346946365697756	-3.12385303819563998
264289116.171153426170	3178588.116184287705	-1078648.230960127199	1505166.493816206232	1.13300653245299809	-2.90346989801761302	-3.12384623661068295
264289116.189453423023	3178561.987176090013	-1078647.244029486785	1505223.470157807227	1.13298822692513435	-2.90347033249135356	-3.12383943505188144
264289116.207753419876	3178535.857301349286	-1078646.256688932655	1505280.446050959174	1.13296992128748331	-2.90347076710905183	-3.12383263344276019
264289116.226053416729	3178509.726449798793	-1078645.268957009306	1505337.421511347173	1.13295161577642212	-2.90347120184644325	-3.12382583186297369
264289116.244353413582	3178483.595403109677	-1078644.280610848917	1505394.396540108835	1.13293331015520238	-2.90347163672449904	-3.12381903023128649
264289116.262653410435	3178457.462747708894	-1078643.292126777116	1505451.371128047816	1.13291526306054990	-2.90347216013590925	-3.12381189380557345
264289116.280953407288	3178431.329199011438	-1078642.303282391047	1505508.345279535046	1.13289726600402885	-2.90347270084023013	-3.12380469234612068
264289116.299253433943	3178405.194703988731	-1078641.314080648124	1505565.319097899832	1.13287926907448844	-2.90347324167158227	-3.12379749092273640
264289116.317553430796	3178379.059337051120	-1078640.324476681417	1505622.292389052687	1.13286127203957410	-2.90347378265561185	-3.12379028945056358
264289116.335853427649	3178352.923080683686	-1078639.334505326347	1505679.265237814514	1.13284327513051952	-2.90347432375678727	-3.12378308800970306
264289116.354153424501	3178326.785913120955	-1078638.344168939628	1505736.237644521752	1.13282526280378271	-2.90347463913119430	-3.12377602334270765
264289116.372453421354	3178300.647852976341	-1078637.353440896841	1505793.209626777098	1.13280721530104289	-2.90347443394602323	-3.12376927410062821
264289116.390753418207	3178274.508846934885	-1078636.362335920567	1505850.181177564431	1.13278916768218396	-2.90347422889459184	-3.12376252479423355
264289116.409053415060	3178248.368974186480	-1078635.370834481902	1505907.152262079762	1.13277112018097315	-2.90347402396756271	-3.12375577550567041
264289116.427353411913	3178222.228178769816	-1078634.378980211215	1505964.122934251092	1.13275307256289803	-2.90347381916768787	-3.12374902614962169
264289116.445653408766	3178196.086461160332	-1078633.386759761488	1506021.093182310229	1.13273502506247370	-2.90347361449221486	-3.12374227681141026
264289116.463953405619	3178169.943853206467	-1078632.394127578009	1506078.062962684082	1.13271755393178664	-2.90347322828570986	-3.12373629579326462
264289116.482253432274	3178143.800276108552	-1078631.401176046813	1506135.032421930227	1.13270013857286944	-2.90347282460627776	-3.12373038908555323
264289116.500553429127	3178117.655864456203	-1078630.407782631228	1506192.001341738505	1.13268272332544573	-2.90347242104048853	-3.12372448239021727
264289116.518853425980	3178091.510491752066	-1078629.414040668635	1506248.969824252883	1.13266530796286435	-2.90347201758520823	-3.12371857563132682
264289116.537153422832	3178065.364253449254	-1078628.419933051104	1506305.937883614097	1.13264789271027899	-2.90347161423039202	-3.12371266887846266
264289116.555453419685	3178039.217119131703	-1078627.425431954209	1506362.905506748706	1.13263026175381043	-2.90347140997491682	-3.12370665187372776
264289116.573753416538	3178013.069042085204	-1078626.430578149622	1506419.872680479893	1.13261224276850170	-2.90347156405969820	-3.12370043649142248
264289116.592053413391	3177986.920065216720	-1078625.435333433328	1506476.839429870248	1.13259422367117857	-2.90347171827437611	-3.12369422105699002
264289116.610353410244	3177960.770802957006	-1078624.439397470094	1506533.805718329968	1.13257620469448606	-2.90347187259834394	-3.12368800564244209
264289116.628653407097	3177934.620009654202	-1078623.443386338651	1506590.771575919818	1.13255818560540833	-2.90347202704891627	-3.12368179017418468
264289116.646953433752	3177908.468273558654	-1078622.447015070124	1506647.737118100747	1.13254016663658730	-2.90347218160548293	-3.12367557472422686
264289116.665253430605	3177882.315687698778	-1078621.450234791962	1506704.702109073522	1.13252259217132023	-2.90347252410114365	-3.12367004837616191
264289116.683553427458	3177856.162175029982	-1078620.453131173272	1506761.666663937038	1.13250503011306325	-2.90347287187117331	-3.12366454109097669
264289116.701853424311	3177830.007750562858	-1078619.455595666310	1506818.630781162065	1.13248746794769461	-2.90347321976394657	-3.12365903376546727
264289116.720153421164	3177803.852418314666	-1078618.457701341016	1506875.594462165609	1.13246990590077834	-2.90347356774645160	-3.12365352645765126
264289116.738453418016	3177777.696187061258	-1078617.459469385212	1506932.557732240064	1.13245234374525205	-2.90347391583852454	-3.12364801910316014
264289116.756753414869	3177751.539058348164	-1078616.460817435523	1506989.520546624437	1.13243468259409008	-2.90347435634438078	-3.12364237968435532
264289116.775053411722	3177725.380994830746	-1078615.461785115069	1507046.482917542569	1.13241689425522862	-2.90347491533384794	-3.12363657086860869
264289116.793353408575	3177699.222047297284	-1078614.462400231743	1507103.444865535479	1.13239910603938432	-2.90347547442147524	-3.12363076207818935
264289116.811653405428	3177673.062165018637	-1078613.462630476337	1507160.406376005150	1.13238131771654871	-2.90347603362984863	-3.12362495324480216
264289116.829953432083	3177646.901342256926	-1078612.462475987384	1507217.367533770157	1.13236352940135410	-2.90347659294438376	-3.12361914440100952
264289116.848253428936	3177620.739623797126	-1078611.461917407811	1507274.328145088162	1.13234572864887761	-2.90347718509162744	-3.12361331626488914
264289116.866553425789	3177594.577072178479	-1078610.461029558908	1507331.288359956816	1.13232767299261283	-2.90347844133857036	-3.12360709618989008
264289116.884853422642	3177568.413554808125	-1078609.459751343820	1507388.248124120058	1.13230961746970316	-2.90347969768795178	-3.12360087615690807
264289116.903153419495	3177542.249132080469	-1078608.458080724115	1507445.207426650682	1.13229156184628321	-2.90348095416814900	-3.12359465609070330
264289116.921453416348	3177516.083853088319	-1078607.456047735410	1507502.166325494414	1.13227350635697022	-2.90348221075737056	-3.12358843606969971
264289116.939753413200	3177489.917631513905	-1078606.453652967000	1507559.124786815140	1.13225545076677392	-2.90348346747411545	-3.12358221601388930
264289116.958053410053	3177463.750505233649	-1078605.450838966062	1507616.082792562433	1.13223780638966742	-2.90348444964051833	-3.12357602047965166
264289116.976353406906	3177437.583079363219	-1078604.447406376945	1507673.040356841404	1.13222053989381477	-2.90348517937735640	-3.12356984740724331
264289116.994653433561	3177411.414086594246	-1078603.443848393392	1507729.997591712279	1.13220327340934723	-2.90348590923307048	-3.12356367433296755
264289117.012953430414	3177385.244244948961	-1078602.439930148190	1507786.954294729512	1.13218600704712014	-2.90348663918866823	-3.12355750129016752
264289117.031253427267	3177359.073488411959	-1078601.435644817306	1507843.910573518137	1.13216874058392625	-2.90348736926896134	-3.12355132820580694
264289117.049553424120	3177332.901815464720	-1078600.430970417801	1507900.866402674932	1.13215155592167172	-2.90348807943910225	-3.12354517800279119
264289117.067853420973	3177306.729246535804	-1078599.425902453018	1507957.821795610245	1.13213507012366810	-2.90348861852879825	-3.12353922331012379
264289117.086153417826	3177280.555776993744	-1078598.420483790338	1508014.776740323752	1.13211858443968971	-2.90348915770445304	-3.12353326864107439
264289117.104453414679	3177254.381369575858	-1078597.414655942237	1508071.731265449896	1.13210209865819822	-2.90348969700156445	-3.12352731393181138
264289117.122753411531	3177228.206061545294	-1078596.408477393677	1508128.685342358425	1.13208561299073285	-2.90349023638463288	-3.12352135924616947
264289117.141053408384	3177202.029853674583	-1078595.401912327157	1508185.638988984749	1.13206912722538089	-2.90349077588586546	-3.12351540451872767
264289117.159353435040	3177175.852705223951	-1078594.394971456612	1508242.592271027155	1.13205161305368085	-2.90349125503419492	-3.12350899230620538
264289117.177653431892	3177149.674678707495	-1078593.387664312730	1508299.545063143363	1.13203276710501655	-2.90349165606755877	-3.12350198768679510
264289117.195953428745	3177123.495759433601	-1078592.379983337596	1508356.497407041490	1.13201392128628520	-2.90349205722841797	-3.12349498309700335
264289117.214253425598	3177097.315927686635	-1078591.371901698876	1508413.449301305227	1.13199507535370136	-2.90349245853729965	-3.12348797845296344
264289117.232553422451	3177071.135196853429	-1078590.363491322380	1508470.400772756431	1.13197622955067922	-2.90349285997038331	-3.12348097383695888
264289117.250853419304	3177044.953561458271	-1078589.354652661830	1508527.351800513454	1.13195762960326407	-2.90349324536199793	-3.12347395357184032
264289117.269153416157	3177018.771003277507	-1078588.345474488568	1508584.302398106549	1.13194009008114005	-2.90349356105324619	-3.12346686609432123
