368561016.821704983711 0.000087750000
368561016.821704983711	-2742180.563316763379	2407157.092034451198	-290663.179213471944	1.51084577142792709	0.45754705306429416	2.97772270753315338
368561016.839254975319	-2742179.756370856892	2407166.066027385648	-290603.390243991977	1.51086344808531625	0.45755015502990454	2.97773439496537229
368561016.856804966927	-2742178.947367212269	2407175.039598507341	-290543.601572756423	1.51088112480440717	0.45755325681473252	2.97774608249363881
368561016.874354958534	-2742178.137623226736	2407184.012519279495	-290483.812839124294	1.51089880158530332	0.45755635841514736	2.97775777011818876
368561016.891905009747	-2742177.327120529488	2407192.984815744683	-290424.023836164910	1.51091647854810751	0.45755945985103946	2.97776945791848879
368561016.909455001354	-2742176.515861877240	2407201.956422506832	-290364.234952064871	1.51093415545271248	0.45756256107898469	2.97778114573584052
368561016.927004992962	-2742175.703849128913	2407210.927405325696	-290304.445966367668	1.51095191584235655	0.45756563371360759	2.97779295791242848
368561016.944554984570	-2742174.891044839751	2407219.897728787269	-290244.656913268496	1.51096989445820151	0.45756863186122154	2.97780509515196501
368561016.962104976177	-2742174.077510730829	2407228.867414048407	-290184.867792310542	1.51098787313533456	0.45757162980674793	2.97781723248744878
368561016.979654967785	-2742173.263234853745	2407237.836428674404	-290125.078581866575	1.51100585187364400	0.45757462755381462	2.97782936991863290
368561016.997204959393	-2742172.448177345563	2407246.804809871595	-290065.289310439781	1.51102383067291246	0.45757762510968175	2.97784150744503018
368561017.014755010605	-2742171.632381197065	2407255.772580807563	-290005.499754250166	1.51104180953313616	0.45758062247434850	2.97785364506663397
368561017.032305002213	-2742170.815816254821	2407264.739659013227	-289945.710286506277	1.51105936290700837	0.45758357158359197	2.97786540117582232
368561017.049854993820	-2742169.998480669223	2407273.706125951838	-289885.920774896920	1.51107668690973806	0.45758649461495382	2.97787695163602173
368561017.067404985428	-2742169.180391734000	2407282.671913852450	-289826.131168569205	1.51109401096963958	0.45758941746044501	2.97788850218669143
368561017.084954977036	-2742168.361562488601	2407291.637051364407	-289766.341499843053	1.51111133508649598	0.45759234012732580	2.97790005282734294
368561017.102504968643	-2742167.541986540426	2407300.601556827314	-289706.551751374733	1.51112865926041051	0.45759526261196332	2.97791160355821427
368561017.120054960251	-2742166.721628922503	2407309.565406681970	-289646.761892981187	1.51114598349116669	0.45759818492161908	2.97792315437881694
368561017.137605011463	-2742165.900510630105	2407318.528647864703	-289586.971798997198	1.51116385178432888	0.45760125522035794	2.97793518796112089
368561017.155155003071	-2742165.078629048541	2407327.491207383573	-289527.181802017381	1.51118179416781406	0.45760434550756457	2.97794728735137859
368561017.172704994678	-2742164.256015631370	2407336.453122172039	-289467.391721971566	1.51119973661449158	0.45760743559368366	2.97795938683977424
368561017.190254986286	-2742163.432647962589	2407345.414369802922	-289407.601591641433	1.51121767912403637	0.45761052548960862	2.97797148642557774
368561017.207804977894	-2742162.608479434159	2407354.374999312218	-289347.811352567980	1.51123562169644599	0.45761361519533755	2.97798358610878422
368561017.225354969501	-2742161.783594231587	2407363.334955765866	-289288.021047775401	1.51125334099387065	0.45761671688277733	2.97799549077799197
368561017.242904961109	-2742160.957942776848	2407372.294293611310	-289228.230648034485	1.51127040060736229	0.45761985438163194	2.97800681917725418
368561017.260455012321	-2742160.131529217586	2407381.253002501559	-289168.439985613746	1.51128746028124517	0.45762299171163628	2.97801814767012640
368561017.278005003929	-2742159.304326530080	2407390.211002684198	-289108.649459627050	1.51130452001551663	0.45762612887278686	2.97802947625660774
368561017.295554995537	-2742158.476414617151	2407399.168406199664	-289048.858819702873	1.51132157981049331	0.45762926585418939	2.97804080493741452
368561017.313104987144	-2742157.647733433638	2407408.125129555818	-288989.068130907777	1.51133863966606596	0.45763240265947158	2.97805213371230426
368561017.330654978752	-2742156.818286913447	2407417.081204866059	-288929.277355951839	1.51135616858693878	0.45763548972714940	2.97806384686251269
368561017.348204970360	-2742155.988085866906	2407426.036628643051	-288869.486510040588	1.51137426306805733	0.45763851683764478	2.97807602345307876
368561017.365754961967	-2742155.157129887026	2407434.991457823664	-288809.695553744154	1.51139235761111945	0.45764154375505195	2.97808820014021292
368561017.383305013180	-2742154.325415376574	2407443.945621326566	-288749.904346881725	1.51141045233938454	0.45764457048786289	2.97810037700742125
368561017.400855004787	-2742153.492933564819	2407452.899112307001	-288690.113255553995	1.51142854700664331	0.45764759700819374	2.97811255388839902
368561017.418404996395	-2742152.660957031883	2407461.851732605603	-288630.321710278862	1.51144664173594134	0.45765062333179957	2.97812473086617091
368561017.435954988003	-2742151.826987150591	2407470.803905133158	-288570.530470393132	1.51146427430476504	0.45765356365259230	2.97813665419289952
368561017.453504979610	-2742150.992224595044	2407479.755463294219	-288510.739133648458	1.51148183160058647	0.45765648980627988	2.97814853625628650
368561017.471054971218	-2742150.156733980402	2407488.706365625374	-288450.947727859544	1.51149938895454250	0.45765941577372660	2.97816041841110080
368561017.488604962826	-2742149.320466389414	2407497.656674958766	-288391.156260859338	1.51151694636641731	0.45766234156219299	2.97817230065685790
368561017.506154954433	-2742148.483458320610	2407506.606286021415	-288331.364680607512	1.51153450383673804	0.45766526715351780	2.97818418299475551
368561017.523705005646	-2742147.645667519886	2407515.555267799180	-288271.572864995978	1.51155203897271173	0.45766819185873742	2.97819604988202480
368561017.541254997253	-2742146.807138738222	2407524.503608642612	-288211.781118840678	1.51156933844594699	0.45767110880378492	2.97820775327719423
368561017.558804988861	-2742145.967841622420	2407533.451239866670	-288151.989332602418	1.51158663797636095	0.45767402556446740	2.97821945676245514
368561017.576354980469	-2742145.127798652742	2407542.398250842933	-288092.197456650203	1.51160393756373979	0.45767694214804555	2.97823116033732438
368561017.593904972076	-2742144.286985430401	2407551.344652332366	-288032.405504278140	1.51162123720807928	0.45767985855451637	2.97824286400179883
368561017.611454963684	-2742143.445421278011	2407560.290365542751	-287972.613493064302	1.51163853690958905	0.45768277477661717	2.97825456775635189
368561017.629004955292	-2742142.603106393944	2407569.235433639959	-287912.821371695609	1.51165600818863410	0.45768561874161556	2.97826660567834622
368561017.646555006504	-2742141.760031389538	2407578.179920506198	-287853.028984093748	1.51167386006270887	0.45768830261918236	2.97827938488079980
368561017.664104998112	-2742140.916186578572	2407587.123700796627	-287793.236727463664	1.51169171199185826	0.45769098628573052	2.97829216417092812
368561017.681654989719	-2742140.071609886829	2407596.066877572332	-287733.444369005621	1.51170956397586687	0.45769366974851861	2.97830494354824848
368561017.699204981327	-2742139.226240114309	2407605.009331439156	-287673.651967371814	1.51172741601462457	0.45769635301117928	2.97831772301251529
368561017.716754972935	-2742138.380128918681	2407613.951179890428	-287613.859473882942	1.51174526810833876	0.45769903606644574	2.97833050256420240
368561017.734304964542	-2742137.533259151503	2407622.892363762483	-287554.066879025660	1.51176318129344622	0.45770200856842486	2.97834271942154061
368561017.751854956150	-2742136.685652968939	2407631.832925774623	-287494.274231516116	1.51178112185978053	0.45770511051819585	2.97835468447938645
368561017.769405007362	-2742135.837263744324	2407640.772851943970	-287434.481279031141	1.51179906261098029	0.45770821229622488	2.97836664971641651
368561017.786954998970	-2742134.988116862252	2407649.712129593827	-287374.688481053221	1.51181700330303714	0.45771131386997965	2.97837861496944578
368561017.804504990578	-2742134.138226273935	2407658.650729987305	-287314.895578383817	1.51183494405816132	0.45771441524846185	2.97839058032053794
368561017.822054982185	-2742133.287577178795	2407667.588687954005	-287255.102623289742	1.51185286925718221	0.45771751022915086	2.97840255334111337
368561017.839604973793	-2742132.436165473424	2407676.525990508497	-287195.309585358249	1.51187044927034187	0.45772046783678655	2.97841469382236745
368561017.857154965401	-2742131.583990257233	2407685.462667073589	-287135.516455803299	1.51188802934287114	0.45772342525385740	2.97842683439617728
368561017.874704957008	-2742130.731075744610	2407694.398663702421	-287075.723272637988	1.51190560947476715	0.45772638248035880	2.97843897506254018
368561017.892255008221	-2742129.877387203276	2407703.334079833236	-287015.929782130814	1.51192318966591976	0.45772933951992273	2.97845111582121191
368561017.909804999828	-2742129.022946586832	2407712.268795042764	-286956.136424503929	1.51194076991653747	0.45773229636528218	2.97846325667266631
368561017.927354991436	-2742128.167750916909	2407721.202872401569	-286896.343007805175	1.51195842669577418	0.45773526299596939	2.97847540557856316
368561017.944904983044	-2742127.311775445472	2407730.136316157877	-286836.549475717475	1.51197626869311819	0.45773825358016595	2.97848757385737439
368561017.962454974651	-2742126.455079353880	2407739.069095926825	-286776.755896439252	1.51199411075137480	0.45774124396325333	2.97849974223132463
368561017.980004966259	-2742125.598871718161	2407748.001011152286	-286716.961851332395	1.51201195287022383	0.45774423415612453	2.97851191069969223
368561017.997554957867	-2742124.740638736170	2407756.932512961794	-286657.168082385848	1.51202979504976764	0.45774722415514574	2.97852407926271256
368561018.015105009079	-2742123.881656375248	2407765.863323362079	-286597.374083540926	1.51204763741144133	0.45775021397218585	2.97853624800359196
368561018.032655000687	-2742123.021919724531	2407774.793548618443	-286537.580160573707	1.51206549669625034	0.45775310078267106	2.97854825049261462
368561018.050204992294	-2742122.161414083093	2407783.723119247239	-286477.786190645711	1.51208336457023296	0.45775593576744994	2.97856016954967417
368561018.067754983902	-2742121.300152084790	2407792.651990439277	-286417.992153316620	1.51210123250127215	0.45775877055484215	2.97857208869776624
368561018.085304975510	-2742120.438138515223	2407801.580245867372	-286358.197997043608	1.51211910048925935	0.45776160514847652	2.97858400793664968
368561018.102854967117	-2742119.575385070872	2407810.507835098542	-286298.403799044318	1.51213696853398027	0.45776443955561474	2.97859592726584266
368561018.120404958725	-2742118.711845748592	2407819.434793391731	-286238.609488981427	1.51215483663553685	0.45776727377262377	2.97860784668557921
368561018.137955009937	-2742117.847544737160	2407828.361106942873	-286178.814936907904	1.51217277331278699	0.45777035265191762	2.97861984406304803
368561018.155505001545	-2742116.982506786473	2407837.286772202700	-286119.020512022660	1.51219071809508843	0.45777346006881431	2.97863185067784997
368561018.173054993153	-2742116.116701269522	2407846.211798438802	-286059.225965100748	1.51220866294058354	0.45777656729335831	2.97864385739068993
368561018.190604984760	-2742115.250157642644	2407855.136180603411	-285999.431370988081	1.51222660784926877	0.45777967432554723	2.97865586420156347
368561018.208154976368	-2742114.382832620759	2407864.059865688439	-285939.636685709935	1.51224455282124581	0.45778278116174809	2.97866787111070286
368561018.225704967976	-2742113.514771422837	2407872.982954487670	-285879.841949689318	1.51226244725882664	0.45778587885784511	2.97867980748566508
368561018.243254959583	-2742112.645911926869	2407881.905352369417	-285820.047110617685	1.51228017753401311	0.45778894730059039	2.97869151470712223
368561018.260805010796	-2742111.776332620066	2407890.827155758627	-285760.251993203594	1.51229790799124908	0.45779201556682464	2.97870322210461769
368561018.278355002403	-2742110.905962811783	2407899.748293478973	-285700.457015319203	1.51231563838886207	0.45779508364262628	2.97871492951729167
368561018.295904994011	-2742110.034890432842	2407908.668774735183	-285640.661959602556	1.51233336884804981	0.45779815152224235	2.97872663702639651
368561018.313454985619	-2742109.163024351001	2407917.588605574332	-285580.866800608404	1.51235109936838974	0.45780121922019712	2.97873834463098053
368561018.331004977226	-2742108.290399830323	2407926.507793901488	-285521.071589188999	1.51236895956668715	0.45780431985189723	2.97875024482621198
368561018.348554968834	-2742107.417035779916	2407935.426317872014	-285461.276303491322	1.51238695457734007	0.45780745471827033	2.97876234523665939
368561018.366104960442	-2742106.542892160360	2407944.344233821612	-285401.480904314900	1.51240494965179173	0.45781058940113167	2.97877444574548145
368561018.383655011654	-2742105.668000058271	2407953.261509866454	-285341.685260989820	1.51242294479045647	0.45781372388595110	2.97878654635362139
368561018.401205003262	-2742104.792346893344	2407962.178110539913	-285281.889729876188	1.51244093999333140	0.45781685817272827	2.97879864706107345
368561018.418754994869	-2742103.915955121163	2407971.094017415307	-285222.094133269566	1.51245893526041297	0.45781999226145809	2.97881074786783451
368561018.436304986477	-2742103.038791152183	2407980.009308185894	-285162.298445040942	1.51247612333606818	0.45782288751426164	2.97882261553750505
368561018.453854978085	-2742102.160860610660	2407988.923952629790	-285102.502692505135	1.51249319904076618	0.45782574934946957	2.97883445081247533
368561018.471404969692	-2742101.282188920770	2407997.838017188478	-285042.706850024872	1.51251027480094824	0.45782861101151473	2.97884628617453817
368561018.488954961300	-2742100.402755444869	2408006.751371159684	-284982.910931586055	1.51252735061713328	0.45783147248223810	2.97885812162486863
368561018.506505012512	-2742099.522550131194	2408015.664070038125	-284923.114744047751	1.51254442660502764	0.45783433379079452	2.97886995724322601
368561018.524055004120	-2742098.641589262988	2408024.576104604639	-284863.318677279749	1.51256153866220067	0.45783720189239774	2.97888177703776913
368561018.541604995728	-2742097.759894325864	2408033.487566850148	-284803.522521753621	1.51257896678362691	0.45784013089855530	2.97889345846198728
368561018.559154987335	-2742096.878693017643	2408042.398084603716	-284743.725909413770	1.51259639496273346	0.45784305971934885	2.97890513997718775
368561018.576704978943	-2742095.995468778536	2408051.308179640677	-284683.929609111801	1.51261382319930893	0.45784598836204166	2.97891682158289406
368561018.594254970551	-2742095.111485713627	2408060.217689075042	-284624.133216956805	1.51263125149334954	0.45784891682663142	2.97892850327910175
368561018.611804962158	-2742094.226755429059	2408069.126473360695	-284564.336778069672	1.51264867984516527	0.45785184510221982	2.97894018506651559
368561018.629355013371	-2742093.341262193397	2408078.034699195065	-284504.540048955940	1.51266613784997528	0.45785487054302831	2.97895188236688258
368561018.646905004978	-2742092.455010590144	2408086.942242332269	-284444.743435379467	1.51268365103156555	0.45785807705817666	2.97896360848489739
368561018.664454996586	-2742091.567997403443	2408095.849100502674	-284384.946747750510	1.51270116427699630	0.45786128339000376	2.97897533470111542
368561018.682004988194	-2742090.680231624749	2408104.755329066887	-284325.149983705138	1.51271867758636747	0.45786448953487835	2.97898706101576538
368561018.699554979801	-2742089.791689276695	2408113.660926625133	-284265.353130174859	1.51273619095926026	0.45786769550732342	2.97899878742790269
368561018.717104971409	-2742088.902406061999	2408122.565861664247	-284205.556224220316	1.51275370439619139	0.45787090128917896	2.97901051393870020
368561018.734654963017	-2742088.012385908980	2408131.470166296698	-284145.759228551702	1.51277162219976535	0.45787410288856295	2.97902256483543981
368561018.752204954624	-2742087.121605936904	2408140.373808084987	-284085.962153368862	1.51278977560322181	0.45787730195892312	2.97903480475322668
368561018.769755005836	-2742086.230045099743	2408149.276820365805	-284026.164788419264	1.51280792919622309	0.45788050085145010	2.97904704485590921
368561018.787304997444	-2742085.337741607800	2408158.179171299562	-283966.367574651493	1.51282608273197905	0.45788369952865804	2.97905928497681582
368561018.804854989052	-2742084.444667489734	2408167.080862870906	-283906.570266164839	1.51284423633393095	0.45788689800747123	2.97907152519939267
368561018.822404980659	-2742083.550822139252	2408175.981908848044	-283846.772874841234	1.51286237326008943	0.45789010666014601	2.97908376422313381
368561018.839954972267	-2742082.656244574580	2408184.882323606871	-283786.975412332802	1.51288031214744123	0.45789343780401365	2.97909598796401287
368561018.857504963875	-2742081.760920840781	2408193.782090394758	-283727.177890754072	1.51289825110345144	0.45789676875209212	2.97910821180893093
368561018.875054955482	-2742080.864821001887	2408202.681186722592	-283667.380265896558	1.51291619012822109	0.45790009950074656	2.97912043575812024
368561018.892605006695	-2742079.967970261816	2408211.579675999936	-283607.582395476347	1.51293412922133119	0.45790343006450118	2.97913265981063757
368561018.910154998302	-2742079.070344890468	2408220.477474940475	-283547.784616826684	1.51295206838329666	0.45790676042519518	2.97914488396765131
368561018.927704989910	-2742078.171977946069	2408229.374666399788	-283487.986778876104	1.51296998624945456	0.45791003092690147	2.97915706437854455
368561018.945254981518	-2742077.272849153727	2408238.271188499406	-283428.188846206001	1.51298785554823523	0.45791316540796217	2.97916914507184183
368561018.962804973125	-2742076.372968109325	2408247.167065298650	-283368.390857788909	1.51300572491082064	0.45791629969628889	2.97918122586359013
368561018.980354964733	-2742075.472322567832	2408256.062280009035	-283308.592771326192	1.51302359433720746	0.45791943379187766	2.97919330675378635
368561018.997904956341	-2742074.570933536161	2408264.956839443184	-283248.794629116426	1.51304146382749583	0.45792256769109724	2.97920538774265786
368561019.015455007553	-2742073.668777020648	2408273.850799858104	-283188.996196909575	1.51305933350299182	0.45792570141768912	2.97921746891210493
368561019.033004999161	-2742072.765867683105	2408282.744088596199	-283129.197888797091	1.51307685501717470	0.45792894640259230	2.97923008542659362
368561019.050554990768	-2742071.862186532002	2408291.636745482683	-283069.399509729701	1.51309421811561284	0.45793224194475923	2.97924294576306936
368561019.068104982376	-2742070.957763128914	2408300.528719522059	-283009.601051148609	1.51311158128239720	0.45793553727657643	2.97925580620109587
368561019.085654973984	-2742070.052590925246	2408309.420052839443	-282949.802530171582	1.51312894451711077	0.45793883241257255	2.97926866673973123
368561019.103204965591	-2742069.146633887663	2408318.310725635383	-282890.003905917634	1.51314630781985304	0.45794212734911144	2.97928152737920682
368561019.120754957199	-2742068.241204497870	2408327.200548183173	-282830.204827486770	1.51316367119072392	0.45794542208255901	2.97929438811975134
368561019.138305008411	-2742067.333747206721	2408336.090004456230	-282770.405853933888	1.51318153942721456	0.45794849116729808	2.97930655946933998
368561019.155855000019	-2742066.425512474962	2408344.978734462056	-282710.607020139170	1.51319945540037448	0.45795153876153283	2.97931866579868521
368561019.173404991627	-2742065.516548714135	2408353.866853441112	-282650.808087843179	1.51321737143566892	0.45795458615848761	2.97933077222471532
368561019.190954983234	-2742064.606814194936	2408362.754269822501	-282591.009112139756	1.51323528753298975	0.45795763336179146	2.97934287874719184
368561019.208504974842	-2742063.696323063690	2408371.641043527983	-282531.210029605310	1.51325320369243799	0.45796068036780885	2.97935498536634524
368561019.226054966450	-2742062.785086828750	2408380.527246416081	-282471.410875658214	1.51327100069054943	0.45796380823301269	2.97936703397129499
368561019.243604958057	-2742061.873076886870	2408389.412769627757	-282411.611654309381	1.51328846609265844	0.45796716136675092	2.97937892102209823
368561019.261155009270	-2742060.960310069844	2408398.297624959145	-282351.812160538451	1.51330593168083571	0.45797051433311320	2.97939080825579650
368561019.278705000877	-2742060.046806171071	2408407.181847472675	-282292.012773286842	1.51332339721774112	0.45797386708889160	2.97940269551074710
368561019.296254992485	-2742059.132539256010	2408416.065428116824	-282232.213315079862	1.51334086282183389	0.45797721966295052	2.97941458286729999
368561019.313804984093	-2742058.217504743021	2408424.948326381855	-282172.413786148129	1.51335832849321372	0.45798057205165599	2.97942647032568386
368561019.331354975700	-2742057.301723830868	2408433.830592247657	-282112.614177473937	1.51337597822582848	0.45798380023534868	2.97943839942348054
368561019.348904967308	-2742056.385177859571	2408442.712209742982	-282052.814482638729	1.51339379962982790	0.45798691256615992	2.97945036736070534
368561019.366454958916	-2742055.467868878040	2408451.593185361940	-281993.014716850186	1.51341162109670968	0.45799002471019179	2.97946233539524385
368561019.384005010128	-2742054.549806230236	2408460.473535486031	-281933.214700264682	1.51342944274776237	0.45799313668014274	2.97947430360892751
368561019.401555001736	-2742053.631011481397	2408469.353214161936	-281873.414780453662	1.51344726434080901	0.45799624843607734	2.97948627183901449
368561019.419104993343	-2742052.711433376186	2408478.232252536807	-281813.614784454345	1.51346508599672713	0.45799936000522623	2.97949824016640230
368561019.436654984951	-2742051.791101942770	2408487.110609621741	-281753.814726288256	1.51348246679850429	0.45800271507751567	2.97951050976880660
368561019.454204976559	-2742050.870018025860	2408495.988336976152	-281694.014591704647	1.51349979526374012	0.45800609891985011	2.97952281526986251
368561019.471754968166	-2742049.948156734928	2408504.865462627262	-281634.214358848112	1.51351712379732573	0.45800948258266766	2.97953512087258110
368561019.489304959774	-2742049.025559648406	2408513.741887026466	-281574.414063823293	1.51353445239977180	0.45801286604780461	2.97954742657812099
368561019.506855010986	-2742048.102191700134	2408522.617707738187	-281514.613485451264	1.51355178107076660	0.45801624932615737	2.97955973238577920
368561019.524405002594	-2742047.178075581323	2408531.492897202261	-281454.813030943333	1.51356912493713613	0.45801958154041128	2.97957195827175836
368561019.541954994202	-2742046.253210326657	2408540.367354879621	-281395.012514497910	1.51358657934368934	0.45802254200916370	2.97958359980383580
368561019.559504985809	-2742045.327587284613	2408549.241197376512	-281335.211914985848	1.51360403380839359	0.45802550230016903	2.97959524142732235
368561019.577054977417	-2742044.401194865350	2408558.114416299853	-281275.411227173230	1.51362148833134902	0.45802846240979483	2.97960688314244537
368561019.594604969025	-2742043.474040986504	2408566.986950110178	-281215.610465311329	1.51363894291255163	0.45803142233803906	2.97961852494919999
368561019.612154960632	-2742042.546134944074	2408575.858838518150	-281155.809647701739	1.51365639755199854	0.45803438208489883	2.97963016684758397
368561019.629705011845	-2742041.617466692347	2408584.730154538061	-281096.008527983504	1.51367416009374978	0.45803741606929788	2.97964219736614799
368561019.647255003452	-2742040.688050183468	2408593.600732657593	-281036.207553257991	1.51369247912632199	0.45804058439325712	2.97965493044506680
368561019.664804995060	-2742039.757889371365	2408602.470684811007	-280976.406513996830	1.51371079822594812	0.45804375250527046	2.97966766362638458
368561019.682354986668	-2742038.826955393422	2408611.339984746184	-280916.605376693245	1.51372911739241967	0.45804692041259987	2.97968039690963282
368561019.699904978275	-2742037.896508611739	2408620.208463213407	-280856.803776654939	1.51374743662563049	0.45805008811887493	2.97969313029457572
368561019.717454969883	-2742036.964059227146	2408629.076491442043	-280797.002491976833	1.51376575592598539	0.45805325560956295	2.97970586378213564
368561019.735004961491	-2742036.030855116434	2408637.943818070926	-280737.201118044846	1.51378382333023653	0.45805645723668448	2.97971827374631548
368561019.752555012703	-2742035.096907159779	2408646.810586385895	-280677.399480974826	1.51380178035829416	0.45805967372843659	2.97973054195734877
368561019.770105004311	-2742034.162192234769	2408655.676681799348	-280617.597959440667	1.51381973745270493	0.45806289001985301	2.97974281026981735
368561019.787654995918	-2742033.226718539372	2408664.542084783781	-280557.796367181232	1.51383769461346485	0.45806610611093179	2.97975507868371503
368561019.805204987526	-2742032.290475666523	2408673.406889807433	-280497.994688530511	1.51385565184016202	0.45806932201619771	2.97976734719811542
368561019.822754979134	-2742031.353483930696	2408682.271028339397	-280438.192945574410	1.51387353650834400	0.45807255058047242	2.97977961332525698
368561019.840304970741	-2742030.415744111873	2408691.134512248915	-280378.391128340329	1.51389068492189027	0.45807590936681442	2.97979185431907601
368561019.857854962349	-2742029.477244628593	2408699.997333139647	-280318.589231592778	1.51390783340308910	0.45807926796208004	2.97980409541386360
368561019.875404953957	-2742028.537988303695	2408708.859509379137	-280258.787260566372	1.51392498195173331	0.45808262637353253	2.97981633660915479
368561019.892955005169	-2742027.597947220784	2408717.721065110527	-280198.985018302687	1.51394213068443784	0.45808598461917543	2.97982857798840062
368561019.910504996777	-2742026.657186834142	2408726.581993623171	-280139.182884468231	1.51395927936816777	0.45808934265572798	2.97984081938514933
368561019.928054988384	-2742025.715647642966	2408735.442215622403	-280079.380695344298	1.51397671125397704	0.45809259637551775	2.97985300592868896
368561019.945604979992	-2742024.773349278141	2408744.301802112255	-280019.578396065510	1.51399472776134036	0.45809563491869926	2.97986507911275034
368561019.963154971600	-2742023.830311527476	2408753.160787450615	-279959.776052691275	1.51401274433059529	0.45809867327131765	2.97987715239325945
368561019.980704963207	-2742022.886506883893	2408762.019076530822	-279899.973626709660	1.51403076096194189	0.45810171142610601	2.97988922577067239
368561019.998254954815	-2742021.941937401425	2408770.876675838605	-279840.171133327414	1.51404877765537638	0.45810474938306173	2.97990129924498470
368561020.015805006027	-2742020.996619100682	2408779.733733233064	-279780.368337607593	1.51406679441058967	0.45810778715308020	2.97991337281550139
368561020.033354997635	-2742020.050533550326	2408788.590115809813	-279720.565689974348	1.51408459984042332	0.45811091387086794	2.97992538842231802
368561020.050904989243	-2742019.103698032442	2408797.445795941167	-279660.762971616350	1.51410231595370948	0.45811407808123594	2.97993737957829641
368561020.068454980850	-2742018.156118450221	2408806.300893218257	-279600.960137411195	1.51412003213106372	0.45811724209831400	2.97994937083290257
368561020.086004972458	-2742017.207763525657	2408815.155288544483	-279541.157241267210	1.51413774837227977	0.45812040592936332	2.97996136218567376
368561020.103554964066	-2742016.258656503167	2408824.009038392454	-279481.354289377341	1.51415546467745532	0.45812356957075079	2.97997335363683469
368561020.121104955673	-2742015.308806017973	2408832.862174081616	-279421.551262978232	1.51417318104648557	0.45812673302610568	2.97998534518615177
368561020.138655006886	-2742014.358179886825	2408841.714681115933	-279361.747932789032	1.51419102911661185	0.45812983101744631	2.97999730506835059
368561020.156204998493	-2742013.406793529168	2408850.566481205169	-279301.944756152574	1.51420888713905399	0.45813292383972876	2.98000926254152576
368561020.173754990101	-2742012.454674234614	2408859.417679288890	-279242.141499544436	1.51422674522422729	0.45813601646774538	2.98002122011215365
368561020.191304981709	-2742011.501782883890	2408868.268154349644	-279182.338172440242	1.51424460337212841	0.45813910890149440	2.98003317778022891
368561020.208854973316	-2742010.548138113227	2408877.118070282508	-279122.534741371288	1.51426246158255062	0.45814220114823739	2.98004513554528883
368561020.226404964924	-2742009.593720979989	2408885.967261309735	-279062.731272357050	1.51428031124130036	0.45814528256868192	2.98005715725748521
368561020.243954956532	-2742008.638565293048	2408894.815880540758	-279002.927696055151	1.51429813612766617	0.45814833312315911	2.98006936314614412
368561020.261505007744	-2742007.683895018883	2408903.663607147057	-278943.123462429212	1.51431596107616118	0.45815138348337675	2.98008156913099853
368561020.279054999352	-2742006.727219500113	2408912.510913987644	-278883.319738983817	1.51433378608688396	0.45815443364569974	2.98009377521227492
368561020.296604990959	-2742005.769787813537	2408921.357562333345	-278823.515929376532	1.51435161115972883	0.45815748361375858	2.98010598138973792
368561020.314154982567	-2742004.811607632320	2408930.203528458253	-278763.712076133525	1.51436943629479370	0.45816053338391916	2.98011818766361269
368561020.331704974174	-2742003.852656421252	2408939.048848751932	-278703.908140054205	1.51438724996670682	0.45816365492910427	2.98013027606132175
368561020.349254965782	-2742002.892946617212	2408947.893583163619	-278644.104112121335	1.51440505367693312	0.45816683888858334	2.98014226193491272
368561020.366804957390	-2742001.932479037438	2408956.737595629413	-278584.300022249867	1.51442285745184946	0.45817002265392015	2.98015424790806938
368561020.384355008602	-2742000.971251394600	2408965.581042081118	-278524.495645476214	1.51444066141231692	0.45817320624919750	2.98016623406204850
368561020.401905000210	-2742000.009283458348	2408974.423769959249	-278464.691404908313	1.51445846531650097	0.45817638962987578	2.98017822023409495
368561020.419454991817	-2741999.046563038137	2408983.265909254085	-278404.887069164019	1.51447626928516188	0.45817957282367033	2.98019020650523636
368561020.437004983425	-2741998.083057783078	2408992.107344642747	-278345.082681453263	1.51449400889266705	0.45818245504444144	2.98020255360243747
368561020.454554975033	-2741997.118824591860	2409000.948139374144	-278285.278204027913	1.51451174171893177	0.45818530513452455	2.98021493908592694
368561020.472104966640	-2741996.153798808344	2409009.788317386527	-278225.473662297183	1.51452947460268783	0.45818815503938604	2.98022732465946083
368561020.489654958248	-2741995.188028311357	2409018.627819614485	-278165.669037729676	1.51454720754443639	0.45819100474086083	2.98023971032417689
368561020.507205009460	-2741994.221519645769	2409027.466711026616	-278105.864128398709	1.51456494054387036	0.45819385424984377	2.98025209607938724
368561020.524755001068	-2741993.254249735270	2409036.304899203591	-278046.059361922264	1.51458263277218497	0.45819675554365885	2.98026440261666359
368561020.542304992676	-2741992.286218597554	2409045.142508748919	-277986.254500267038	1.51460006118878043	0.45819999264879574	2.98027619668440691
368561020.559854984283	-2741991.317416596692	2409053.979431128595	-277926.449574535829	1.51461748966998688	0.45820322956680481	2.98028799085102269
368561020.577404975891	-2741990.347858760506	2409062.815679321997	-277866.644583313726	1.51463491821559959	0.45820646630494655	2.98029978511605176
368561020.594954967499	-2741989.377567520365	2409071.651275752578	-277806.839493818639	1.51465234682591787	0.45820970285232188	2.98031157948017489
368561020.612504959106	-2741988.406508476939	2409080.486268713139	-277747.034343112318	1.51466977550063620	0.45821293921982620	2.98032337394270375
368561020.630055010319	-2741987.434683074243	2409089.320632973686	-277687.228911196580	1.51468737155034217	0.45821614452957871	2.98033526342333666
368561020.647605001926	-2741986.462111312430	2409098.154281310271	-277627.423618810775	1.51470523610825336	0.45821929999844702	2.98034730526411540
368561020.665154993534	-2741985.488781907596	2409106.987314294092	-277567.618243358738	1.51472310073028194	0.45822245527889066	2.98035934720362450
368561020.682704985142	-2741984.514690288343	2409115.819691412617	-277507.812785069982	1.51474096541652448	0.45822561036727449	2.98037138924208733
368561020.700254976749	-2741983.539814876392	2409124.651441795751	-277448.007262474683	1.51475883016677715	0.45822876527086065	2.98038343137904560
368561020.717804968357	-2741982.564229087904	2409133.482531535439	-277388.201650165429	1.51477669498153844	0.45823191997148682	2.98039547361562951
368561020.735354959965	-2741981.587869186886	2409142.312955135014	-277328.395982337475	1.51479452711060003	0.45823505801714337	2.98040754405292940
368561020.752905011177	-2741980.610742643941	2409151.142765664496	-277268.590012630273	1.51481234780889640	0.45823819009487582	2.98041962445143271
368561020.770455002785	-2741979.632866188884	2409159.971896957606	-277208.784170341445	1.51483016857108144	0.45824132197313933	2.98043170494856691
368561020.788004994392	-2741978.654223775025	2409168.800365904812	-277148.978284415323	1.51484798939685095	0.45824445366282829	2.98044378554364631
368561020.805554986000	-2741977.674827176146	2409177.628224070184	-277089.172308776353	1.51486581028610079	0.45824758516757452	2.98045586623643910
368561020.823104977608	-2741976.694670749363	2409186.455434708856	-277029.366232953151	1.51488358777658583	0.45825072915660697	2.98046793885337369
368561020.840654969215	-2741975.715051291510	2409195.281769363675	-276969.559723625949	1.51490089739985656	0.45825400951083656	2.98047992356042890
368561020.858204960823	-2741974.733375488315	2409204.107651784550	-276909.753521331353	1.51491820708865021	0.45825728968348461	2.98049190836659239
368561020.875755012035	-2741973.750951889902	2409212.932962726802	-276849.947025484638	1.51493551696067419	0.45826056969202200	2.98050389335356902
368561020.893305003643	-2741972.767773201689	2409221.757567686960	-276790.140669169661	1.51495282678070531	0.45826384949423415	2.98051587835839049
368561020.910854995251	-2741971.783850155771	2409230.581481146161	-276730.334250686166	1.51497013666645008	0.45826712910759304	2.98052786346276122
368561020.928404986858	-2741970.799153725151	2409239.404821300879	-276670.527743675397	1.51498764989257273	0.45827037681268984	2.98053989049433943
368561020.945954978466	-2741969.813699601218	2409248.227439418435	-276610.721174725972	1.51500555442490370	0.45827356325242413	2.98055199813242933
368561020.963504970074	-2741968.827492159791	2409257.049498285633	-276550.914501810214	1.51502345902227598	0.45827674950224556	2.98056410587031761
368561020.981054961681	-2741967.840543939732	2409265.870828940067	-276491.107778840815	1.51504136368498599	0.45827993555125635	2.98057621370867620
368561020.998605012894	-2741966.852821487002	2409274.691592372488	-276431.300760410959	1.51505926841263028	0.45828312141398342	2.98058832164659737
368561021.016155004501	-2741965.864344260190	2409283.511634150054	-276371.493902179936	1.51507717320550528	0.45828630707952644	2.98060042968475569
368561021.033704996109	-2741964.875103818718	2409292.331090731546	-276311.686933565186	1.51509504179975063	0.45828922408885220	2.98061246189570817
368561021.051254987717	-2741963.885123455897	2409301.149870645721	-276251.879900644533	1.51511289627224843	0.45829203591851980	2.98062446450986096
368561021.068804979324	-2741962.894367885310	2409309.967948455829	-276192.072805785516	1.51513075080116622	0.45829484756050143	2.98063646721378817
368561021.086354970932	-2741961.902867774013	2409318.785457023885	-276132.265606962377	1.51514860538659968	0.45829765901116187	2.98064847000771183
368561021.103904962540	-2741960.910612040665	2409327.602250020485	-276072.458361407800	1.51516646002864519	0.45830047026686582	2.98066047289185398
368561021.121454954147	-2741959.917575097177	2409336.418450232130	-276012.651036110823	1.51518431472690018	0.45830328134214204	2.98067247586530693
368561021.139005005360	-2741958.923812110908	2409345.234008496162	-275952.843417493801	1.51520224394258474	0.45830643743213134	2.98068436183356411
368561021.156554996967	-2741957.929281118792	2409354.048921187408	-275893.035938176326	1.51522017932226816	0.45830962221397387	2.98069623801279482
368561021.174104988575	-2741956.933989027515	2409362.863107215147	-275833.228403569839	1.51523811476682591	0.45831280679840536	2.98070811429238924
368561021.191654980183	-2741955.937942511402	2409371.676698041148	-275773.420758579043	1.51525605027595578	0.45831599119631861	2.98071999067166926
368561021.209204971790	-2741954.941150148399	2409380.489640523680	-275713.613054516842	1.51527398584975392	0.45831917540408174	2.98073186715085292
368561021.226754963398	-2741953.943579867017	2409389.301969144028	-275653.805262154958	1.51529175665759874	0.45832227674007731	2.98074366096823118
368561021.244304955006	-2741952.945259175263	2409398.113608901389	-275593.997410948738	1.51530913072559370	0.45832517883927221	2.98075525564596644
368561021.261855006218	-2741951.946189121343	2409406.924613688141	-275534.189290417766	1.51532650496851851	0.45832808077356152	2.98076685049253776
368561021.279404997826	-2741950.946343547199	2409415.734955302905	-275474.381285419920	1.51534387914997803	0.45833098251675969	2.98077844534960734
368561021.296954989433	-2741949.945760904346	2409424.544638585765	-275414.573221352184	1.51536125338831384	0.45833388407650993	2.98079004029667338
368561021.314504981041	-2741948.944421939086	2409433.353678859305	-275354.765050453832	1.51537862768352261	0.45833678545280926	2.98080163533373366
368561021.332054972649	-2741947.942322283052	2409442.162083431147	-275294.956823805696	1.51539622134863849	0.45833980244253331	2.98081344132674220
368561021.349604964256	-2741946.939447682817	2409450.969851190224	-275235.148532853171	1.51541399541655819	0.45834291446195774	2.98082542081068347
368561021.367154955864	-2741945.935832547955	2409459.776933841407	-275175.340140532877	1.51543176954762315	0.45834602628402699	2.98083740039242162
368561021.384705007076	-2741944.931459825020	2409468.583441165742	-275115.531497187039	1.51544954374133223	0.45834913792690130	2.98084938007082911
368561021.402254998684	-2741943.926321887877	2409477.389232130256	-275055.722966281348	1.51546731799817924	0.45835224937241753	2.98086135984702327
368561021.419804990292	-2741942.921697083395	2409486.194185357075	-274995.913984525250	1.51548509231796169	0.45835536062783633	2.98087333972055202
368561021.437354981899	-2741941.915076468606	2409494.998712753877	-274936.105284164136	1.51550255861815875	0.45835787402507616	2.98088531262654088
368561021.454904973507	-2741940.907664444298	2409503.802552549168	-274876.296547044127	1.51552000041588930	0.45836033961172351	2.98089728504929541
368561021.472454965115	-2741939.899500374682	2409512.605787946843	-274816.487735416798	1.51553744226149223	0.45836280501920273	2.98090925755093972
368561021.490004956722	-2741938.890577479266	2409521.408346291631	-274756.678832394769	1.51555488415536099	0.45836527023298418	2.98092123013236465
368561021.507555007935	-2741937.880907011218	2409530.210291762836	-274696.869654581649	1.51557232621599880	0.45836773526863606	2.98093320287496333
368561021.525104999542	-2741936.870481407735	2409539.011572442949	-274637.060597539181	1.51558978811275091	0.45837031357511571	2.98094515967462437
368561021.542654991150	-2741935.859287900385	2409547.812184169888	-274577.251481653773	1.51560735942402713	0.45837351501890899	2.98095702899623394
368561021.560204982758	-2741934.847350968048	2409556.612155854236	-274517.442289350787	1.51562493079973915	0.45837671626925031	2.98096889841683055
368561021.577754974365	-2741933.834646612871	2409565.411486100871	-274457.633007562894	1.51564250223948727	0.45837991734066835	2.98098076793551403
368561021.595304965973	-2741932.821179693099	2409574.210132814012	-274397.823673580657	1.51566007374356504	0.45838311822226291	2.98099263755295230
368561021.612854957581	-2741931.806969217956	2409583.008180774283	-274338.014244420046	1.51567764531187099	0.45838631891766335	2.98100450726891886
368561021.630405008793	-2741930.791994561441	2409591.805606373586	-274278.204549257236	1.51569545593021382	0.45838947434466371	2.98101648285596843
368561021.647955000401	-2741929.776264631189	2409600.602341509890	-274218.394972953771	1.51571362596545467	0.45839256176804688	2.98102861758864268
368561021.665504992008	-2741928.759784205817	2409609.398429021705	-274158.585319048376	1.51573179606417185	0.45839564899821222	2.98104075241986344
368561021.683054983616	-2741927.742518508341	2409618.193826200441	-274098.775625060603	1.51574996622636182	0.45839873603515657	2.98105288734962803
368561021.700604975224	-2741926.724535421468	2409626.988635992631	-274038.965817134769	1.51576813645221886	0.45840182287161269	2.98106502237837789
368561021.718154966831	-2741925.705786207691	2409635.782798939850	-273979.155944903614	1.51578630674163994	0.45840490951121177	2.98107715750588431
368561021.735704958439	-2741924.686269735452	2409644.576279123314	-273919.346001946658	1.51580443262515696	0.45840812901403039	2.98108931935044286
368561021.753255009651	-2741923.665997870732	2409653.369126943871	-273859.535792987328	1.51582254240356895	0.45841139709566786	2.98110149113457146
368561021.770805001259	-2741922.644975318573	2409662.161324792076	-273799.725702657946	1.51584065212651731	0.45841466495947875	2.98111366293919922
368561021.788354992867	-2741921.623196190223	2409670.952877684496	-273739.915538051282	1.51585876191694191	0.45841793263012043	2.98112583484684679
368561021.805904984474	-2741920.600631365087	2409679.743797176518	-273680.105293931323	1.51587687177474062	0.45842120011122378	2.98113800685728680
368561021.823454976082	-2741919.577338315081	2409688.534048273694	-273620.294990740134	1.51589495920181250	0.45842448687523463	2.98115009614783810
368561021.841004967690	-2741918.553286791313	2409697.323606611229	-273560.484616823494	1.51591288837765781	0.45842791057392956	2.98116160272175046
368561021.858554959297	-2741917.528489071410	2409706.112573449966	-273500.674144405115	1.51593081762244486	0.45843133409213049	2.98117310940111091
368561021.876105010509	-2741916.502906856127	2409714.900919463951	-273440.863400749804	1.51594874693607240	0.45843475743346673	2.98118461618569430
368561021.893655002117	-2741915.476584566291	2409723.688546663150	-273381.052793300769	1.51596667631902915	0.45843818057977215	2.98119612307660997
368561021.911204993725	-2741914.449491980951	2409732.475577469915	-273321.242121315910	1.51598460577081973	0.45844160354920854	2.98120763007273970
368561021.928754985332	-2741913.421644987538	2409741.261906320229	-273261.431360074785	1.51600250063603426	0.45844492909765705	2.98121932357190467
368561021.946304976940	-2741912.393056523986	2409750.047642865218	-273201.620518864715	1.51602033425519145	0.45844808243519913	2.98123134693974379
368561021.963854968548	-2741911.363703794777	2409758.832673679106	-273141.809630921693	1.51603816793844226	0.45845123558131318	2.98124337040633414
368561021.981404960155	-2741910.334853174165	2409767.616885843221	-273081.998256250692	1.51605600168578381	0.45845438853599624	2.98125539397167216
368561021.998955011368	-2741909.303980088327	2409776.400651117787	-273022.186995475960	1.51607383561847953	0.45845754131585731	2.98126741771771853
368561022.016505002975	-2741908.272363590077	2409785.183799600694	-272962.375856424856	1.51609166949409024	0.45846069388403832	2.98127944148076107
368561022.034054994583	-2741907.239973923191	2409793.966293621343	-272902.564651884197	1.51610914971841804	0.45846369891129179	2.98129172297273781
368561022.051604986191	-2741906.206827562302	2409802.748116989154	-272842.753371155355	1.51612650122130566	0.45846665008819010	2.98130409835665811
368561022.069154977798	-2741905.172935477924	2409811.529291873332	-272782.942031353712	1.51614385278348718	0.45846960107333734	2.98131647383215492
