460317152.428826689720 0.000082500000
460317152.428826689720	1420418.848029378569	-3336322.720996177755	-485972.960937470838	2.14016130224525636	-1.86818268919661934	2.49190905161453502
460317152.445326685905	1420415.618030950660	-3336332.787539025769	-485917.074802625866	2.14011880264886756	-1.86817354365471577	2.49194710931630015
460317152.461826682091	1420412.387673960766	-3336342.853265656624	-485861.188525331730	2.14007630059343956	-1.86816439858291727	2.49198516950084326
460317152.478326678276	1420409.156956332969	-3336352.918224828783	-485805.302158316888	2.14003288406131276	-1.86815505225896050	2.49202392616068558
460317152.494826674461	1420405.925883251242	-3336362.982361715753	-485749.415664058703	2.13998943215682313	-1.86814569916814732	2.49206271037476856
460317152.511326670647	1420402.694424594520	-3336373.045721686911	-485693.529066783201	2.13994597768456174	-1.86813634656710570	2.49210149718119212
460317152.527826666832	1420399.462629019050	-3336383.108255006373	-485637.642324918474	2.13990252065081688	-1.86812699445281805	2.49214028657337439
460317152.544326663017	1420396.230432987446	-3336393.170045550447	-485581.755519467813	2.13985906104267976	-1.86811764283146209	2.49217907856480991
460317152.560826718807	1420392.997914310312	-3336403.231016502250	-485525.868353934784	2.13981559887283845	-1.86810829169695580	2.49221787314222354
460317152.577326714993	1420389.765031830175	-3336413.291150566190	-485469.981273326324	2.13977308054576820	-1.86809924879869982	2.49225583599774803
460317152.593826711178	1420386.531764333602	-3336423.350543552544	-485414.094096580578	2.13973070692463452	-1.86809025420813790	2.49229367159694526
460317152.610326707363	1420383.299332229653	-3336433.409699989483	-485358.207616089901	2.13968833089438037	-1.86808126008334052	2.49233150962887784
460317152.626826703548	1420380.065381614491	-3336443.467456373386	-485302.320179624541	2.13964595244851585	-1.86807226642741586	2.49236935010032834
460317152.643326699734	1420376.831035859184	-3336453.524399093818	-485246.432648468704	2.13960357159973791	-1.86806327323427723	2.49240719299801272
460317152.659826695919	1420373.596338691888	-3336463.580573682208	-485190.544991715113	2.13956118834794973	-1.86805428050396727	2.49244503832202824
460317152.676326692104	1420370.361286278814	-3336473.635937422980	-485134.657235036662	2.13951778384379310	-1.86804526105918223	2.49248411548485560
460317152.692826688290	1420367.125872249715	-3336483.690490990411	-485078.769320703461	2.13947402079430749	-1.86803623261257989	2.49252362480111112
460317152.709326684475	1420363.890100168996	-3336493.744235179387	-485022.881324977090	2.13943025523483499	-1.86802720466864569	2.49256313665107676
460317152.725826680660	1420360.653951919172	-3336503.797213229351	-484966.993217675074	2.13938648716528323	-1.86801817722742536	2.49260265103484535
460317152.742326676846	1420357.417475834955	-3336513.849365507718	-484911.104950575915	2.13934271658556074	-1.86800915028896730	2.49264216795250615
460317152.758826673031	1420354.180629409151	-3336523.900715129916	-484855.216622755746	2.13929894348918292	-1.86800012385638370	2.49268168741083684
460317152.775326669216	1420350.943400419783	-3336533.951284789015	-484799.328152716043	2.13925567425738183	-1.86799090613066898	2.49272044238589041
460317152.791826665401	1420347.705828493461	-3336544.001036868431	-484743.439562081650	2.13921257462762382	-1.86798162369350429	2.49275893918325542
460317152.808326661587	1420344.467868614243	-3336554.050037864130	-484687.550866519567	2.13916947248070688	-1.86797234173214144	2.49279743852147151
460317152.824826717377	1420341.229573341319	-3336564.098217641003	-484631.661845569615	2.13912636778455756	-1.86796306026195613	2.49283594043407852
460317152.841326713562	1420337.990893838927	-3336574.145599064417	-484575.772910958447	2.13908326057743015	-1.86795377926459771	2.49287444488106225
460317152.857826709747	1420334.751874391455	-3336584.192172891460	-484519.883864542644	2.13904015082724808	-1.86794449875544233	2.49291295189596518
460317152.874326705933	1420331.512505459832	-3336594.237916870508	-484463.994687559083	2.13899770774309061	-1.86793532072225377	2.49295081637844307
460317152.890826702118	1420328.272751349024	-3336604.282893801574	-484408.105414206802	2.13895550255167066	-1.86792617977876807	2.49298845165023364
460317152.907326698303	1420325.032657464501	-3336614.327061570249	-484352.216008377145	2.13891329428223109	-1.86791703917861796	2.49302608995915609
460317152.923826694489	1420321.792189996224	-3336624.370421281550	-484296.326499299787	2.13887108421383232	-1.86790789915750888	2.49306373015549454
460317152.940326690674	1420318.551361458842	-3336634.412992150988	-484240.436866533826	2.13882887170680647	-1.86789875959764928	2.49310137281424371
460317152.956826686859	1420315.310159720248	-3336644.454779343214	-484184.547110080079	2.13878665676743829	-1.86788962049601803	2.49313901792882575
460317152.973326683044	1420312.068642453523	-3336654.495732544921	-484128.657248238160	2.13874370020745275	-1.86788036977059879	2.49317741176168806
460317152.989826679230	1420308.826712317532	-3336664.535925193224	-484072.767268172349	2.13870023658099928	-1.86787104301335560	2.49321631751274930
460317153.006326675415	1420305.584442047169	-3336674.575284287333	-484016.877176070237	2.13865677038128421	-1.86786171675026269	2.49325522586174619
460317153.022826671600	1420302.341844166163	-3336684.613829042297	-483960.986951489758	2.13861330160819474	-1.86785239098137068	2.49329413680878975
460317153.039326667786	1420299.098864264321	-3336694.651615168434	-483905.096618659387	2.13856983027441139	-1.86784306570059000	2.49333305034061503
460317153.055826663971	1420295.855477036675	-3336704.688608815428	-483849.206184722134	2.13852635637343047	-1.86783374091103571	2.49337196646401793
460317153.072326660156	1420292.611765624490	-3336714.724791956600	-483793.315640162036	2.13848348236897401	-1.86782478752206771	2.49341043219864078
460317153.088826715946	1420289.367707221070	-3336724.760167361703	-483737.424756189517	2.13844095084572228	-1.86781604692680525	2.49344864104454711
460317153.105326712132	1420286.123261260800	-3336734.794768066611	-483681.533957604435	2.13839841695760136	-1.86780730680648310	2.49348685227867639
460317153.121826708317	1420282.878463381436	-3336744.828550271224	-483625.643053630483	2.13835588071730776	-1.86779856715500947	2.49352506588774636
460317153.138326704502	1420279.633312961552	-3336754.861508673523	-483569.752003883419	2.13831334211198065	-1.86778982797856097	2.49356328188520315
460317153.154826700687	1420276.387795743532	-3336764.893682713155	-483513.860888181371	2.13827080114792345	-1.86778108927411512	2.49360150026444849
460317153.171326696873	1420273.141911474289	-3336774.925091475714	-483457.969645697391	2.13822782236309061	-1.86777219091327207	2.49364000082745196
460317153.187826693058	1420269.896838434273	-3336784.956288522109	-483402.079072379565	2.13818440791336695	-1.86776313372094305	2.49367878221690242
460317153.204326689243	1420266.650250058854	-3336794.986064870376	-483346.187585381151	2.13814099096842591	-1.86775407702041041	2.49371756612596007
460317153.220826685429	1420263.403279037448	-3336805.015062781516	-483290.295976835303	2.13809757152817204	-1.86774502081172167	2.49375635255471861
460317153.237326681614	1420260.155944306403	-3336815.043257246260	-483234.404269549705	2.13805414961806406	-1.86773596508264994	2.49379514147654913
460317153.253826677799	1420256.908275437076	-3336825.070625096094	-483178.512419814302	2.13801072520606139	-1.86772690984858181	2.49383393292495370
460317153.270326673985	1420253.660239488119	-3336835.097213172819	-483122.620470385998	2.13796731943704721	-1.86771792968045114	2.49387278120309563
460317153.286826670170	1420250.411842318717	-3336845.122986434959	-483066.728397038532	2.13792393157210681	-1.86770902181873932	2.49391168426255838
460317153.303326666355	1420247.163072176976	-3336855.147987450473	-483010.836227323336	2.13788054125632598	-1.86770011444700379	2.49395058979657414
460317153.319826662540	1420243.913961999584	-3336865.172169379424	-482954.943918482051	2.13783714848323214	-1.86769120756835827	2.49398949781190638
460317153.336326718330	1420240.664462934481	-3336875.195603989530	-482899.051301102212	2.13779375327828358	-1.86768230117057321	2.49402840828192796
460317153.352826714516	1420237.414627404185	-3336885.218173801433	-482843.158756536490	2.13775035560945970	-1.86767339526903653	2.49406732124012009
460317153.369326710701	1420234.164421684342	-3336895.239955401979	-482787.266124160145	2.13770701954735998	-1.86766438997381301	2.49410614349543325
460317153.385826706886	1420230.913830690319	-3336905.260958461557	-482731.373368096014	2.13766378756376563	-1.86765521901665088	2.49414481325991177
460317153.402326703072	1420227.662903102580	-3336915.281146260910	-482675.480494760675	2.13762055306843024	-1.86764604854461425	2.49418348556023073
460317153.418826699257	1420224.411632569274	-3336925.300532486755	-482619.587494413077	2.13757731604848011	-1.86763687856388660	2.49422216040984734
460317153.435326695442	1420221.159973307746	-3336935.319121841807	-482563.694375611725	2.13753407652297112	-1.86762770906530862	2.49426083778882823
460317153.451826691628	1420217.907965865452	-3336945.336936943233	-482507.801146417507	2.13749083449180066	-1.86761854004892580	2.49429951769727509
460317153.468326687813	1420214.655633104499	-3336955.353885873221	-482451.907786425843	2.13744771189083860	-1.86760946564865837	2.49433824485138134
460317153.484826683998	1420211.402869526064	-3336965.370099926367	-482396.014359526802	2.13740480120535103	-1.86760055717795548	2.49437705304602053
460317153.501326680183	1420208.149790714495	-3336975.385492879432	-482340.120779478631	2.13736188808593575	-1.86759164919068144	2.49441586369769919
460317153.517826676369	1420204.896350559080	-3336985.400072563440	-482284.227096183284	2.13731897252612502	-1.86758274168994864	2.49445467681317679
460317153.534326672554	1420201.642506781965	-3336995.413876495790	-482228.333285874687	2.13727605455136516	-1.86757383466352334	2.49449349236583950
460317153.550826668739	1420198.388356948504	-3337005.426857189741	-482172.439361620054	2.13723313412964711	-1.86756492812679742	2.49453231038915479
460317153.567326664925	1420195.133824527264	-3337015.439059420489	-482116.545315818046	2.13719023484723802	-1.86755600633892049	2.49457104316058542
460317153.583826661110	1420191.878925201716	-3337025.450465800706	-482060.651176740997	2.13714740096548539	-1.86754703975593905	2.49460952605747588
460317153.600326716900	1420188.623654904542	-3337035.461100686807	-482004.756698481506	2.13710456465766629	-1.86753807364506930	2.49464801140330339
460317153.616826713085	1420185.368045592448	-3337045.470898171887	-481948.862311797275	2.13706172589815635	-1.86752910801863359	2.49468649922485985
460317153.633326709270	1420182.112074963283	-3337055.479882377665	-481892.967821865110	2.13701888469324253	-1.86752014287360857	2.49472498951556521
460317153.649826705456	1420178.855725340545	-3337065.488090385683	-481837.073211569514	2.13697604106198513	-1.86751117820082757	2.49476348225548339
460317153.666326701641	1420175.599041647278	-3337075.495471750386	-481781.178458824113	2.13693307252045095	-1.86750225569240413	2.49480219195063935
460317153.682826697826	1420172.341970094014	-3337085.502087476198	-481725.283628240752	2.13688929384078552	-1.86749360858885471	2.49484231876461759
460317153.699326694012	1420169.084558573319	-3337095.507884085178	-481669.388658531010	2.13684551272922896	-1.86748496199861003	2.49488244803329939
460317153.715826690197	1420165.826764602913	-3337105.512886170764	-481613.493573693151	2.13680172919847600	-1.86747631591557450	2.49492257974340648
460317153.732326686382	1420162.568643314997	-3337115.517085322179	-481557.598383696110	2.13675794322931001	-1.86746767034900563	2.49496271391502944
460317153.748826682568	1420159.310139577370	-3337125.520489948336	-481501.703078570252	2.13671415484080729	-1.86745902528973540	2.49500285052821846
460317153.765326678753	1420156.051268853014	-3337135.523114761803	-481445.807673751260	2.13667044014948804	-1.86745029921917838	2.49504278934036972
460317153.781826674938	1420152.793227807153	-3337145.525525060017	-481389.912941423303	2.13662721287780233	-1.86744104902040942	2.49508144198738080
460317153.798326671124	1420149.533610912040	-3337155.526567906607	-481334.017316316720	2.13658398307788211	-1.86743179930308378	2.49512009718653749
460317153.814826667309	1420146.273662681459	-3337165.526740633883	-481278.121536416642	2.13654075074323835	-1.86742255007031921	2.49515875494461836
460317153.831326663494	1420143.013378357049	-3337175.526149963494	-481222.225639707875	2.13649751586100844	-1.86741330132830341	2.49519741527506955
460317153.847826719284	1420139.752668325091	-3337185.524819097016	-481166.329448484234	2.13645427780856156	-1.86740405294236611	2.49523607873431574
460317153.864326715469	1420136.491661922075	-3337195.522610168904	-481110.433331257373	2.13641109130728690	-1.86739483457889088	2.49527467733649644
460317153.880826711655	1420133.230284909019	-3337205.519591641147	-481054.537092252285	2.13636820467840938	-1.86738578310113246	2.49531290030435882
460317153.897326707840	1420129.968532252591	-3337215.515816782601	-480998.640748320206	2.13632531559812211	-1.86737673209545108	2.49535112574728402
460317153.913826704025	1420126.706418481190	-3337225.511227061041	-480942.744280469255	2.13628242406632651	-1.86736768156189226	2.49538935366537018
460317153.930326700211	1420123.443968050648	-3337235.505823601503	-480886.847716019256	2.13623953006378597	-1.86735863150971526	2.49542758407872611
460317153.946826696396	1420120.181132114492	-3337245.499631661922	-480830.951021232759	2.13619663360954037	-1.86734958192974987	2.49546581696743885
460317153.963326692581	1420116.917917232029	-3337255.492663504090	-480775.054206082365	2.13615373470987002	-1.86734053281896739	2.49550405232493677
460317153.979826688766	1420113.654389809817	-3337265.484859813470	-480719.157267013332	2.13610988085046838	-1.86733140885081750	2.49554334144366230
460317153.996326684952	1420110.390468017664	-3337275.476278199349	-480663.260240133677	2.13606600993954032	-1.86732228423098912	2.49558264914337924
460317154.012826681137	1420107.126203500666	-3337285.466878916137	-480607.363092659623	2.13602213648770967	-1.86731316011114612	2.49562195940820386
460317154.029326677322	1420103.861592832953	-3337295.456658128183	-480551.465802736173	2.13597826048850248	-1.86730403649440757	2.49566127224490053
460317154.045826673508	1420100.596588350367	-3337305.445695255883	-480495.568431880907	2.13593438195457264	-1.86729491337467723	2.49570058764023228
460317154.062326669693	1420097.331237838604	-3337315.433894825634	-480439.670924994047	2.13589053595634404	-1.86728579523088212	2.49573987049890755
460317154.078826665878	1420094.065517511452	-3337325.421346568037	-480383.773303437920	2.13584820227503824	-1.86727687103009576	2.49577763999099078
460317154.095326662064	1420090.799438974354	-3337335.407951429486	-480327.875572939520	2.13580586621246749	-1.86726794728643508	2.49581541188724509
460317154.111826717854	1420087.532995631220	-3337345.393788684160	-480271.977527255309	2.13576352775577938	-1.86725902400609045	2.49585318620110375
460317154.128326714039	1420084.266192396870	-3337355.378818713594	-480216.079588582972	2.13572118689850576	-1.86725010119217694	2.49589096293932444
460317154.144826710224	1420080.999037128175	-3337365.363034762442	-480160.181510784256	2.13567884364692784	-1.86724117884166474	2.49592874209533555
460317154.161326706409	1420077.731529825367	-3337375.346436830238	-480104.283293861488	2.13563649800095412	-1.86723225695459583	2.49596652366922811
460317154.177826702595	1420074.463652796578	-3337385.329060521908	-480048.384995775705	2.13559196201339452	-1.86722312912946120	2.49600650790372880
460317154.194326698780	1420071.195405543316	-3337395.310884485021	-479992.486582560814	2.13554714851757410	-1.86721397589001969	2.49604677121584784
460317154.210826694965	1420067.926833797479	-3337405.291876508854	-479936.588024755358	2.13550233241394061	-1.86720482317370262	2.49608703716027724
460317154.227326691151	1420064.657855640631	-3337415.272123262752	-479880.689400042000	2.13545751369602099	-1.86719567098363415	2.49612730574378006
460317154.243826687336	1420061.388507240685	-3337425.251557269134	-479824.790612207842	2.13541269238922204	-1.86718651930757029	2.49616757693978641
460317154.260326683521	1420058.118828475475	-3337435.230179877952	-479768.891731098178	2.13536786846157334	-1.86717736816092805	2.49620785078171892
460317154.276826679707	1420054.848828002345	-3337445.207954582758	-479712.992713956977	2.13532302932728202	-1.86716870610314190	2.49624830407714526
460317154.293326675892	1420051.578421285376	-3337455.184982452076	-479657.093609236414	2.13527818640709999	-1.86716009596969856	2.49628877845950070
460317154.309826672077	1420048.307656823890	-3337465.161215316039	-479601.194396034756	2.13523334102643414	-1.86715148636250450	2.49632925532592731
460317154.326326668262	1420045.036509689642	-3337475.136643712409	-479545.295061054290	2.13518849318521386	-1.86714287728160921	2.49636973467649437
460317154.342826664448	1420041.765032396885	-3337485.111273634713	-479489.395585038001	2.13514364288337433	-1.86713426872705890	2.49641021651126582
460317154.359326660633	1420038.494363689329	-3337495.085706334561	-479433.496844711015	2.13509879012084891	-1.86712566069890040	2.49645070083030829
460317154.375826716423	1420035.222139787860	-3337505.058795411140	-479377.596972346946	2.13505488877755001	-1.86711668323799396	2.49649003172002804
460317154.392326712608	1420031.949579436099	-3337515.031008156948	-479321.697145476937	2.13501126981012357	-1.86710759578272745	2.49652901991740794
460317154.408826708794	1420028.676621646620	-3337525.002434518188	-479265.797242679575	2.13496764833376051	-1.86709850881703066	2.49656801064758316
460317154.425326704979	1420025.403346184408	-3337534.973067130893	-479209.897205494170	2.13492402434199224	-1.86708942234402531	2.49660700391731183
460317154.441826701164	1420022.129715442657	-3337544.942878874484	-479153.997061737988	2.13488039782197969	-1.86708033636990445	2.49664599974001389
460317154.458326697350	1420018.855708110845	-3337554.911877048668	-479098.096772208693	2.13483676879273787	-1.86707125088549364	2.49668499809580124
460317154.474826693535	1420015.581355711678	-3337564.880096389446	-479042.196408165386	2.13479416362756336	-1.86706225385558366	2.49672292185356959
460317154.491326689720	1420012.306630366016	-3337574.847531939857	-478986.295920432894	2.13475188806782423	-1.86705328573914087	2.49676049961010849
460317154.507826685905	1420009.031528607942	-3337584.814165374730	-478930.395314248046	2.13470961010758842	-1.86704431808255022	2.49679807979081581
460317154.524326682091	1420005.756081117317	-3337594.779987165704	-478874.494572260824	2.13466732974675777	-1.86703535088585704	2.49683566239578925
460317154.540826678276	1420002.480279353680	-3337604.745017763227	-478818.593743647391	2.13462504699160327	-1.86702638414602839	2.49687324741846606
460317154.557326674461	1419999.204085794510	-3337614.709259030875	-478762.692802044505	2.13458276182929119	-1.86701741786925624	2.49691083487226084
460317154.573826670647	1419995.927567806095	-3337624.672668334562	-478706.791715852451	2.13454007561576553	-1.86700856519191860	2.49694894524738853
460317154.590326666832	1419992.650673927041	-3337634.635296864901	-478650.890545174188	2.13449717252636928	-1.86699977385909777	2.49698733807688722
460317154.606826663017	1419989.373419260606	-3337644.597136429977	-478594.989250807208	2.13445426704127206	-1.86699098300323652	2.49702573332548683
460317154.623326718807	1419986.095821170602	-3337654.558188031428	-478539.087632465002	2.13441135851078112	-1.86698219251165054	2.49706413157905605
460317154.639826714993	1419982.817814051872	-3337664.518433242571	-478483.186107839167	2.13436844824035932	-1.86697340260677058	2.49710253165949014
460317154.656326711178	1419979.539495170582	-3337674.477862664033	-478427.284472591069	2.13432553556760940	-1.86696461318205809	2.49714093416594007
460317154.672826707363	1419976.260830248939	-3337684.436470536049	-478371.382694893109	2.13428192780749049	-1.86695574849652268	2.49717989862990075
460317154.689326703548	1419972.981728586601	-3337694.394325019792	-478315.480853380694	2.13423769220754300	-1.86694681591912182	2.49721937074160349
460317154.705826699734	1419969.702318014577	-3337704.351376733277	-478259.578855626169	2.13419345408765704	-1.86693788385342896	2.49725884539809639
460317154.722326695919	1419966.422546091257	-3337714.307589142118	-478203.676754393906	2.13414921346048470	-1.86692895229333922	2.49729832258614914
460317154.738826692104	1419963.142416718882	-3337724.263032458257	-478147.774544911052	2.13410497031956847	-1.86692002124197631	2.49733780231250702
460317154.755326688290	1419959.861935202498	-3337734.217635801528	-478091.872196071781	2.13406072467755736	-1.86691109069323535	2.49737728456394148
460317154.771826684475	1419956.581084274920	-3337744.171486671548	-478035.969766301627	2.13401685575115874	-1.86690203027425428	2.49741652708131578
460317154.788326680660	1419953.299847758608	-3337754.124523052946	-477980.067205964355	2.13397332197479361	-1.86689285425353213	2.49745555641999895
460317154.804826676846	1419950.018275106093	-3337764.076770016924	-477924.164528587658	2.13392978565211022	-1.86688367872782135	2.49749458832936089
460317154.821326673031	1419946.736337809591	-3337774.028157785069	-477868.261732295621	2.13388624679573891	-1.86687450369101549	2.49753362279619129
460317154.837826669216	1419943.454025457380	-3337783.978841041215	-477812.358831537713	2.13384270539284593	-1.86686532914931447	2.49757265983390253
460317154.854326665401	1419940.171388142509	-3337793.928641978651	-477756.455806400918	2.13379916144969695	-1.86685615509968783	2.49761169943594030
460317154.870826661587	1419936.888332423288	-3337803.877717251889	-477700.552687265852	2.13375561999746033	-1.86684708320793846	2.49765065451162149
460317154.887326717377	1419933.604967096355	-3337813.825988953002	-477644.649242015497	2.13371208040466476	-1.86683809982813620	2.49768953670531380
460317154.903826713562	1419930.321219819132	-3337823.773414936848	-477588.745851048094	2.13366853833479064	-1.86682911693520892	2.49772842139979767
460317154.920326709747	1419927.037136379164	-3337833.720037008636	-477532.842370130995	2.13362499377501669	-1.86682013453535567	2.49776730860847218
460317154.936826705933	1419923.752664851025	-3337843.665899496991	-477476.938798308547	2.13358144672524652	-1.86681115262862418	2.49780619833143236
460317154.953326702118	1419920.469007541658	-3337853.611534324940	-477421.035904211516	2.13353789719811937	-1.86680217120890535	2.49784509055546033
460317154.969826698303	1419917.183802529471	-3337863.555807947647	-477365.132091430714	2.13349413497324036	-1.86679309950851846	2.49788420389608889
460317154.986326694489	1419913.898266947828	-3337873.499260223005	-477309.228178727615	2.13345002123584093	-1.86678387766357368	2.49792368270936471
460317155.002826690674	1419910.612363701686	-3337883.441873838194	-477253.324104814033	2.13340590491913495	-1.86677465631960748	2.49796316412611130
460317155.019326686859	1419907.326106472174	-3337893.383722176310	-477197.419944503985	2.13336178601666049	-1.86676543547974338	2.49800264815308015
460317155.035826683044	1419904.039491086733	-3337903.324739611242	-477141.515668833803	2.13331766452831273	-1.86675621514403045	2.49804213479037474
460317155.052326679230	1419900.752496784786	-3337913.264982304536	-477085.611293470254	2.13327354045398998	-1.86674699531251598	2.49808162403809719
460317155.068826675415	1419897.465144914575	-3337923.204444424715	-477029.706782537454	2.13323044311102272	-1.86673788362108906	2.49812017176617918
460317155.085326671600	1419894.177447039401	-3337933.143070473336	-476973.802156243881	2.13318878495761632	-1.86672892314891370	2.49815739963914041
460317155.101826667786	1419890.889361364301	-3337943.080919318367	-476917.897424792929	2.13314712445182941	-1.86671996311603650	2.49819462988675456
460317155.118326663971	1419887.600951206405	-3337953.017937716097	-476861.992569423572	2.13310546156175196	-1.86671100353788799	2.49823186254237539
460317155.134826660156	1419884.312180563575	-3337962.954193057492	-476806.087590596697	2.13306379629365050	-1.86670204441143106	2.49826909759944860
460317155.151326715946	1419881.022999444278	-3337972.889670926146	-476750.182332230674	2.13302212867287011	-1.86669308572439774	2.49830633503147004
460317155.167826712132	1419877.733492097352	-3337982.824330500327	-476694.277144999185	2.13298000227787377	-1.86668406601102443	2.49834398220557663
460317155.184326708317	1419874.443635665346	-3337992.758160057943	-476638.371827200870	2.13293673209926604	-1.86667489302401535	2.49838265051173813
460317155.200826704502	1419871.153412636137	-3338002.691208136734	-476582.466389039182	2.13289345940489561	-1.86666572051790913	2.49842132135746686
460317155.217326700687	1419867.862819514936	-3338012.623441919684	-476526.560862836719	2.13285018418829342	-1.86665654849583129	2.49845999474951919
460317155.233826696873	1419864.571877861163	-3338022.554881524295	-476470.655212945305	2.13280690644299487	-1.86664737696090688	2.49849867069464837
460317155.250326693058	1419861.280563708162	-3338032.485547177959	-476414.749446014175	2.13276362618798032	-1.86663820590394480	2.49853734917300718
460317155.266826689243	1419857.988888299558	-3338042.415373486001	-476358.843575606879	2.13272092834999771	-1.86662902886694315	2.49857558718338657
460317155.283326685429	1419854.696852110093	-3338052.344426826574	-476302.937575092539	2.13267960431250714	-1.86661983708530754	2.49861278534413511
460317155.299826681614	1419851.404452226358	-3338062.272666671779	-476247.031469190260	2.13263827786634730	-1.86661064574209457	2.49864998593593279
460317155.316326677799	1419848.111710054567	-3338072.200114698615	-476191.125242924260	2.13259694899232866	-1.86660145484658258	2.49868718897883602
460317155.332826673985	1419844.818609988783	-3338082.126757747959	-476135.218901529675	2.13255561769034507	-1.86659226439881376	2.49872439447295047
460317155.349326670170	1419841.525130850729	-3338092.052600084338	-476079.312460211222	2.13251428397299758	-1.86658307439267479	2.49876160240509559
460317155.365826666355	1419838.231282219524	-3338101.977678447962	-476023.405910641712	2.13247264568506090	-1.86657390167023518	2.49879905171701910
460317155.382326662540	1419834.937087785453	-3338111.901919157710	-475967.499225040665	2.13242933681148017	-1.86656482237866905	2.49883782264276366
460317155.398826718330	1419831.642519597895	-3338121.825407321099	-475911.592233042698	2.13238602477461203	-1.86655574345888198	2.49887659669175122
460317155.415326714516	1419828.347597913118	-3338131.748063021339	-475855.685330478766	2.13234271090416838	-1.86654666513544587	2.49891537266186425
460317155.431826710701	1419825.052318029571	-3338141.669903840870	-475799.778306137596	2.13229939451926853	-1.86653758730383834	2.49895415117090636
460317155.448326706886	1419821.756698977901	-3338151.590946769342	-475743.871176638524	2.13225607562617148	-1.86652850996102559	2.49899293221232943
460317155.464826703072	1419818.460688435473	-3338161.511198738124	-475687.963913479936	2.13221277734873915	-1.86651948478925678	2.49903168037834211
460317155.481326699257	1419815.164363135351	-3338171.430626431946	-475632.056551580958	2.13216963035131712	-1.86651080389804913	2.49907019558800858
460317155.497826695442	1419811.867649985477	-3338181.349292943254	-475576.149078106915	2.13212648097952417	-1.86650212348415678	2.49910871319519368
460317155.514326691628	1419808.570575449849	-3338191.267108632717	-475520.241473836242	2.13208332923327593	-1.86649344354762370	2.49914723319998089
460317155.530826687813	1419805.274276842363	-3338201.184830431826	-475464.334614733816	2.13204017509342636	-1.86648476409773201	2.49918575562238132
460317155.547326683998	1419801.976490381407	-3338211.101064356510	-475408.426781617687	2.13199701858531654	-1.86647608512220708	2.49922428043589928
460317155.563826680183	1419798.678303790512	-3338221.016543816309	-475352.518857598421	2.13195387748965803	-1.86646739586767163	2.49926279159208464
460317155.580326676369	1419795.379832265666	-3338230.931143732741	-475296.610803963849	2.13191114509825042	-1.86645845849278458	2.49930093407902421
460317155.596826672554	1419792.080933441408	-3338240.845031522680	-475240.702644450939	2.13186841028563245	-1.86644952158587429	2.49933907901048302
460317155.613326668739	1419788.781697859056	-3338250.758068050258	-475184.794360789063	2.13182567304535375	-1.86644058515006406	2.49937722639320015
460317155.629826664925	1419785.482101841830	-3338260.670326991472	-475128.885980758234	2.13178293337096036	-1.86643164918847937	2.49941537623391508
460317155.646326661110	1419782.182151020039	-3338270.581747363787	-475072.977479902445	2.13174019128142600	-1.86642271369192292	2.49945352851279035
460317155.662826716900	1419778.881811247906	-3338280.492426391691	-475017.068657443568	2.13169744676394535	-1.86641377866659863	2.49949168324320636
460317155.679326713085	1419775.581148432801	-3338290.402281028219	-474961.159921324928	2.13165473437233643	-1.86640447017343614	2.49952947908101919
460317155.695826709270	1419772.280064149061	-3338300.311374000739	-474905.251082190254	2.13161202283691864	-1.86639512579540501	2.49956724232733585
460317155.712326705456	1419768.978676783852	-3338310.219616167247	-474849.342110347585	2.13156930876211304	-1.86638578188933346	2.49960500813818065
460317155.728826701641	1419765.676931919763	-3338320.127063222229	-474793.433030023822	2.13152659216051310	-1.86637643844910661	2.49964277650038236
460317155.745326697826	1419762.374826096697	-3338330.033696840983	-474737.523846453114	2.13148387302565023	-1.86636709547784974	2.49968054742069823
460317155.761826694012	1419759.072305261157	-3338339.939597103279	-474681.614563420007	2.13144115137646439	-1.86635775296636686	2.49971832087932233
460317155.778326690197	1419755.769471812528	-3338349.844624305144	-474625.705128918751	2.13139732645060942	-1.86634854012095097	2.49975771436704797
460317155.794826686382	1419752.466277954169	-3338359.748873908538	-474569.795598049066	2.13135340104983051	-1.86633933926897755	2.49979725430778732
460317155.811326682568	1419749.162735764636	-3338369.652313244063	-474513.885949909745	2.13130947307617813	-1.86633013891602229	2.49983679684514692
460317155.827826678753	1419745.858784272568	-3338379.554985739756	-474457.976198752935	2.13126554253589884	-1.86632093905905361	2.49987634197259112
460317155.844326674938	1419742.554511734284	-3338389.456847620662	-474402.066339115205	2.13122160939713101	-1.86631173971352449	2.49991588972342127
460317155.860826671124	1419739.249859703705	-3338399.357887400780	-474346.156345586467	2.13117767368518063	-1.86630254086715786	2.49995544007117942
460317155.877326667309	1419735.944862879580	-3338409.258162735961	-474290.246250455326	2.13113500929300059	-1.86629379452140354	2.49999372198085279
460317155.893826663494	1419732.639517206000	-3338419.157591951080	-474234.336031174986	2.13109243920005298	-1.86628508294089124	2.50003190983086343
460317155.910326719284	1419729.333770764759	-3338429.056280378252	-474178.425524028833	2.13104986675587460	-1.86627637182389505	2.50007010005453356
460317155.926826715469	1419726.027673291741	-3338438.954140990973	-474122.515074720024	2.13100729193497385	-1.86626766118278553	2.50010829267850543
460317155.943326711655	1419722.721254895907	-3338448.851174933370	-474066.604523347691	2.13096471474362570	-1.86625895101452177	2.50014648769621539
460317155.959826707840	1419719.414451869903	-3338458.747456084471	-474010.693848517549	2.13092213519444051	-1.86625024131298445	2.50018468509447711
460317155.976326704025	1419716.107257186435	-3338468.642905798275	-473954.783066885720	2.13087836341183223	-1.86624128565390279	2.50022382740858706
460317155.992826700211	1419712.799741485855	-3338478.537544888444	-473898.872176773264	2.13083422944041878	-1.86623225601966647	2.50026325717549858
460317156.009326696396	1419709.491859324742	-3338488.431402438320	-473842.961166297784	2.13079009293919786	-1.86622322688506403	2.50030268949618151
460317156.025826692581	1419706.183604469290	-3338498.324476084206	-473787.050032132596	2.13074595390807620	-1.86621419825014123	2.50034212437072956
460317156.042326688766	1419702.875007090159	-3338508.216733469162	-473731.138798045111	2.13070181232790912	-1.86620517012419462	2.50038156181914850
460317156.058826684952	1419699.566052057315	-3338518.108169771731	-473675.227455245913	2.13065766821765123	-1.86619614249802357	2.50042100182161997
460317156.075326681137	1419696.256708946778	-3338527.998834951781	-473619.315994223813	2.13061538017053476	-1.86618707297712105	2.50045868029579621
460317156.091826677322	1419692.947033011355	-3338537.888704561163	-473563.404431368341	2.13057352577556447	-1.86617799396671424	2.50049594731679115
460317156.108326673508	1419689.636959571391	-3338547.777764744125	-473507.492737945984	2.13053166898470359	-1.86616891539729890	2.50053321675631457
460317156.124826669693	1419686.327704201918	-3338557.666654563043	-473451.581765236624	2.13048980976610647	-1.86615983728432999	2.50057048864764919
460317156.141326665878	1419683.016970541794	-3338567.554094715975	-473395.669830857310	2.13044794812601523	-1.86615075962476840	2.50060776298426513
460317156.157826662064	1419679.705836633453	-3338577.440754413605	-473339.757805342495	2.13040608407702381	-1.86614168241248968	2.50064503975299290
460317156.174326717854	1419676.394335276680	-3338587.326636362355	-473283.845455854142	2.13036240013939793	-1.86613261758361570	2.50068413196039607
460317156.190826714039	1419673.082483106526	-3338597.211701936089	-473227.933191522432	2.13031784257448820	-1.86612355899001225	2.50072409567639298
460317156.207326710224	1419669.770276939729	-3338607.095976195764	-473172.020840564277	2.13027328244190661	-1.86611450090770492	2.50076406198404921
460317156.223826706409	1419666.457715777680	-3338616.979416438844	-473116.108335044584	2.13022871974156036	-1.86610544333674211	2.50080403088345848
460317156.240326702595	1419663.144781991607	-3338626.862085773610	-473060.195753827633	2.13018415445431231	-1.86609638628642327	2.50084400239461679
460317156.256826698780	1419659.831499453867	-3338636.743923453614	-473004.283021372685	2.13013958659911307	-1.86608732974754665	2.50088397649771244
460317156.273326694965	1419656.517841630848	-3338646.624990132172	-472948.370211081055	2.13009635277457576	-1.86607827818942362	2.50092246436310184
460317156.289826691151	1419653.203816742869	-3338656.505255458411	-472892.457267127582	2.13005371998846194	-1.86606922912523787	2.50096028247763602
460317156.306326687336	1419649.889461993007	-3338666.384707679972	-472836.544209229061	2.13001108475347856	-1.86606018052625666	2.50099810306499482
460317156.322826683521	1419646.574712938629	-3338676.263371901587	-472780.631056871905	2.12996844706952526	-1.86605113239252374	2.50103592612527903
460317156.339326679707	1419643.259649307700	-3338686.141226280015	-472724.717778686434	2.12992580693015388	-1.86604208472716637	2.50107375166522283
460317156.355826675892	1419639.944203666411	-3338696.018285935745	-472668.804385371914	2.12988316434795832	-1.86603303752406058	2.50111157967165854
460317156.372326672077	1419636.628372886684	-3338705.894542434253	-472612.890888809692	2.12983976823305676	-1.86602397306142853	2.50115026527296136
460317156.388826668262	1419633.312190669822	-3338715.770010732580	-472556.977253353572	2.12979573881973305	-1.86601489421183175	2.50118967156885530
460317156.405326664448	1419629.995654170169	-3338725.644677807111	-472501.063524623052	2.12975170685865400	-1.86600581586314873	2.50122908043667724
460317156.421826660633	1419626.678781585302	-3338735.518529402558	-472445.149678621849	2.12970767234972769	-1.86599673801542498	2.50126849187652001
460317156.438326716423	1419623.361516831443	-3338745.391605222132	-472389.235522669449	2.12966363463339059	-1.86598766054879306	2.50130790648218948
460317156.454826712608	1419620.043923299294	-3338755.263878612779	-472333.321429292730	2.12961959502843623	-1.86597858370314040	2.50134732306640384
460317156.471326708794	1419616.725932350382	-3338765.135355565697	-472277.407253340003	2.12957624509312682	-1.86596932158548823	2.50138610111506132
460317156.487826704979	1419613.407592864940	-3338775.006012302358	-472221.492953470035	2.12953349498454525	-1.86595989828084963	2.50142432383852098
460317156.504326701164	1419610.088917311281	-3338784.875853554811	-472165.578536328918	2.12949074230950952	-1.86595047544774117	2.50146254915255772
460317156.520826697350	1419606.769853724865	-3338794.744909156580	-472109.664028054802	2.12944798706789751	-1.86594105308621061	2.50150077705729190
460317156.537326693535	1419603.450444959803	-3338804.613178915344	-472053.749384209805	2.12940522925325126	-1.86593163119938765	2.50153900755946879
460317156.553826689720	1419600.130648093531	-3338814.480635517277	-471997.834628328506	2.12936246889081726	-1.86592220977497925	2.50157724063269438
460317156.570326685905	1419596.810536901001	-3338824.347308206372	-471941.919746849395	2.12931963934856050	-1.86591306176216976	2.50161554899657812
460317156.586826682091	1419593.490040461766	-3338834.213179282378	-471886.004782795208	2.12927671933755214	-1.86590427490668609	2.50165395589584083
460317156.603326678276	1419590.169189593755	-3338844.078237664886	-471830.089698146388	2.12923379692829329	-1.86589548852375242	2.50169236521639693
460317156.619826674461	1419586.847972047515	-3338853.942504564766	-471774.174486486125	2.12919087211435576	-1.86588670261649847	2.50173077696496016
460317156.636326670647	1419583.526409083046	-3338863.805945177563	-471718.259166113974	2.12914794489565651	-1.86587791718496576	2.50176919114161445
460317156.652826666832	1419580.204470611876	-3338873.668619354721	-471662.343734166818	2.12910501527210361	-1.86586913222919981	2.50180760774645039
460317156.669326663017	1419576.882189871045	-3338883.530475668143	-471606.428181625204	2.12906152430378759	-1.86586035043163934	2.50184644816052559
460317156.685826718807	1419573.559517174494	-3338893.391567641869	-471550.512346452451	2.12901676767993830	-1.86585157519685652	2.50188624337463983
460317156.702326714993	1419570.237636182923	-3338903.252474340610	-471494.597399493854	2.12897200857072688	-1.86584280046972384	2.50192604109791450
460317156.718826711178	1419566.914258501492	-3338913.111935640685	-471438.681508212991	2.12892724695071189	-1.86583402626263273	2.50196584135693589
460317156.735326707363	1419563.590532502625	-3338922.970588161144	-471382.765520332439	2.12888248282615722	-1.86582525257254517	2.50200564414515281
460317156.751826703548	1419560.266428023111	-3338932.828464251477	-471326.849412089330	2.12883771621600015	-1.86581647939025008	2.50204544944276730
460317156.768326699734	1419556.942005400546	-3338942.685500688385	-471270.933155931532	2.12879306345439456	-1.86580763717716991	2.50208528726250368
460317156.784826695919	1419553.617185632233	-3338952.541766609531	-471215.016817428928	2.12874866571838606	-1.86579864152458419	2.50212519404023670
460317156.801326692104	1419550.292011430487	-3338962.397205329966	-471159.100385421421	2.12870426543643276	-1.86578964638022349	2.50216510338762887
460317156.817826688290	1419546.966479951981	-3338972.251863348763	-471103.183817843499	2.12865986260210471	-1.86578065174722196	2.50220501531139661
460317156.834326684475	1419543.640530493110	-3338982.105779501610	-471047.267162686447	2.12861545722798873	-1.86577165761945385	2.50224492979837976
460317156.850826680660	1419540.314287208254	-3338991.958845665213	-470991.350359615812	2.12857104928230267	-1.86576266401240054	2.50228484688179043
460317156.867326676846	1419536.987704574130	-3339001.811061941553	-470935.433450926677	2.12852669723394516	-1.86575375519705844	2.50232475573123425
460317156.883826673031	1419533.660731076030	-3339011.662524552085	-470879.516436127888	2.12848246776744165	-1.86574502728652059	2.50236464398602543
460317156.900326669216	1419530.333373382455	-3339021.513229705393	-470823.599331608624	2.12843823584244696	-1.86573629987893330	2.50240453472216595
460317156.916826665401	1419527.005684571574	-3339031.363054621499	-470767.682065648842	2.12839400143987589	-1.86572757298360270	2.50244442795960076
460317156.933326661587	1419523.677644878626	-3339041.212098156568	-470711.764721851738	2.12834976455964764	-1.86571884660057652	2.50248432369840756
460317156.949826717377	1419520.349201847333	-3339051.060431271326	-470655.847054541227	2.12830552522703265	-1.86571012071755216	2.50252422191217327
460317156.966326713562	1419517.020422960399	-3339060.907884832006	-470599.929487133748	2.12826119047658491	-1.86570135582521379	2.50256416672518611
460317156.982826709747	1419513.691277449252	-3339070.754546887707	-470544.011792714184	2.12821636382636115	-1.86569238331758092	2.50260434626554629
460317156.999326705933	1419510.361795960693	-3339080.600393420551	-470488.093981023878	2.12817153460789132	-1.86568341132950888	2.50264452839842733
460317157.015826702118	1419507.031911271159	-3339090.445465493947	-470432.176062993705	2.12812670282742422	-1.86567443985795789	2.50268471311729446
460317157.032326698303	1419503.701708989916	-3339100.289719245862	-470376.258031018544	2.12808186847220160	-1.86566546890915208	2.50272490043547746
460317157.048826694489	1419500.371127805440	-3339110.133188208099	-470320.339892701886	2.12803703154213597	-1.86565649848313875	2.50276509035306249
460317157.065326690674	1419497.040207877057	-3339119.975857602432	-470264.421628557087	2.12799258721798568	-1.86564753499843383	2.50280492344743610
460317157.081826686859	1419493.708920988021	-3339129.817711094860	-470208.503257840697	2.12794971909720942	-1.86563859767602302	2.50284332321927661
460317157.098326683044	1419490.377246305346	-3339139.658777334262	-470152.584775320545	2.12790684854310141	-1.86562966082202419	2.50288172544731413
460317157.114826679230	1419487.045201884350	-3339149.499043629505	-470096.666177670180	2.12786397554289941	-1.86562072444265459	2.50292013014488335
460317157.131326675415	1419483.712824821239	-3339159.338514275849	-470040.747478186153	2.12782110009017256	-1.86561178854104903	2.50295853731869844
460317157.147826671600	1419480.380090178689	-3339169.177179810591	-469984.828663573833	2.12777822218482804	-1.86560285311725105	2.50299694696885267
460317157.164326667786	1419477.046989054419	-3339179.015037773643	-469928.909728367231	2.12773527025380282	-1.86559390933664426	2.50303542210458785
460317157.180826663971	1419473.713536587544	-3339188.852092987858	-469872.990681354830	2.12769133859760018	-1.86558484558088322	2.50307476010619068
460317157.197326660156	1419470.379726553336	-3339198.688343085349	-469817.071519213438	2.12764740439283262	-1.86557578232645627	2.50311410068070250
460317157.213826715946	1419467.045528255636	-3339208.523845568299	-469761.152048534539	2.12760346700043090	-1.86556671944445274	2.50315344440100107
460317157.230326712132	1419463.710994716734	-3339218.358518813271	-469705.232657548797	2.12755952771720924	-1.86555765718357480	2.50319279010179851
460317157.246826708317	1419460.376094243955	-3339228.192376143765	-469649.313159991580	2.12751558588513578	-1.86554859542417040	2.50323213837579184
460317157.263326704502	1419457.040851923404	-3339238.025425463915	-469593.393548488151	2.12747161678953667	-1.86553956438739643	2.50327149491145118
460317157.279826700687	1419453.705215602880	-3339247.857685153373	-469537.473821856081	2.12742734417372592	-1.86553090184947212	2.50331092336192196
460317157.296326696873	1419450.370394582627	-3339257.689792006742	-469481.554828049848	2.12738306909513408	-1.86552223982387333	2.50335035429995001
460317157.312826693058	1419447.034037417267	-3339267.520460434724	-469425.634901802812	2.12733879157901029	-1.86551357829828879	2.50338978769914444
460317157.329326689243	1419443.697347468464	-3339277.350321744103	-469369.714846402756	2.12729451161894545	-1.86550491727585577	2.50342922356619724
460317157.345826685429	1419440.360315079102	-3339287.179369734600	-469313.794636671431	2.12725022920853535	-1.86549625675970643	2.50346866190779860
460317157.362326681614	1419437.022879830329	-3339297.007638646290	-469257.874354337691	2.12720594436669641	-1.86548759674061970	2.50350810270417634
