460317152.380730986595 0.000082500000
460317152.380730986595	1420428.261098378804	-3336293.373505325522	-486135.862303050759	2.14028516993927953	-1.86820935014341871	2.49179813169805753
460317152.397230982780	1420425.032137917355	-3336303.442397775594	-486079.976516004535	2.14024267751014596	-1.86820020323145819	2.49183618216337077
460317152.413730978966	1420421.802816300420	-3336313.510501422919	-486024.090605270001	2.14020018262226941	-1.86819105678947484	2.49187423511116668
460317152.430230975151	1420418.573181812419	-3336323.577742142137	-485968.204549713177	2.14015768527554684	-1.86818191081751328	2.49191229054154695
460317152.446730971336	1420415.343103865860	-3336333.644243338145	-485912.318420600495	2.14011518547627899	-1.86817276531255239	2.49195034844791863
460317152.463230967522	1420412.112707579741	-3336343.709941029083	-485856.432150452514	2.14007263560833527	-1.86816360975076412	2.49198844506644646
460317152.479730963707	1420408.881986133987	-3336353.774782516528	-485800.545756153471	2.14002918604658277	-1.86815425621496867	2.49202722691560696
460317152.496230959892	1420405.650867519900	-3336363.838888099883	-485744.659265717259	2.13998573392355906	-1.86814490316583748	2.49206601135031480
460317152.512731015682	1420402.419365238165	-3336373.902203054633	-485688.772456539504	2.13994227924555158	-1.86813555060035186	2.49210479836398857
460317152.529231011868	1420399.187560331542	-3336383.964663621504	-485632.885718265723	2.13989882198045667	-1.86812619853388373	2.49214358799019875
460317152.545731008053	1420395.955336424056	-3336394.026372759603	-485576.998885762354	2.13985536215375660	-1.86811684695422242	2.49218238020228799
460317152.562231004238	1420392.722802803386	-3336404.087227391079	-485521.111896556453	2.13981189975894548	-1.86810749586447811	2.49222117500705620
460317152.578731000423	1420389.489871650701	-3336414.147321725730	-485465.224831652886	2.13976947428925079	-1.86809848327002781	2.49225905603064124
460317152.595230996609	1420386.256601045607	-3336424.206631306559	-485409.337613831682	2.13972710046948178	-1.86808948871604041	2.49229689183018976
460317152.611730992794	1420383.024104706012	-3336434.265749347862	-485353.451127190259	2.13968472423418810	-1.86808049463088555	2.49233473006917183
460317152.628230988979	1420379.790116798598	-3336444.323399044108	-485297.563699319202	2.13964234558327515	-1.86807150101460673	2.49237257074768070
460317152.644730985165	1420376.555756512331	-3336454.380310827401	-485241.676161285548	2.13959996453583745	-1.86806250785805217	2.49241041384574169
460317152.661230981350	1420373.321034235181	-3336464.436388049740	-485185.788486038044	2.13955758107258731	-1.86805351517046114	2.49244825938352177
460317152.677730977535	1420370.085944785737	-3336474.491685540881	-485129.900711096067	2.13951405933941974	-1.86804449264764738	2.49248747796090830
460317152.694230973721	1420366.850500246510	-3336484.546170627233	-485074.012815559632	2.13947029607631745	-1.86803546424382416	2.49252698749279977
460317152.710730969906	1420363.614691620227	-3336494.599856902845	-485018.124787546869	2.13942653031601182	-1.86802643633654153	2.49256649954503118
460317152.727230966091	1420360.378512574360	-3336504.652771065477	-484962.236665304983	2.13938276202643074	-1.86801740894117474	2.49260601415114058
460317152.743730962276	1420357.141999745741	-3336514.704852497671	-484906.348413679574	2.13933899123306848	-1.86800838204550823	2.49264553128445998
460317152.760230958462	1420353.905107618077	-3336524.756159359589	-484850.460062360973	2.13929521792943733	-1.86799935565265418	2.49268505095177018
460317152.776731014252	1420350.667841246352	-3336534.806686361786	-484794.571383743023	2.13925200624184075	-1.86799011609099241	2.49272371866070452
460317152.793231010437	1420347.430244756397	-3336544.856376918964	-484738.682781493233	2.13920890639037253	-1.86798083369790802	2.49276221568213963
460317152.809731006622	1420344.192271903157	-3336554.905275383033	-484682.794067437935	2.13916580401534473	-1.86797155178369523	2.49280071525111957
460317152.826231002808	1420340.953962025698	-3336564.953348733019	-484626.905229463067	2.13912269910386232	-1.86796227035453222	2.49283921738112602
460317152.842730998993	1420337.715269885026	-3336575.000637519173	-484571.016283006174	2.13907959167499762	-1.86795298940126631	2.49287772205220692
460317152.859230995178	1420334.476216832409	-3336585.047148928046	-484515.127240180853	2.13903648170946425	-1.86794370893314188	2.49291622928452661
460317152.875730991364	1420331.236783999717	-3336595.092864404432	-484459.238063695491	2.13899411582886456	-1.86793454273485882	2.49295401935398875
460317152.892230987549	1420327.997008253587	-3336605.137762292288	-484403.348766613577	2.13895191042991772	-1.86792540183062084	2.49299165483532947
460317152.908730983734	1420324.756862389622	-3336615.181870445609	-484347.459361050802	2.13890970195933594	-1.86791626126665467	2.49302929334712609
460317152.925230979919	1420321.516376592685	-3336625.225170998368	-484291.569843682519	2.13886749167700208	-1.86790712128786596	2.49306693375971733
460317152.941730976105	1420318.275547716999	-3336635.267642502673	-484235.680178399663	2.13882527896242269	-1.86789798176726585	2.49310457662804419
460317152.958230972290	1420315.034312044270	-3336645.309357379563	-484179.790418888617	2.13878306380910166	-1.86788884270796318	2.49314222195889545
460317152.974730968475	1420311.792754940223	-3336655.350245797541	-484123.900557313638	2.13874000118811658	-1.86787957597108734	2.49318072286770187
460317152.991230964661	1420308.550815634662	-3336665.390364132822	-484068.010560167080	2.13869653734320675	-1.86787024925563694	2.49321962883929471
460317153.007730960846	1420305.308481466491	-3336675.429694722407	-484012.120468562469	2.13865307093141599	-1.86786092303127571	2.49325853740214898
460317153.024230957031	1420302.065822451375	-3336685.468195015099	-483956.230253038229	2.13860960193985150	-1.86785159730418471	2.49329744856974278
460317153.040731012821	1420298.822807759745	-3336695.505911067128	-483900.339692868351	2.13856613040036381	-1.86784227205907549	2.49333636230876188
460317153.057231009007	1420295.579426425509	-3336705.542807715945	-483844.449229736929	2.13852265628088833	-1.86783294731132976	2.49337527865273456
460317153.073731005192	1420292.335669490974	-3336715.578959548846	-483788.558688999037	2.13847986269035051	-1.86782404360130960	2.49341368398040419
460317153.090231001377	1420289.091571935918	-3336725.614256469999	-483732.668002255901	2.13843733095359534	-1.86781530305234056	2.49345189304236214
460317153.106730997562	1420285.847100988030	-3336735.648743757512	-483676.777191594301	2.13839479687113432	-1.86780656296911340	2.49349010447250130
460317153.123230993748	1420282.602302982472	-3336745.682452544104	-483620.886255334190	2.13835226042371573	-1.86779782336087252	2.49352831829095223
460317153.139730989933	1420279.357094747014	-3336755.715386363678	-483564.995230080269	2.13830972161125210	-1.86778908422766277	2.49356653449779930
460317153.156230986118	1420276.111540987156	-3336765.747502487153	-483509.104082090722	2.13826718045922437	-1.86778034555725370	2.49360475306639362
460317153.172730982304	1420272.865619261283	-3336775.778793103062	-483453.212820881861	2.13822412754523228	-1.86777142004684182	2.49364330133226897
460317153.189230978489	1420269.620528071420	-3336785.809942444786	-483397.322266591131	2.13818071287091316	-1.86776236290224129	2.49368208294895100
460317153.205730974674	1420266.373903000262	-3336795.839662435465	-483341.430767977959	2.13813729571414868	-1.86775330624330604	2.49372086707188290
460317153.222230970860	1420263.126937878085	-3336805.868563345633	-483285.539130238933	2.13809387606206203	-1.86774425007621825	2.49375965371452457
460317153.238730967045	1420259.879584495444	-3336815.896688753273	-483229.647408013523	2.13805045392733595	-1.86773519439488767	2.49379844286360886
460317153.255230963230	1420256.631857417291	-3336825.923994619399	-483173.755555221054	2.13800702930987407	-1.86772613919936026	2.49383723451923123
460317153.271730959415	1420253.383809167892	-3336835.950499953702	-483117.863600595214	2.13796362686167152	-1.86771717153217987	2.49387609208400018
460317153.288231015205	1420250.135344162583	-3336845.976266031619	-483061.971336247341	2.13792023879453463	-1.86770826370909870	2.49391499534738559
460317153.304731011391	1420246.886564685963	-3336856.001181276049	-483006.079122131749	2.13787684827655156	-1.86769935637599760	2.49395390108532933
460317153.321231007576	1420243.637393493438	-3336866.025302689523	-482950.186828764097	2.13783345530763258	-1.86769044953292163	2.49399280929792022
460317153.337731003761	1420240.387873107102	-3336876.048620169051	-482894.294405060005	2.13779005987491910	-1.86768154318605273	2.49403171999860174
460317153.354230999947	1420237.138013355201	-3336886.071138349827	-482838.401855526376	2.13774666199748076	-1.86767263732623157	2.49407063316742583
460317153.370730996132	1420233.887761726044	-3336896.092851239257	-482782.509199421154	2.13770334025975695	-1.86766360942519793	2.49410943449916100
460317153.387230992317	1420230.637185850181	-3336906.113769649994	-482726.616426276218	2.13766010804962336	-1.86765443851545987	2.49414810449281443
460317153.403730988503	1420227.386215001112	-3336916.133888830896	-482670.723531354044	2.13761687333412853	-1.86764526808778175	2.49418677701563629
460317153.420230984688	1420224.134904969484	-3336926.153220163193	-482614.830537921283	2.13757363610678075	-1.86763609814528042	2.49422545207440871
460317153.436730980873	1420220.883218717761	-3336936.171773847658	-482558.937405593926	2.13753039637386522	-1.86762692868493141	2.49426412966255473
460317153.453230977058	1420217.631176804891	-3336946.189480786677	-482503.044166463951	2.13748715412250823	-1.86761775971291977	2.49430280979353158
460317153.469730973244	1420214.378783242544	-3336956.206395147834	-482447.150822177064	2.13744405993947550	-1.86760870744267327	2.49434154764583349
460317153.486230969429	1420211.126034615329	-3336966.222513093147	-482391.257350877393	2.13740114904045564	-1.86759979901618323	2.49438035605626318
460317153.502730965614	1420207.872915970860	-3336976.237841260619	-482335.363771096105	2.13735823571389094	-1.86759089107005405	2.49441916691705856
460317153.519230961800	1420204.619433046086	-3336986.252360659186	-482279.470052189485	2.13731531995969037	-1.86758198360433125	2.49445798022830978
460317153.535730957985	1420201.365577027900	-3336996.266109354328	-482223.576257585373	2.13727240175861244	-1.86757307662826744	2.49449679601013319
460317153.552231013775	1420198.111377019435	-3337006.279032762162	-482167.682111456059	2.13722948113610434	-1.86756417012962972	2.49453561423591319
460317153.568731009960	1420194.856814257102	-3337016.291164944880	-482111.788063780288	2.13718658943907736	-1.86755524318423416	2.49457431826264475
460317153.585231006145	1420191.601875317283	-3337026.302532483358	-482055.893925200508	2.13714375534337986	-1.86754627664502393	2.49461280137576802
460317153.601731002331	1420188.346571895527	-3337036.313065300230	-481999.999647264543	2.13710091882160791	-1.86753731057792849	2.49465128693783678
460317153.618230998516	1420185.090937821660	-3337046.322775312699	-481944.105248734355	2.13705807985452001	-1.86752834499220244	2.49468977496896738
460317153.634730994701	1420181.834927733755	-3337056.331719115376	-481888.210738628462	2.13701523844840580	-1.86751937988481997	2.49472826546257709
460317153.651230990887	1420178.578568624565	-3337066.339842909481	-481832.316104603698	2.13697239460317157	-1.86751041525582551	2.49476675841875961
460317153.667730987072	1420175.321827231208	-3337076.347183639184	-481776.421382768836	2.13692934669476697	-1.86750151973013168	2.49480560697136911
460317153.684230983257	1420172.064755235799	-3337086.353716047481	-481720.526513250428	2.13688556779590932	-1.86749287267614639	2.49484573400703935
460317153.700730979443	1420168.807303887093	-3337096.359447868541	-481664.631543808558	2.13684178647791878	-1.86748422612932918	2.49488586348407182
460317153.717230975628	1420165.549464187818	-3337106.364392694551	-481608.736462560249	2.13679800274710718	-1.86747558008665471	2.49492599539586202
460317153.733730971813	1420162.291318132775	-3337116.368504371960	-481552.841260717949	2.13675421657149478	-1.86746693456352020	2.49496612977584853
460317153.750230967999	1420159.032780300593	-3337126.371825221926	-481496.945925215841	2.13671042797654209	-1.86745828954768855	2.49500626659740465
460317153.766730964184	1420155.773891203804	-3337136.374363365583	-481441.050491202972	2.13666676126433153	-1.86744951192620889	2.49504607888580843
460317153.783230960369	1420152.515804270981	-3337146.376717966516	-481385.155783137656	2.13662353377055103	-1.86744026177174516	2.49508473175726619
460317153.799731016159	1420149.256168087944	-3337156.377719942946	-481329.259919039265	2.13658030310059299	-1.86743101197627337	2.49512338776377263
460317153.816231012344	1420145.996201541973	-3337166.377833507024	-481273.364130848204	2.13653707054380426	-1.86742176278782868	2.49516204574634992
460317153.832731008530	1420142.735862118658	-3337176.377174783032	-481217.468246288714	2.13649383545217564	-1.86741251408399700	2.49520070628796731
460317153.849231004715	1420139.475179980043	-3337186.375712893903	-481161.572214045678	2.13645059782560631	-1.86740326586482186	2.49523936938872559
460317153.865731000900	1420136.214115591487	-3337196.373467924539	-481105.676093992079	2.13640744139204486	-1.86739406420803089	2.49527793033515488
460317153.882230997086	1420132.952668563230	-3337206.370402470697	-481049.779858578171	2.13636455457313268	-1.86738501276149482	2.49531615349421632
460317153.898730993271	1420129.690912662772	-3337216.366545761470	-480993.883494242036	2.13632166527728184	-1.86737596179932686	2.49535437915503389
460317153.915230989456	1420126.428764972603	-3337226.361883718986	-480937.987023333786	2.13627877352991646	-1.86736691130928434	2.49539260729101864
460317153.931730985641	1420123.166277855635	-3337236.356423896737	-480882.090447268391	2.13623587931817660	-1.86735786129755610	2.49543083791561182
460317153.948230981827	1420119.903423392214	-3337246.350146845914	-480826.193743960408	2.13619298265472413	-1.86734881175804301	2.49546907101556936
460317153.964730978012	1420116.640192970401	-3337256.343103563413	-480770.296929076489	2.13615001575378116	-1.86733975733148005	2.49550738140624206
460317153.981230974197	1420113.376616721274	-3337266.335248677060	-480714.399978391128	2.13610614716741987	-1.86733063225426088	2.49554668675924640
460317153.997730970383	1420110.112679542974	-3337276.326590377837	-480658.502931107709	2.13606227604024479	-1.86732150767698357	2.49558599467727049
460317154.014230966568	1420106.848359962227	-3337286.317137533799	-480602.605768694077	2.13601840237853668	-1.86731238359662277	2.49562530515374226
460317154.030730962753	1420103.583685735706	-3337296.306898129173	-480546.708485916257	2.13597452617581851	-1.86730326001629954	2.49566461819542695
460317154.047230958939	1420100.318680561846	-3337306.295811500400	-480490.811102983775	2.13593064741923833	-1.86729413694220470	2.49570393381576006
460317154.063731014729	1420097.053295703838	-3337316.283992883749	-480434.913369218295	2.13588693311176225	-1.86728503568665882	2.49574308489220931
460317154.080231010914	1420093.787538434844	-3337326.271347826812	-480379.015762905765	2.13584459923308723	-1.86727611152222561	2.49578085458336973
460317154.096731007099	1420090.521435354138	-3337336.257891157642	-480323.118020792201	2.13580226296038500	-1.86726718782106782	2.49581862669204613
460317154.113231003284	1420087.254974505631	-3337346.243639496621	-480267.220170196902	2.13575992429355654	-1.86725826458322985	2.49585640121833396
460317154.129730999470	1420083.988155558240	-3337356.228582945652	-480211.322204471566	2.13571758322613503	-1.86724934181182678	2.49589417816899273
460317154.146230995655	1420080.720993735129	-3337366.212697261013	-480155.424090831948	2.13567523977077922	-1.86724041950075570	2.49593195753078056
460317154.162730991840	1420077.453404669650	-3337376.196094967425	-480099.525905049406	2.13563289393376987	-1.86723149764698593	2.49596973929712629
460317154.179230988026	1420074.185502887471	-3337386.178631181363	-480043.627595117898	2.13558814812397380	-1.86722235009009507	2.49600993453384001
460317154.195730984211	1420070.917254984612	-3337396.160345879383	-479987.729142737167	2.13554333439983690	-1.86721319689824594	2.49605019807665141
460317154.212230980396	1420067.648610192118	-3337406.141324541997	-479931.830594218336	2.13549851807425117	-1.86720404422645370	2.49609046424511805
460317154.228730976582	1420064.379634851357	-3337416.121480355505	-479875.931925105979	2.13545369913437622	-1.86719489208091338	2.49613073305266164
460317154.245230972767	1420061.110268107615	-3337426.100840704981	-479820.033156068355	2.13540887759923415	-1.86718574045245633	2.49617100447938611
460317154.261730968952	1420057.840561450459	-3337436.079367408529	-479764.134274995537	2.13536405344961100	-1.86717658935035136	2.49621127854537805
460317154.278230965137	1420054.570494167041	-3337446.057131116278	-479708.235270464676	2.13531921291512283	-1.86716797329258832	2.49625174869017075
460317154.294730961323	1420051.300041546812	-3337456.034090267960	-479652.336142016342	2.13527436979828522	-1.86715936319778364	2.49629222327060818
460317154.311230957508	1420048.029258608352	-3337466.010252509266	-479596.436893202481	2.13522952420820777	-1.86715075363538086	2.49633270034845367
460317154.327731013298	1420044.758086246205	-3337475.985633073375	-479540.537349643477	2.13518467616394325	-1.86714214459620620	2.49637317990378138
460317154.344231009483	1420041.486572231399	-3337485.960192139726	-479484.637889101345	2.13513982565268101	-1.86713353608645405	2.49641366194998326
460317154.360731005669	1420038.215860605473	-3337495.934566108976	-479428.739133834606	2.13509497268072934	-1.86712492810309727	2.49645414648045927
460317154.377231001854	1420034.943636866054	-3337505.907516168896	-479372.839425685466	2.13505117654872079	-1.86711590979858699	2.49649334983100069
460317154.393730998039	1420031.671048839577	-3337515.879658954684	-479316.939599082165	2.13500755736085202	-1.86710682238832071	2.49653233825116905
460317154.410230994225	1420028.398100282997	-3337525.851008194033	-479261.039682528470	2.13496393566403864	-1.86709773546762903	2.49657132920413982
460317154.426730990410	1420025.124790578615	-3337535.821558587253	-479205.139635637810	2.13492031144544292	-1.86708864904270522	2.49661032270333205
460317154.443230986595	1420021.851086733630	-3337545.791329460219	-479149.239480266231	2.13487668473045034	-1.86707956310130041	2.49664931872219809
460317154.459730982780	1420018.577043225057	-3337555.760292620398	-479093.339213089377	2.13483305548710600	-1.86707047765883183	2.49668831729414320
460317154.476230978966	1420015.302645143354	-3337565.728469188791	-479037.438825547521	2.13479056572931025	-1.86706149057416848	2.49672611992891236
460317154.492730975151	1420012.027873743791	-3337575.695837580133	-478981.538334758836	2.13474828996527455	-1.86705252249686038	2.49676369789176311
460317154.509230971336	1420008.752771674190	-3337585.662371643819	-478925.637696055230	2.13470601180073061	-1.86704355487940998	2.49680127827879295
460317154.525730967522	1420005.477299937280	-3337595.628127304837	-478869.736976190528	2.13466373123558295	-1.86703458772186037	2.49683886109009689
460317154.542230963707	1420002.201467073523	-3337605.593084109481	-478813.836125989386	2.13462144826336520	-1.86702562102732728	2.49687644633243222
460317154.558730959892	1419998.925251901150	-3337615.557246327400	-478757.935160658439	2.13457916289672234	-1.86701665478970535	2.49691403399257217
460317154.575231015682	1419995.648687713547	-3337625.520638010930	-478702.033881325158	2.13453642365987939	-1.86700781684282835	2.49695221327802885
460317154.591731011868	1419992.371759966947	-3337635.483208705205	-478646.132680499926	2.13449352036019047	-1.86699902555368125	2.49699060632010195
460317154.608231008053	1419989.094468736788	-3337645.444975852966	-478590.231380935176	2.13445061468389863	-1.86699023473227221	2.49702900176130793
460317154.624731004238	1419985.816825401736	-3337655.405930544250	-478534.329962917138	2.13440770659907475	-1.86698144439402047	2.49706739963502544
460317154.641231000423	1419982.538827191107	-3337665.366088735871	-478478.428417886549	2.13436479611200358	-1.86697265453589378	2.49710579993468063
460317154.657730996609	1419979.260468494846	-3337675.325453361496	-478422.526782905159	2.13432188323533367	-1.86696386515178747	2.49714420264704184
460317154.674230992794	1419975.981727221282	-3337685.284027985297	-478366.624999056978	2.13427816309675622	-1.86695498823851591	2.49718325792741336
460317154.690730988979	1419972.702677281806	-3337695.241780758370	-478310.723119791888	2.13423392726432359	-1.86694605571336703	2.49722273027453578
460317154.707230985165	1419969.423196007265	-3337705.198751257733	-478254.821139422129	2.13418968893742100	-1.86693712368762688	2.49726220513982256
460317154.723730981350	1419966.143396783387	-3337715.154918089975	-478198.919018015906	2.13414544809685314	-1.86692819217057115	2.49730168254333584
460317154.740230977535	1419962.863236755366	-3337725.110281456262	-478143.016800010169	2.13410120474890252	-1.86691926115916984	2.49734116247850446
460317154.756730973721	1419959.582697592676	-3337735.064858645201	-478087.114454993512	2.13405695889984770	-1.86691033065039469	2.49738064493875767
460317154.773230969906	1419956.301809229422	-3337745.018591358792	-478031.212006497954	2.13401315077956966	-1.86690124929440948	2.49741984868671141
460317154.789730966091	1419953.020582168130	-3337754.971576561686	-477975.309432635200	2.13396961677430363	-1.86689207332170581	2.49745887825692314
460317154.806230962276	1419949.738972299267	-3337764.923731315881	-477919.406736763660	2.13392608023544383	-1.86688289783786465	2.49749791038450963
460317154.822730958462	1419946.456995947752	-3337774.875116074923	-477863.503947847930	2.13388254115652165	-1.86687372284600905	2.49753694507622903
460317154.839231014252	1419943.174657828175	-3337784.825715655461	-477807.600831633434	2.13383899954380452	-1.86686454834310878	2.49757598232552436
460317154.855731010437	1419939.891968776938	-3337794.775482906494	-477751.697806993208	2.13379545538445203	-1.86685537433536486	2.49761502214581288
460317154.872231006622	1419936.608906478155	-3337804.724441950209	-477695.794679106504	2.13375191451645163	-1.86684631862938932	2.49765396360871739
460317154.888731002808	1419933.325489824172	-3337814.672612814233	-477639.891410183511	2.13370837472502872	-1.86683733528513018	2.49769284600250119
460317154.905230998993	1419930.041739488952	-3337824.619968402199	-477583.988026132167	2.13366483243106053	-1.86682835244005685	2.49773173092370149
460317154.921730995178	1419926.757585608866	-3337834.566549690440	-477528.084535739501	2.13362128765991166	-1.86681937008190935	2.49777061834579328
460317154.938230991364	1419923.473126243800	-3337844.512317536864	-477472.180938048055	2.13357774039875991	-1.86681038821688650	2.49780950828217785
460317154.954730987549	1419920.189414386638	-3337854.457920148037	-477416.278062979458	2.13353419066660788	-1.86680140683580365	2.49784840071298397
460317154.971230983734	1419916.904196447227	-3337864.402091226075	-477360.374231704802	2.13349038062596019	-1.86679231463688922	2.49788756377250998
460317154.987730979919	1419913.618648089934	-3337874.345439398661	-477304.470279835863	2.13344626666850345	-1.86678309283484190	2.49792704280792455
460317155.004230976105	1419910.332705575507	-3337884.288024058100	-477248.566213067505	2.13340215013173129	-1.86677387153377738	2.49796652444681788
460317155.020730972290	1419907.046399316983	-3337894.229795245919	-477192.662040911731	2.13335803102190802	-1.86676465073066433	2.49800600868263833
460317155.037230968475	1419903.759744337993	-3337904.170773828402	-477136.757765738817	2.13331390930711340	-1.86675543044093817	2.49804549554875033
460317155.053730964661	1419900.472710266942	-3337914.110966213048	-477080.853363554052	2.13326978501269915	-1.86674621065233759	2.49808498501864529
460317155.070230960846	1419897.185358052375	-3337924.050314469263	-477024.948847192049	2.13322689775216778	-1.86673712099351774	2.49812334007079739
460317155.086730957031	1419893.897629741579	-3337933.988886512350	-476969.044212607085	2.13318523939693439	-1.86672816055951407	2.49816056814755516
460317155.103231012821	1419890.609509730944	-3337943.926717164461	-476913.139254277921	2.13314357868931204	-1.86671920056481344	2.49819779859897384
460317155.119731009007	1419887.321050930303	-3337953.863695814274	-476857.234414612292	2.13310191559739160	-1.86671024102484284	2.49823503145840764
460317155.136231005192	1419884.032255007885	-3337963.799827829003	-476801.329417060537	2.13306025012743650	-1.86670128193656915	2.49827226671930269
460317155.152731001377	1419880.743071682053	-3337973.735220038332	-476745.424341901962	2.13301858229207042	-1.86669232329387813	2.49830950436845756
460317155.169230997562	1419877.453512210166	-3337983.669808522798	-476689.519127618056	2.13297631972827739	-1.86668328529531236	2.49834727309700799
460317155.185730993748	1419874.163606923539	-3337993.603572383989	-476633.613825292734	2.13293304934138295	-1.86667411234641301	2.49838594161321836
460317155.202230989933	1419870.873362467857	-3338003.536552862730	-476577.708390722109	2.13288977642599153	-1.86666493988457871	2.49842461268230709
460317155.218730986118	1419867.582735604839	-3338013.468712755479	-476521.802840790071	2.13284650100108042	-1.86665576790061993	2.49846328628442915
460317155.235230982304	1419864.291754506296	-3338023.400111948606	-476465.897170725861	2.13280322304746761	-1.86664659640381725	2.49850196243963429
460317155.251730978489	1419861.000430528307	-3338033.330668996088	-476409.991400507803	2.13275994256504831	-1.86663742539421595	2.49854064114802688
460317155.268230974674	1419857.708733734442	-3338043.260442192666	-476354.085506600968	2.13271741142273985	-1.86662824655626580	2.49857875296396337
460317155.284730970860	1419854.416682139272	-3338053.189404352568	-476298.179512771894	2.13267608717917323	-1.86661905481246593	2.49861595133274150
460317155.301230967045	1419851.124233443756	-3338063.117592990398	-476242.273395254160	2.13263476053328827	-1.86660986350401381	2.49865315212592964
460317155.317730963230	1419847.831448366866	-3338073.044982280582	-476186.367154048407	2.13259343145317715	-1.86660067264634422	2.49869035537687934
460317155.334230959415	1419844.538314734120	-3338082.971562893596	-476130.460816245002	2.13255209994508821	-1.86659148223642246	2.49872756107905269
460317155.350731015205	1419841.244798273547	-3338092.897377047688	-476074.554139258689	2.13251076603434520	-1.86658229226197570	2.49876476920597002
460317155.367231011391	1419837.950906701852	-3338102.822382182349	-476018.647601839097	2.13246895919771795	-1.86657312880618753	2.49880235192195599
460317155.383731007576	1419834.656705945730	-3338112.746547101066	-475962.740880627069	2.13242565010484553	-1.86656404955903232	2.49884112306931527
460317155.400231003761	1419831.362114004092	-3338122.669929483440	-475906.834107483272	2.13238233850406367	-1.86655497080053889	2.49887989674876954
460317155.416730999947	1419828.067170608789	-3338132.592522177845	-475850.927174773475	2.13233902440798939	-1.86654589252459435	2.49891867294712400
460317155.433230996132	1419824.771881380351	-3338142.514262725133	-475795.020133121172	2.13229570781652367	-1.86653681473124355	2.49895745166447725
460317155.449730992317	1419821.476195319323	-3338152.435268700123	-475739.113016002171	2.13225238871685230	-1.86652773742669287	2.49899623291421946
460317155.466230988503	1419818.180172509048	-3338162.355437914841	-475683.205747645174	2.13220910527736951	-1.86651874595508604	2.49903495824553312
460317155.482730984688	1419814.883786253165	-3338172.274819565937	-475627.298374130332	2.13216595809004605	-1.86651006509860240	2.49907347364651899
460317155.499230980873	1419811.587023605127	-3338182.193400585558	-475571.390902833606	2.13212280850927094	-1.86650138472867710	2.49911199146496932
460317155.515730977058	1419808.289943291340	-3338192.111176324543	-475515.483269830816	2.13207965655403742	-1.86649270483611485	2.49915051168102487
460317155.532230973244	1419804.993635340827	-3338202.028797850944	-475459.576393418247	2.13203650221790664	-1.86648402542403824	2.49918903430141270
460317155.548730969429	1419801.695815164130	-3338211.944970897865	-475403.668584564701	2.13199334549444064	-1.86647534649557212	2.49922755933285767
460317155.565230965614	1419798.397631414235	-3338221.860359412152	-475347.760616144107	2.13195024070013961	-1.86646663520807210	2.49926603774231904
460317155.581730961800	1419795.099050098564	-3338231.774951554369	-475291.852565149369	2.13190750811484220	-1.86645769786711435	2.49930418042458014
460317155.598230957985	1419791.800156847807	-3338241.688717948738	-475235.944396883482	2.13186477308925948	-1.86644876100337598	2.49934232557130098
460317155.614731013775	1419788.500862607965	-3338251.601732118055	-475180.035913432017	2.13182203565506967	-1.86643982460150237	2.49938047314936007
460317155.631231009960	1419785.201235985849	-3338261.513925595675	-475124.127497789916	2.13177929578040537	-1.86643088867693763	2.49941862319206631
460317155.647731006145	1419781.901239558123	-3338271.425330691040	-475068.218994338415	2.13173655347152557	-1.86642195322664595	2.49945677569287161
460317155.664231002331	1419778.600918674609	-3338281.335877795704	-475012.310346066428	2.13169380874104952	-1.86641301824450911	2.49949493063857986
460317155.680730998516	1419775.300198008073	-3338291.245680324268	-474956.401613538910	2.13165109937913488	-1.86640367486627046	2.49953269293262759
460317155.697230994701	1419771.999122288777	-3338301.154661885928	-474900.492774440208	2.13160838760961635	-1.86639433053712289	2.49957045641599995
460317155.713730990887	1419768.697701359866	-3338311.062841615174	-474844.583806189592	2.13156567331976543	-1.86638498667069697	2.49960822244398040
460317155.730230987072	1419765.395910459571	-3338320.970221502241	-474788.674722808297	2.13152295650311085	-1.86637564327011884	2.49964599102332752
460317155.746730983257	1419762.093743688194	-3338330.876809074543	-474732.765527621959	2.13148023716588630	-1.86636630033235384	2.49968376214751897
460317155.763230979443	1419758.791222235654	-3338340.782600065228	-474676.856205423770	2.13143751117323932	-1.86635695834737514	2.49972154188704909
460317155.779730975628	1419755.488367692335	-3338350.687569560483	-474620.946781161823	2.13139358813843849	-1.86634775703299538	2.49976107943953263
460317155.796230971813	1419752.185140268411	-3338360.591756727546	-474565.037253883493	2.13134966251815072	-1.86633855622375222	2.49980061960182676
460317155.812730967999	1419748.881555189611	-3338370.495137318037	-474509.127590803255	2.13130573432497794	-1.86632935591353344	2.49984016236075179
460317155.829230964184	1419745.577594246250	-3338380.397725590505	-474453.217815918382	2.13126180355882067	-1.86632015610238455	2.49987970771640766
460317155.845730960369	1419742.273275676649	-3338390.299520303030	-474397.307953223411	2.13121787020051645	-1.86631095679959857	2.49991925568881923
460317155.862231016159	1419738.968598972308	-3338400.200548083987	-474341.397757995524	2.13117395425638190	-1.86630176508309953	2.49995878631534696
460317155.878731012344	1419735.663580341265	-3338410.100718414411	-474285.487638905121	2.13113138632610521	-1.86629305307291760	2.49999697198164039
460317155.895231008530	1419732.358149317792	-3338420.000127963722	-474229.577401591989	2.13108881604467371	-1.86628434152621336	2.50003516002151782
460317155.911731004715	1419729.052394125611	-3338429.898718465585	-474173.667067679868	2.13104624338024662	-1.86627563045843825	2.50007335046825796
460317155.928231000900	1419725.746290627867	-3338439.796498687472	-474117.756616497005	2.13100366835814636	-1.86626691985730764	2.50011154329538643
460317155.944730997086	1419722.439826526912	-3338449.693475355394	-474061.846068716026	2.13096109097193853	-1.86625820972594481	2.50014973850962630
460317155.961230993271	1419719.132976932917	-3338459.589653494302	-474005.935383950593	2.13091851122153786	-1.86624950006439394	2.50018793611106149
460317155.977730989456	1419715.825788584538	-3338469.485043598805	-473950.024600675970	2.13087460734055778	-1.86624051714104322	2.50022718311267855
460317155.994230985641	1419712.518245596439	-3338479.379637105390	-473894.113690389320	2.13083047315329921	-1.86623148754959067	2.50026661309749887
460317156.010730981827	1419709.210320540704	-3338489.273435914423	-473838.202664972632	2.13078633643622783	-1.86622245845777468	2.50030604563609682
460317156.027230978012	1419705.902022541733	-3338499.166410377715	-473782.291542727093	2.13074219719559377	-1.86621342986256189	2.50034548072193319
460317156.043730974197	1419702.593391606584	-3338509.058605323080	-473726.380312231428	2.13069805539955759	-1.86620440177941127	2.50038491838828447
460317156.060230970383	1419699.284399951808	-3338518.949999739882	-473670.468930727337	2.13065391107342483	-1.86619537419603931	2.50042435860869539
460317156.076730966568	1419695.975059648277	-3338528.840559481177	-473614.557452394802	2.13061181811160161	-1.86618630026090315	2.50046185193052706
460317156.093230962753	1419692.665325542446	-3338538.730367082637	-473558.645886481623	2.13056996351745198	-1.86617722128573194	2.50049911915241418
460317156.109730958939	1419689.355242872844	-3338548.619368987624	-473502.734169561358	2.13052810650835900	-1.86616814276080278	2.50053638881274409
460317156.126231014729	1419686.045968529535	-3338558.508213328663	-473446.822991598106	2.13048624709056433	-1.86615906468307591	2.50057366090498912
460317156.142731010914	1419682.735161411110	-3338568.395588211715	-473390.911066043132	2.13044438525761715	-1.86614998705567592	2.50061093543588653
460317156.159231007099	1419679.424002998276	-3338578.282186364755	-473334.999028913677	2.13040252099671168	-1.86614090988481385	2.50064821241881452
460317156.175731003284	1419676.112471700879	-3338588.167974655982	-473279.086867866223	2.13035860802465526	-1.86613184660253961	2.50068753309983549
460317156.192230999470	1419672.800601363182	-3338598.052965002134	-473223.174601660983	2.13031405024702591	-1.86612278804962872	2.50072749703033059
460317156.208730995655	1419669.488339836244	-3338607.937175787985	-473167.262229115295	2.13026948989537068	-1.86611373001110104	2.50076746355912771
460317156.225230991840	1419666.175757265650	-3338617.820548424497	-473111.349727186025	2.13022492696959320	-1.86610467248700629	2.50080743268632011
460317156.241730988026	1419662.862823194591	-3338627.703118380625	-473055.437113451480	2.13018036146325418	-1.86609561548047598	2.50084740441863529
460317156.258230984211	1419659.549498266308	-3338637.584918668959	-472999.524400025373	2.13013579338895731	-1.86608655898539166	2.50088737874289491
460317156.274730980396	1419656.235821666894	-3338647.465904817451	-472943.611547473236	2.13009272446258713	-1.86607750802463901	2.50092568290628625
460317156.291230976582	1419652.921748158755	-3338657.346130385529	-472887.698619224713	2.13005009146805691	-1.86606845900004492	2.50096350123127475
460317156.307730972767	1419649.607356541092	-3338667.225500280969	-472831.785549479944	2.13000745603099517	-1.86605941043757495	2.50100132202246384
460317156.324230968952	1419646.292583300732	-3338677.104112856090	-472775.872392156103	2.12996481813861038	-1.86605036234344013	2.50103914529321836
460317156.340730965137	1419642.977479381021	-3338686.981881075073	-472719.959080269735	2.12992217779079862	-1.86604131471768508	2.50107697104364135
460317156.357230961323	1419639.662003105739	-3338696.858860770240	-472664.045678432798	2.12987953500649763	-1.86603226755110119	2.50111479925393398
460317156.373730957508	1419636.346150955418	-3338706.735064152628	-472608.132158373133	2.12983602106679593	-1.86602320035718749	2.50115361897295596
460317156.390231013298	1419633.029952868121	-3338716.610480910167	-472552.218332869641	2.12979199077728332	-1.86601412143028256	2.50119302608133909
460317156.406731009483	1419629.713376576547	-3338726.485083176754	-472496.304604405828	2.12974795859933064	-1.86600504312424054	2.50123243516809302
460317156.423231005669	1419626.396446037339	-3338736.358898709062	-472440.390755578177	2.12970392387352092	-1.86599596531916223	2.50127184682687664
460317156.439731001854	1419623.079175789375	-3338746.231868981384	-472384.476767395216	2.12965988659975380	-1.86598688801509627	2.50131126105778945
460317156.456230998039	1419619.761539010098	-3338756.104059238918	-472328.562679519353	2.12961584677159133	-1.86597781121517481	2.50135067786755583
460317156.472730994225	1419616.443526585121	-3338765.975441079121	-472272.648486256483	2.12957260681329652	-1.86596851956334797	2.50138935407594820
460317156.489230990410	1419613.125153543195	-3338775.846035374328	-472216.734189976938	2.12952985648629411	-1.86595909629883816	2.50142757701988172
460317156.505730986595	1419609.806441558292	-3338785.715846190229	-472160.819761451450	2.12948710358648041	-1.86594967350894869	2.50146580256103501
460317156.522230982780	1419606.487353289034	-3338795.584828792140	-472104.905214242055	2.12944434812642847	-1.86594025118755491	2.50150403068626259
460317156.538730978966	1419603.167920126114	-3338805.453020956367	-472048.990565198415	2.12940159009967100	-1.86593082933778831	2.50154226140231684
460317156.555230975151	1419599.848120231880	-3338815.320407153573	-471993.075816232944	2.12935882950609212	-1.86592140795969419	2.50158049470931410
460317156.571730971336	1419596.527953652199	-3338825.187001871876	-471937.160940255155	2.12931598659018873	-1.86591231391283663	2.50161881765136718
460317156.588230967522	1419593.207417571917	-3338835.052806580905	-471881.245955796912	2.12927306638721747	-1.86590352709166130	2.50165722474400543
460317156.604730963707	1419589.886542199878	-3338844.917803416494	-471825.330859532638	2.12923014376696251	-1.86589474075229544	2.50169563427782959
460317156.621230959892	1419586.565294021275	-3338854.781990356743	-471769.415639349492	2.12918721875470496	-1.86588595488244158	2.50173404622641238
460317156.637731015682	1419583.243681455031	-3338864.645409502555	-471713.500103981234	2.12914429133767591	-1.86587716948831406	2.50177246060309555
460317156.654231011868	1419579.921715345699	-3338874.508013704326	-471657.584672301949	2.12910136150310514	-1.86586838457612703	2.50181087742122044
460317156.670731008053	1419576.599379573483	-3338884.369816434570	-471601.669104820525	2.12905771525667475	-1.86585960356084279	2.50184983494933277
460317156.687231004238	1419573.276695472887	-3338894.230810390320	-471545.753440741217	2.12901295842022398	-1.86585082836978788	2.50188963037812329
460317156.703731000423	1419569.954811140196	-3338904.091636784840	-471489.838494050200	2.12896819907938273	-1.86584205369564571	2.50192942833596099
460317156.720230996609	1419566.631421210710	-3338913.951015324332	-471433.922597570461	2.12892343724675426	-1.86583327953229161	2.50196922880966977
460317156.736730992794	1419563.307640184881	-3338923.809614261147	-471378.006594751263	2.12887867291591792	-1.86582450588285931	2.50200903180595491
460317156.753230988979	1419559.983510985039	-3338933.667402860709	-471322.090474661556	2.12883390609313539	-1.86581573274430768	2.50204883731827055
460317156.769730985165	1419556.659045446198	-3338943.524366059341	-471266.174230653851	2.12878928494155861	-1.86580687155301139	2.50208868355688674
460317156.786230981350	1419553.334179980215	-3338953.380574697629	-471210.257895742892	2.12874488699467257	-1.86579787594085444	2.50212859054725367
460317156.802730977535	1419550.008993784897	-3338963.235971094109	-471154.341431677749	2.12870048648915544	-1.86578888084309913	2.50216850012053893
460317156.819230973721	1419546.683428580873	-3338973.090555213857	-471098.424840371532	2.12865608344393387	-1.86577988625053415	2.50220841225695656
460317156.835730969906	1419543.357475566678	-3338982.944365117233	-471042.508185251092	2.12861167783990179	-1.86577089217246606	2.50224832697647104
460317156.852230966091	1419540.031198736513	-3338992.797368834727	-470986.591385771346	2.12856726967696641	-1.86576189860894459	2.50228824427917296
460317156.868730962276	1419536.704542689724	-3339002.649534325581	-470930.674458819092	2.12852293304540829	-1.86575301235694946	2.50232815044571932
460317156.885230958462	1419533.377529768506	-3339012.500956511591	-470874.757423846168	2.12847870337492795	-1.86574428448665341	2.50236803890619530
460317156.901731014252	1419530.050164397340	-3339022.351565282326	-470818.840100545902	2.12843447123327767	-1.86573555712548500	2.50240792986127225
460317156.918231010437	1419526.722433205694	-3339032.201352799311	-470762.922853613854	2.12839023662037885	-1.86572683027349173	2.50244782331102833
460317156.934731006622	1419523.394320640247	-3339042.050381390378	-470707.005498432205	2.12834599954249004	-1.86571810392763204	2.50248771924891811
460317156.951231002808	1419520.065895845415	-3339051.898548291530	-470651.088019101531	2.12830175998052606	-1.86570937809721360	2.50252761769488474
460317156.967730998993	1419516.737101651495	-3339061.745939645916	-470595.170404199976	2.12825737545970339	-1.86570059217082207	2.50256758623384412
460317156.984230995178	1419513.407916860189	-3339071.592558239121	-470539.252744015364	2.12821254859090336	-1.86569161970740671	2.50260776599484602
460317157.000730991364	1419510.078419708880	-3339081.438318176661	-470483.334905273281	2.12816771914751657	-1.86568264776664328	2.50264794835499593
460317157.017230987549	1419506.748519678833	-3339091.283313550521	-470427.416966838995	2.12812288714845854	-1.86567367633931780	2.50268813329451989
460317157.033730983734	1419503.418250397779	-3339101.127530336380	-470371.498947242799	2.12807805258097460	-1.86566470543165286	2.50272832082674457
460317157.050230979919	1419500.087647641543	-3339110.970920232590	-470315.580785197904	2.12803321543230162	-1.86565573504987392	2.50276851096500286
460317157.066730976105	1419496.756687398069	-3339120.813488971442	-470259.662514441065	2.12798893888385310	-1.86564677434008286	2.50280819148737876
460317157.083230972290	1419493.425345807569	-3339130.655298772734	-470203.744135433924	2.12794607056757368	-1.86563783705188668	2.50284659145614530
460317157.099730968475	1419490.093665006105	-3339140.496300668921	-470147.825644621684	2.12790319979261966	-1.86562890024445505	2.50288499390759611
460317157.116230964661	1419486.761620494770	-3339150.336479036137	-470091.907041774015	2.12786032657789592	-1.86561996390857132	2.50292339882196657
460317157.132730960846	1419483.429206788540	-3339160.175893299282	-470035.988330675056	2.12781745091697427	-1.86561102804736656	2.50296180620597131
460317157.149230957031	1419480.096444836352	-3339170.014498752076	-469980.069522977399	2.12777457280342697	-1.86560209266397314	2.50300021606632273
460317157.165731012821	1419476.763294110075	-3339179.852335245349	-469924.150372773991	2.12773153074306443	-1.86559313780049063	2.50303877059154400
460317157.182231009007	1419473.429807925131	-3339189.689316556789	-469868.231302033819	2.12768759887679693	-1.86558407408405280	2.50307810880497339
460317157.198731005192	1419470.095948888687	-3339199.525489485823	-469812.312128046644	2.12764366446828834	-1.86557501086586397	2.50311744958470284
460317157.215231001377	1419466.761751199607	-3339209.360890342388	-469756.392849132651	2.12759972750478088	-1.86556594815214671	2.50315679294406124
460317157.231730997562	1419463.427162279142	-3339219.195485611912	-469700.473463647999	2.12755578800517275	-1.86555688593368330	2.50319613886329284
460317157.248230993748	1419460.092258936493	-3339229.029270975851	-469644.553952334274	2.12751184595670528	-1.86554782421669807	2.50323548735572698
460317157.264730989933	1419456.756973741576	-3339238.862261543516	-469588.634325891908	2.12746784891961749	-1.86553882711514629	2.50327485050216625
460317157.281230986118	1419453.421312927967	-3339248.694459684193	-469532.714587644266	2.12742357608949373	-1.86553016462312349	2.50331427916927174
460317157.297730982304	1419450.086461465573	-3339258.526498026680	-469476.795612635440	2.12737930080291182	-1.86552150264034089	2.50335371031732556
460317157.314230978489	1419446.750079452526	-3339268.357081994414	-469420.875620133302	2.12733502308512268	-1.86551284115448812	2.50339314391993550
