337443409.327426373959 0.000084187500
337443409.327426373959	2829955.877443495207	-1763440.706409870414	-1486429.236348878359	1.96948033233394759	-2.88666373467612258	2.80715075865691510
337443409.344263851643	2829972.549586079083	-1763459.163384533487	-1486376.719753193902	1.96946491037124161	-2.88665839011577674	2.80715799482378614
337443409.361101388931	2829989.221024367027	-1763477.620026513468	-1486324.202595133102	1.96944948835484279	-2.88665304564370961	2.80716523109552929
337443409.377938866615	2830005.891702826601	-1763496.076200644253	-1486271.685237290338	1.96943406628180639	-2.88664770128674597	2.80717246748381832
337443409.394776344299	2830022.561557882000	-1763514.531970205950	-1486219.167496497976	1.96941864371233555	-2.88664235878080833	2.80717970391418969
337443409.411613881588	2830039.230806125328	-1763532.987443370279	-1486166.649229892297	1.96940307013301896	-2.88663761629674909	2.80718691860001490
337443409.428451359272	2830055.899190764874	-1763551.442391130608	-1486114.130775887985	1.96938749661687962	-2.88663287393412915	2.80719413332932666
337443409.445288896561	2830072.566898860969	-1763569.897050489439	-1486061.611733371625	1.96937192305206632	-2.88662813167386645	2.80720134815951106
337443409.462126374245	2830089.233824372292	-1763588.351218492957	-1486009.092516024364	1.96935634943784388	-2.88662338952266717	2.80720856309348576
337443409.478963851929	2830105.900012570433	-1763606.805007701041	-1485956.572953474941	1.96934077577494793	-2.88661864747382779	2.80721577812833090
337443409.495801389217	2830122.565476417076	-1763625.258436647709	-1485904.052803142229	1.96932520195299809	-2.88661390549486008	2.80722299331559944
337443409.512638866901	2830139.230158726685	-1763643.711416967912	-1485851.532464910531	1.96930937525194572	-2.88660866336077726	2.80723022867196592
337443409.529476344585	2830155.894076934550	-1763662.164045996964	-1485799.011768178316	1.96929353285407061	-2.88660339038893543	2.80723746538299412
337443409.546313881874	2830172.557297587860	-1763680.616287245182	-1485746.490496961167	1.96927769040148037	-2.88659811751819051	2.80724470220477063
337443409.563151359558	2830189.219736709725	-1763699.068079855526	-1485693.969037845731	1.96926184789307146	-2.88659284475860423	2.80725193914167015
337443409.579988896847	2830205.881496905815	-1763717.519543342059	-1485641.447028465103	1.96924600521729531	-2.88658757206722294	2.80725917624248478
337443409.596826374531	2830222.542415997945	-1763735.970547183184	-1485588.924841425149	1.96923022300308337	-2.88658234138961856	2.80726642872921461
337443409.613663852215	2830239.203844641335	-1763754.420998699730	-1485536.402979631210	1.96921485266145257	-2.88657739636770305	2.80727378583434728
337443409.630501389503	2830255.863374189939	-1763772.871298631653	-1485483.879861477297	1.96919948226939212	-2.88657245144224817	2.80728114303995602
337443409.647338867188	2830272.522060445044	-1763791.321084974101	-1485431.356542857597	1.96918411182579778	-2.88656750662331696	2.80728850035041555
337443409.664176344872	2830289.180037234444	-1763809.770507724956	-1485378.832879262045	1.96916874133067066	-2.88656256191090987	2.80729585776572410
337443409.681013882160	2830305.837256788742	-1763828.219563220860	-1485326.308602476260	1.96915337067543561	-2.88655761726775051	2.80730321533698568
337443409.697851359844	2830322.493741679937	-1763846.668170109624	-1485273.784176496323	1.96913798858753575	-2.88655263458612810	2.80731055059537438
337443409.714688897133	2830339.149552639108	-1763865.116468654713	-1485221.259199066553	1.96912251454880094	-2.88654734672351809	2.80731770711843209
337443409.731526374817	2830355.804480997380	-1763883.564256928628	-1485168.733995760791	1.96910704045577067	-2.88654205896173943	2.80732486375145385
337443409.748363852501	2830372.458699900191	-1763902.011681592790	-1485116.208447482670	1.96909156630807658	-2.88653677130414854	2.80733202049589714
337443409.765201389790	2830389.112239891663	-1763920.458777106833	-1485063.682348939124	1.96907609199641054	-2.88653148371103940	2.80733917740144490
337443409.782038867474	2830405.764944059309	-1763938.905391455628	-1485011.156036860542	1.96906061774012420	-2.88652619625512186	2.80734633436581316
337443409.798876345158	2830422.416966690682	-1763957.351628357312	-1484958.629406402353	1.96904538033121423	-2.88652099093575432	2.80735345155137095
337443409.815713882446	2830439.068224557675	-1763975.797494603554	-1484906.102149455808	1.96903086845130049	-2.88651603698059311	2.80736044667274154
337443409.832551360130	2830455.718744987156	-1763994.242945352336	-1484853.574767308775	1.96901635652291085	-2.88651108311776072	2.80736744189193432
337443409.849388897419	2830472.368514614180	-1764012.688018522225	-1484801.046771971043	1.96900184444281434	-2.88650612931662343	2.80737443726040325
337443409.866226375103	2830489.017526742537	-1764031.132648630301	-1484748.518626024714	1.96898733241710544	-2.88650117564180864	2.80738143267669660
337443409.883063852787	2830505.665783691686	-1764049.576928737108	-1484695.990109696053	1.96897282034328835	-2.88649622205597511	2.80738842818935153
337443409.899901390076	2830522.313307743985	-1764068.020802403567	-1484643.461005356163	1.96895820390696552	-2.88649123276998321	2.80739544438408783
337443409.916738867760	2830538.960078214295	-1764086.464213544503	-1484590.931739710970	1.96894226283313789	-2.88648578909706854	2.80740272209878583
337443409.933576345444	2830555.606098490302	-1764104.907295478974	-1484538.402102497406	1.96892632181530569	-2.88648034556399224	2.80740999987607687
337443409.950413882732	2830572.251402305439	-1764123.349975689780	-1484485.871878687758	1.96891038074085678	-2.88647490212994473	2.80741727776649697
337443409.967251360416	2830588.895906844642	-1764141.792204502737	-1484433.341490744613	1.96889443960831922	-2.88646945880834283	2.80742455577587569
337443409.984088897705	2830605.539753905963	-1764160.234129662625	-1484380.810552765615	1.96887849830544615	-2.88646401555502408	2.80743183395329732
337443410.000926375389	2830622.182785539422	-1764178.675556407077	-1484328.279414547607	1.96886265359178525	-2.88645863825162019	2.80743926543825051
337443410.017763853073	2830638.825040592812	-1764197.116607602919	-1484275.747905719327	1.96884699303945032	-2.88645338663480722	2.80744698947351035
337443410.034601390362	2830655.466638484970	-1764215.557310359553	-1484223.215834744507	1.96883133243046160	-2.88644813512869858	2.80745471361993371
337443410.051438868046	2830672.107415380888	-1764233.997580956668	-1484170.683611518238	1.96881567176481931	-2.88644288373329694	2.80746243787751881
337443410.068276345730	2830688.747448795009	-1764252.437469736673	-1484118.150982034858	1.96880001104252367	-2.88643763244860629	2.80747016224626522
337443410.085113883018	2830705.386791115627	-1764270.876960363705	-1484065.617778064683	1.96878435015184183	-2.88643238124523682	2.80747788678424515
337443410.101951360703	2830722.025321335997	-1764289.316020169994	-1484013.084409960080	1.96876875204776325	-2.88642711254303519	2.80748545504703495
337443410.118788897991	2830738.663170200773	-1764307.754739129217	-1483960.550503475359	1.96875327191485594	-2.88642181075595561	2.80749272929490923
337443410.135626375675	2830755.300240061712	-1764326.193021003623	-1483908.016397208441	1.96873779172659558	-2.88641650907488101	2.80750000365463226
337443410.152463853359	2830771.936548980884	-1764344.630873576971	-1483855.481896338286	1.96872231148261401	-2.88641120750316693	2.80750727812766021
337443410.169301390648	2830788.572157290764	-1764363.068416194525	-1483802.946857085684	1.96870683107466271	-2.88640590599094748	2.80751455276013928
337443410.186138868332	2830805.206975553185	-1764381.505463949172	-1483750.411629706156	1.96869135072070933	-2.88640060462454562	2.80752182745394707
337443410.202976346016	2830821.841010831296	-1764399.942146425135	-1483697.876031715656	1.96867586730302446	-2.88639549167099263	2.80752901086713980
337443410.219813883305	2830838.474391437601	-1764418.378492080141	-1483645.339859696804	1.96866038056846526	-2.88639057624058770	2.80753609861587705
337443410.236651360989	2830855.106974228751	-1764436.814355199924	-1483592.803524729796	1.96864489389406017	-2.88638566094042481	2.80754318641584177
337443410.253488898277	2830871.738837714773	-1764455.249878742965	-1483540.266600794857	1.96862940716967727	-2.88638074574014114	2.80755027431913939
337443410.270326375961	2830888.371163609438	-1764473.684826447163	-1483487.730244457489	1.96861392039531724	-2.88637583063973757	2.80755736232576991
337443410.287163853645	2830905.001509824302	-1764492.119491227902	-1483435.192788606510	1.96859843357061148	-2.88637091564257053	2.80756445043718861
337443410.304001390934	2830921.631127527915	-1764510.553859858308	-1483382.654767779866	1.96858294022564273	-2.88636578717417969	2.80757153922597791
337443410.320838868618	2830938.259959105402	-1764528.987714153714	-1483330.116548129125	1.96856743987266958	-2.88636042167957951	2.80757862865472418
337443410.337676346302	2830954.888055918273	-1764547.421201166930	-1483277.577971394407	1.96855193946514473	-2.88635505628161670	2.80758571819348068
337443410.354513883591	2830971.515437061898	-1764565.854371428490	-1483225.038829682395	1.96853643900270026	-2.88634969098364591	2.80759280784370358
337443410.371351361275	2830988.142031769268	-1764584.287072120234	-1483172.499501259532	1.96852093848533594	-2.88634432578567246	2.80759989760539064
337443410.388188898563	2831004.767959416844	-1764602.719380234601	-1483119.959635640029	1.96850543780245268	-2.88633896065750228	2.80760698753212079
337443410.405026376247	2831021.393063507508	-1764621.151276040124	-1483067.419580708258	1.96849035511431869	-2.88633373249580183	2.80761368620435903
337443410.421863853931	2831038.017421674449	-1764639.582778330194	-1483014.879131399794	1.96847553795043928	-2.88632859137750142	2.80762013632729612
337443410.438701391220	2831054.641079570167	-1764658.013925845036	-1482962.338131599128	1.96846072073860179	-2.88632345033887372	2.80762658654969899
337443410.455538868904	2831071.263947129715	-1764676.444623230491	-1482909.796955783153	1.96844590347733517	-2.88631830939333600	2.80763303687739318
337443410.472376346588	2831087.886069886852	-1764694.874940776033	-1482857.255398888374	1.96843108616811002	-2.88631316852747588	2.80763948730455182
337443410.489213883877	2831104.507497680373	-1764713.304879556177	-1482804.713278203970	1.96841626870369479	-2.88630802772610373	2.80764593788605099
337443410.506051361561	2831121.128109462559	-1764731.734409397002	-1482752.170981502859	1.96840094812529887	-2.88630273476797949	2.80765289058141621
337443410.522888898849	2831137.748049132060	-1764750.163554897998	-1482699.628122427501	1.96838525048032009	-2.88629732782664261	2.80766021957032663
337443410.539726376534	2831154.367173112929	-1764768.592246674467	-1482647.085075223818	1.96836955277855985	-2.88629192099022713	2.80766754867304558
337443410.556563854218	2831170.985552338883	-1764787.020556102274	-1482594.541669521714	1.96835385501928273	-2.88628651426544325	2.80767487789248316
337443410.573401391506	2831187.603236249648	-1764805.448534025811	-1482541.997689562850	1.96833815709270055	-2.88628110760168166	2.80768220727517726
337443410.590238869190	2831204.220183429774	-1764823.876006776001	-1482489.453560180729	1.96832245921986049	-2.88627570108675302	2.80768953672222699
337443410.607076346874	2831220.836267587263	-1764842.303151943721	-1482436.909008185379	1.96830697468208560	-2.88627038181261142	2.80769688600947331
337443410.623913884163	2831237.451741808094	-1764860.729903859552	-1482384.363920638803	1.96829156853674259	-2.88626509468258741	2.80770424266201646
337443410.640751361847	2831254.066383600701	-1764879.156242081430	-1482331.818655661307	1.96827616233632341	-2.88625980765596823	2.80771159942430337
337443410.657588899136	2831270.680346872658	-1764897.582206243183	-1482279.272828308865	1.96826075597089778	-2.88625452070311628	2.80771895635180035
337443410.674426376820	2831287.293490840588	-1764916.007693820167	-1482226.726788835600	1.96824534966032605	-2.88624923388331522	2.80772631333357214
337443410.691263854504	2831303.905916543212	-1764934.432816299610	-1482174.180416270625	1.96822994329431067	-2.88624394717027899	2.80773367042654032
337443410.708101391792	2831320.517643032130	-1764952.857626706362	-1482121.633480145596	1.96821443351112935	-2.88623867943198320	2.80774091493461642
337443410.724938869476	2831337.128533793613	-1764971.281955788378	-1482069.086330484366	1.96819888268268306	-2.88623341928895716	2.80774811486601106
337443410.741776347160	2831353.738676266279	-1764989.705850605154	-1482016.538824696094	1.96818333180025951	-2.88622815924456910	2.80775531490599617
337443410.758613884449	2831370.348177788313	-1765008.129443894140	-1481963.990792865632	1.96816778075253618	-2.88622289927272568	2.80776251511038355
337443410.775451362133	2831386.956856387202	-1765026.552537745563	-1481911.442524921848	1.96815222976142157	-2.88621763943232956	2.80776971537045750
337443410.792288899422	2831403.564844395965	-1765044.975363142556	-1481858.893716224004	1.96813667871596110	-2.88621237969393141	2.80777691574057497
337443410.809126377106	2831420.172003182117	-1765063.397667848272	-1481806.344720356166	1.96812185510529858	-2.88620735437327713	2.80778319371654606
337443410.825963854790	2831436.778472983744	-1765081.819591567619	-1481753.795392811997	1.96810715848001561	-2.88620237005397451	2.80778931070850168
337443410.842801392078	2831453.384239954408	-1765100.241180358920	-1481701.245477713645	1.96809246170496155	-2.88619738578137675	2.80779542784286251
337443410.859638869762	2831469.989154462237	-1765118.662327850237	-1481648.695359775331	1.96807776498847775	-2.88619240162389801	2.80780154503207102
337443410.876476347446	2831486.593344578985	-1765137.083078229800	-1481596.144874057267	1.96806306822712807	-2.88618741754062524	2.80780766231699541
337443410.893313884735	2831503.196860145777	-1765155.503432567464	-1481543.593837846769	1.96804837141944233	-2.88618243354497661	2.80781377970345414
337443410.910151362419	2831519.799539358355	-1765173.923395118443	-1481491.042612321442	1.96803286745157546	-2.88617722363973206	2.80782070155232333
337443410.926988899708	2831536.402806718834	-1765192.342880026437	-1481438.491554968758	1.96801697555684063	-2.88617190523797573	2.80782801000602866
337443410.943826377392	2831553.004008254968	-1765210.762016920839	-1481385.939602936152	1.96800108371869809	-2.88616658697868367	2.80783531852099832
337443410.960663855076	2831569.604484293610	-1765229.180743002566	-1481333.387269824510	1.96798519182414777	-2.88616126882864021	2.80784262715089827
337443410.977501392365	2831586.204239405226	-1765247.599176224787	-1481280.834385035094	1.96796929987502711	-2.88615595077107434	2.80784993588845566
337443410.994338870049	2831602.803214881569	-1765266.017084701918	-1481228.281301422045	1.96795340786876416	-2.88615063282947082	2.80785724474384990
337443411.011176347733	2831619.401426380966	-1765284.434641660424	-1481175.727859309176	1.96793832685526815	-2.88614564040638744	2.80786346923713737
337443411.028013885021	2831635.998941486236	-1765302.851853364846	-1481123.173829642357	1.96792328961663210	-2.88614066566188399	2.80786963513929555
337443411.044851362705	2831652.595698175021	-1765321.268579071853	-1481070.619662435725	1.96790825243832668	-2.88613569103500645	2.80787580109798762
337443411.061688899994	2831669.191714924295	-1765339.685027077794	-1481018.064905073959	1.96789321521450633	-2.88613071648490749	2.80788196715442728
337443411.078526377678	2831685.786949256435	-1765358.100983454846	-1480965.509972882457	1.96787817794370024	-2.88612574202501015	2.80788813331443121
337443411.095363855362	2831702.381436365657	-1765376.516548257321	-1480912.954671494896	1.96786314062701129	-2.88612076764524961	2.80789429957363579
337443411.112201392651	2831718.975224618334	-1765394.931756143691	-1480860.398794435197	1.96784759155175193	-2.88611532389086634	2.80790148571505371
337443411.129038870335	2831735.568230132107	-1765413.346517181955	-1480807.842754656216	1.96783201973921185	-2.88610985935662390	2.80790871734430603
337443411.145876348019	2831752.160461954307	-1765431.760869362392	-1480755.286320273997	1.96781644786987564	-2.88610439492499316	2.80791594908746145
337443411.162713885307	2831768.752018927597	-1765450.174870245159	-1480702.729347509332	1.96780087594374287	-2.88609893059597722	2.80792318094451954
337443411.179551362991	2831785.342767731287	-1765468.588449734030	-1480650.172173551284	1.96778530396044538	-2.88609346637293385	2.80793041291693246
337443411.196388900280	2831801.932863173541	-1765487.001674401574	-1480597.614487804240	1.96776976875501175	-2.88608802915296803	2.80793761522547314
337443411.213226377964	2831818.522091401741	-1765505.414408647222	-1480545.056537933880	1.96775458088663413	-2.88608284532655013	2.80794453721039527
337443411.230063855648	2831835.110602521803	-1765523.826791403117	-1480492.498268270399	1.96773939296723843	-2.88607766158893853	2.80795145929844381
337443411.246901392937	2831851.698444064707	-1765542.238801357336	-1480439.939424349228	1.96772420499609013	-2.88607247794684696	2.80795838149252486
337443411.263738870621	2831868.285453237128	-1765560.650397516554	-1480387.380402997602	1.96770901697318878	-2.88606729440027632	2.80796530379263753
337443411.280576348305	2831884.871709107421	-1765579.061567584751	-1480334.821000339929	1.96769382889853395	-2.88606211094922971	2.80797222619878095
337443411.297413885593	2831901.457304094452	-1765597.472379425541	-1480282.261072597001	1.96767860659057381	-2.88605692727504248	2.80797916422849614
337443411.314251363277	2831918.042109864764	-1765615.882783734938	-1480229.700955769513	1.96766298701569209	-2.88605174039536472	2.80798628266821204
337443411.331088900566	2831934.626149641816	-1765634.292819200549	-1480177.140237633837	1.96764736738821711	-2.88604655361017848	2.80799340121412477
337443411.347926378250	2831951.209461336490	-1765652.702395495959	-1480124.579370304011	1.96763174770667937	-2.88604136693290636	2.80800051987204835
337443411.364763855934	2831967.791996563319	-1765671.111596037168	-1480072.018132364377	1.96761612797218111	-2.88603618035348530	2.80800763863762048
337443411.381601393223	2831984.373853334691	-1765689.520422407426	-1480019.456332050962	1.96760050807291353	-2.88603099384634687	2.80801475756607077
337443411.398438870907	2832000.954874117393	-1765707.928812129423	-1479966.894330311799	1.96758506326960991	-2.88602572501148691	2.80802178877171826
337443411.415276348591	2832017.535168410279	-1765726.336748226779	-1479914.331960563315	1.96757025641259409	-2.88602015572140491	2.80802850014337402
337443411.432113885880	2832034.114755688235	-1765744.744413540931	-1479861.769026068738	1.96755544950208039	-2.88601458651471310	2.80803521162203751
337443411.448951363564	2832050.693593483418	-1765763.151594139868	-1479809.205942151602	1.96754064253659755	-2.88600901740483540	2.80804192321352009
337443411.465788900852	2832067.271701820660	-1765781.558435679413	-1479756.642306327587	1.96752583541192871	-2.88600344834671629	2.80804863496290302
337443411.482626378536	2832083.849013702944	-1765799.964823987801	-1479704.078433432151	1.96751102833797731	-2.88599787941705133	2.80805534677420976
337443411.499463856220	2832100.425580990035	-1765818.370800754754	-1479651.514228402870	1.96749607041629893	-2.88599234192207943	2.80806217307456141
337443411.516301393509	2832117.001427315176	-1765836.776513634948	-1479598.949445330072	1.96748040600956564	-2.88598695137962524	2.80806953532846748
337443411.533138871193	2832133.576499126386	-1765855.181693420047	-1479546.384488611948	1.96746474154536899	-2.88598156094909708	2.80807689769862900
337443411.549976348877	2832150.150804811157	-1765873.586467681220	-1479493.819150588010	1.96744907702517824	-2.88597617061707457	2.80808426017923418
337443411.566813886166	2832166.724449564237	-1765891.990912715206	-1479441.253261114936	1.96743341233576530	-2.88597078036661392	2.80809162283159441
337443411.583651363850	2832183.298520006239	-1765910.394796802429	-1479388.687901948346	1.96741774770211619	-2.88596539024503240	2.80809898553889559
337443411.600488901138	2832199.870642896742	-1765928.798398516607	-1479336.121261744993	1.96740238065436857	-2.88595984395685168	2.80810632339660460
337443411.617326378822	2832216.441994178575	-1765947.201608578907	-1479283.554469746770	1.96738759637831762	-2.88595399176167700	2.80811361248628799
337443411.634163856506	2832233.012559291907	-1765965.604385525221	-1479230.987271033460	1.96737281204230241	-2.88594813966479968	2.80812090169127071
337443411.651001393795	2832249.582470681984	-1765984.006881417707	-1479178.419546279125	1.96735802754152966	-2.88594228762587202	2.80812819106362932
337443411.667838871479	2832266.151566817425	-1766002.408878616290	-1479125.851621286012	1.96734324308558395	-2.88593643572559522	2.80813548049920980
337443411.684676349163	2832282.719909356907	-1766020.810494448990	-1479073.283327098237	1.96732845857040672	-2.88593058391691137	2.80814277004718305
337443411.701513886452	2832299.287559513003	-1766039.211742975749	-1479020.714457237627	1.96731342169635903	-2.88592491491209202	2.80815003654219941
337443411.718351364136	2832315.854406608734	-1766057.612561772112	-1478968.145411361940	1.96729784537764130	-2.88591963660670814	2.80815725361496815
337443411.735188901424	2832332.420578906778	-1766076.013029181398	-1478915.575827103807	1.96728226889308733	-2.88591435837417398	2.80816447085279108
337443411.752026379108	2832348.985940891318	-1766094.413021185203	-1478863.006018843036	1.96726669246496533	-2.88590908027364179	2.80817168814672513
337443411.768863856792	2832365.550541886594	-1766112.812596859178	-1478810.435877034208	1.96725111598177427	-2.88590380227889343	2.80817890555269267
337443411.785701394081	2832382.114477683324	-1766131.211910017068	-1478757.865184004884	1.96723553933348039	-2.88589852435029215	2.80818612312080873
337443411.802538871765	2832398.677573198918	-1766149.610676093958	-1478705.294266514480	1.96722046048946964	-2.88589328683881741	2.80819319467848594
337443411.819376349449	2832415.239959111903	-1766168.009123032447	-1478652.723016162170	1.96720597780809969	-2.88588809766427623	2.80820009137357696
337443411.836213886738	2832431.801633711439	-1766186.407188763609	-1478600.151178026805	1.96719149507616287	-2.88588290858050067	2.80820698817019743
337443411.853051364422	2832448.362525640521	-1766204.804807531182	-1478547.579177171923	1.96717701229365871	-2.88587771958749340	2.80821388506834690
337443411.869888901711	2832464.922709885053	-1766223.202067920472	-1478495.006612528116	1.96716252935719638	-2.88587253065631266	2.80822078212022763
337443411.886726379395	2832481.482078567147	-1766241.598874367075	-1478442.433859757846	1.96714804647355734	-2.88586734184484772	2.80822767922143335
337443411.903563857079	2832498.040717605501	-1766259.995334084844	-1478389.860748716164	1.96713316424986639	-2.88586204472738972	2.80823470853111301
337443411.920401394367	2832514.598640345503	-1766278.391391797457	-1478337.287051077699	1.96711727859890573	-2.88585647530600209	2.80824206991741843
337443411.937238872051	2832531.155826169997	-1766296.786988896318	-1478284.713216128526	1.96710139288807184	-2.88585090599800465	2.80824943142475281
337443411.954076349735	2832547.712184769101	-1766315.182232043240	-1478232.138959981967	1.96708550711883290	-2.88584533678997435	2.80825679304730791
337443411.970913887024	2832564.267893959302	-1766333.577127340948	-1478179.564177564345	1.96706962117639605	-2.88583976766370487	2.80826415484638225
337443411.987751364708	2832580.822811869904	-1766351.971532039810	-1478126.989209620282	1.96705373528887817	-2.88583419866904078	2.80827151670518482
337443412.004588901997	2832597.377029570285	-1766370.365610769717	-1478074.413664819440	1.96703822066766310	-2.88582880111098916	2.80827868247810608
337443412.021426379681	2832613.930444310419	-1766388.759278047597	-1478021.837834001053	1.96702300977500788	-2.88582354381488981	2.80828568784462806
337443412.038263857365	2832630.483155118302	-1766407.152509993175	-1477969.261781278066	1.96700779882865362	-2.88581828662240447	2.80829269332163323
337443412.055101394653	2832647.035114975180	-1766425.545408821898	-1477916.685127476230	1.96699258772189012	-2.88581302948733098	2.80829969895483522
337443412.071938872337	2832663.586259617936	-1766443.937808888266	-1477864.108273435617	1.96697737666997408	-2.88580777248530174	2.80830670464554899
337443412.088776350021	2832680.136674702633	-1766462.329833157593	-1477811.531087490264	1.96696216556582715	-2.88580251557346834	2.80831371044093858
337443412.105613887310	2832696.686403535772	-1766480.721524540335	-1477758.953337984858	1.96694674542589754	-2.88579723083122719	2.80832090690662861
337443412.122451364994	2832713.235363606364	-1766499.112791052554	-1477706.375412691617	1.96693116338726837	-2.88579192457065270	2.80832825106352768
337443412.139288902283	2832729.783581754193	-1766517.503694224637	-1477653.796923380345	1.96691558118260934	-2.88578661837798789	2.80833559538416599
337443412.156126379967	2832746.330985729117	-1766535.894141361583	-1477601.218220762443	1.96689999903280111	-2.88578131232620505	2.80834293976361149
337443412.172963857651	2832762.877689756919	-1766554.284152032575	-1477548.639175543096	1.96688441682740267	-2.88577600637882092	2.80835028425432842
337443412.189801394939	2832779.423686825670	-1766572.673891808605	-1477496.059565578122	1.96686883456714878	-2.88577070052912577	2.80835762885341378
337443412.206638872623	2832795.968894134276	-1766591.063107340364	-1477443.479793850100	1.96685348611059396	-2.88576538909834346	2.80836473541894716
337443412.223476350307	2832812.513334272429	-1766609.451903541107	-1477390.899627519539	1.96683823684522729	-2.88576007535491108	2.80837174103047937
337443412.240313887596	2832829.058341971133	-1766627.840284026694	-1477338.319628174417	1.96682298741813222	-2.88575476167209111	2.80837874680091160
337443412.257151365280	2832845.601280338131	-1766646.228293325519	-1477285.738710155478	1.96680773804547537	-2.88574944812296064	2.80838575263010615
337443412.273988902569	2832862.143535757903	-1766664.616037345957	-1477233.157264680369	1.96679248861990752	-2.88574413466427160	2.80839275856522930
337443412.290826380253	2832878.685013117269	-1766683.003225308610	-1477180.575621569064	1.96677723913995961	-2.88573882130945192	2.80839976461208218
337443412.307663857937	2832895.225685849320	-1766701.390095980139	-1477127.993593363091	1.96676168193850720	-2.88573343132334426	2.80840689183858538
337443412.324501395226	2832911.765733481385	-1766719.776582104154	-1477075.411041487707	1.96674598340923357	-2.88572800620656400	2.80841407478113458
337443412.341338872910	2832928.304924834520	-1766738.162648636615	-1477022.828274891712	1.96673028493554947	-2.88572258122309844	2.80842125778348395
337443412.358176350594	2832944.843388020061	-1766756.548337278888	-1476970.245151210809	1.96671458640545826	-2.88571715634233605	2.80842844089985544
337443412.375013887882	2832961.381174267735	-1766774.933620516909	-1476917.661466341699	1.96669888781932634	-2.88571173156092220	2.80843562412879866
337443412.391851365566	2832977.918149991892	-1766793.318470518570	-1476865.077592158690	1.96668318917605278	-2.88570630688892837	2.80844280747466257
337443412.408688902855	2832994.454438121989	-1766811.702989639249	-1476812.493179595564	1.96666796638701991	-2.88570112789677768	2.80844983481877586
337443412.425526380539	2833010.989911074284	-1766830.087009941693	-1476759.908566793893	1.96665284646213734	-2.88569600208313748	2.80845682849024403
337443412.442363858223	2833027.524643347599	-1766848.470628157491	-1476707.323584797559	1.96663772648588719	-2.88569087636565547	2.80846382226639646
337443412.459201395512	2833044.058668681420	-1766866.853975442937	-1476654.738038053969	1.96662260645900178	-2.88568575073761924	2.80847081614433280
337443412.476038873196	2833060.591925690882	-1766885.236823967891	-1476602.152329776902	1.96660748638038130	-2.88568062520910207	2.80847781012840114
337443412.492876350880	2833077.124415556900	-1766903.619253118755	-1476549.566226897296	1.96659236625002509	-2.88567549978010440	2.80848480421860192
337443412.509713888168	2833093.656189596746	-1766922.001409980468	-1476496.979571153643	1.96657687798402625	-2.88567019781621426	2.80849203896143473
337443412.526551365852	2833110.187214263249	-1766940.383081954438	-1476444.392765987664	1.96656128500064908	-2.88566484571079584	2.80849934223929543
337443412.543388903141	2833126.717522680759	-1766958.764351833146	-1476391.805374224903	1.96654569196204787	-2.88565949370251174	2.80850664562639407
337443412.560226380825	2833143.247033110354	-1766977.145212626318	-1476339.217805259861	1.96653009886675401	-2.88565414180479163	2.80851394912852870
337443412.577063858509	2833159.775776065886	-1766995.525698828744	-1476286.629853803199	1.96651450571586861	-2.88564879000756669	2.80852125274134901
337443412.593901395798	2833176.303831778932	-1767013.905809333781	-1476234.041351853171	1.96649891239777208	-2.88564343828410363	2.80852855652138178
337443412.610738873482	2833192.831071996596	-1767032.285465781111	-1476181.452661777614	1.96648308848441356	-2.88563807435184039	2.80853572771191518
337443412.627576351166	2833209.357590497006	-1767050.664733991958	-1476128.863614616916	1.96646725025280178	-2.88563270976305342	2.80854289081566444
337443412.644413888454	2833225.883438171353	-1767069.043631250039	-1476076.274018378928	1.96645141196602435	-2.88562734527085674	2.80855005403036317
337443412.661251366138	2833242.408467489295	-1767087.422136616427	-1476023.684231641237	1.96643557362261379	-2.88562198088868049	2.80855721736180763
337443412.678088903427	2833258.932765250560	-1767105.800248827087	-1475971.093870189739	1.96641973511141654	-2.88561661656956137	2.80856438085683324
337443412.694926381111	2833275.456315025687	-1767124.177874062676	-1475918.503334137378	1.96640389665583948	-2.88561125239736294	2.80857154441741841
337443412.711763858795	2833291.979094537441	-1767142.555157825816	-1475865.912439586362	1.96638821857937685	-2.88560583034171714	2.80857877910611720
337443412.728601396084	2833308.501175329089	-1767160.932084432105	-1475813.320969362278	1.96637255368548414	-2.88560040360486791	2.80858601976912015
337443412.745438873768	2833325.022452122997	-1767179.308538404061	-1475760.729336191667	1.96635688873494852	-2.88559497697138578	2.80859326054602532
337443412.762276351452	2833341.543010706548	-1767197.684658512240	-1475708.137320985319	1.96634122372776909	-2.88558955044127430	2.80860050143683226
337443412.779113888741	2833358.062850598246	-1767216.060364835663	-1475655.544731065165	1.96632555855255253	-2.88558412398055708	2.80860774249472245
337443412.795951366425	2833374.581885065883	-1767234.435629605083	-1475602.951977010351	1.96630991954095502	-2.88557874481537224	2.80861498116581387
337443412.812788903713	2833391.100233341567	-1767252.810561378254	-1475550.358659396879	1.96629465898729405	-2.88557404942127116	2.80862218445991063
337443412.829626381397	2833407.617799036205	-1767271.185046039755	-1475497.765179063426	1.96627939838587507	-2.88556935412733573	2.80862938785222571
337443412.846463859081	2833424.134595158510	-1767289.559099612990	-1475445.171316008782	1.96626413773596487	-2.88556465894028236	2.80863659134565546
337443412.863301396370	2833440.650708645582	-1767307.932845560368	-1475392.576890809229	1.96624887693086658	-2.88555996381452706	2.80864379498587224
337443412.880138874054	2833457.166017055977	-1767326.306105136871	-1475339.982289364329	1.96623361618580805	-2.88555526882445879	2.80865099867428425
337443412.896976351738	2833473.681803271640	-1767344.678861179389	-1475287.388035745593	1.96621835539335854	-2.88555057393120684	2.80865820245946152
337443412.913813889027	2833490.195665913634	-1767363.051371716894	-1475234.792489434592	1.96620261291640697	-2.88554517851554815	2.80866552532713198
337443412.930651366711	2833506.708725604694	-1767381.423452335875	-1475182.196767106885	1.96618681116256222	-2.88553969706047875	2.80867286293945284
337443412.947488844395	2833523.221075097099	-1767399.795126108686	-1475129.600712874439	1.96617100935041544	-2.88553421571452517	2.80868020066916158
337443412.964326381683	2833539.732680134941	-1767418.166456326144	-1475077.004057562677	1.96615520736833860	-2.88552873443660873	2.80868753856722808
337443412.981163859367	2833556.243524357677	-1767436.537320136093	-1475024.407227649121	1.96613940544032162	-2.88552325330217929	2.80869487652881400
337443412.998001396656	2833572.753651760519	-1767454.907868848648	-1474971.809857940068	1.96612366152273710	-2.88551786319132963	2.80870215046055893
337443413.014838874340	2833589.262977595441	-1767473.277985563036	-1474919.212287036702	1.96610821914202738	-2.88551294543026593	2.80870909135950786
337443413.031676352024	2833605.771584612317	-1767491.647651809501	-1474866.614361419575	1.96609277671222671	-2.88550802776324389	2.80871603236002754
337443413.048513889313	2833622.279466130771	-1767510.016988364980	-1474814.015846834052	1.96607733412314922	-2.88550311016324956	2.80872297351462352
337443413.065351366997	2833638.786539788358	-1767528.385871662293	-1474761.417179998476	1.96606189159406441	-2.88549819269439256	2.80872991472262701
337443413.082188844681	2833655.292872824240	-1767546.754352774238	-1474708.818143967073	1.96604644901552161	-2.88549327532294209	2.80873685603364587
337443413.099026381969	2833671.798515721224	-1767565.122522819322	-1474656.218532491941	1.96603098816290256	-2.88548828092933940	2.80874382202154926
337443413.115863859653	2833688.303396788891	-1767583.490183691029	-1474603.618759484962	1.96601543778836541	-2.88548290809402985	2.80875090876813127
337443413.132701396942	2833704.807549557183	-1767601.857548005180	-1474551.018421503250	1.96599988724842745	-2.88547753532205231	2.80875799567735474
337443413.149538874626	2833721.310899740085	-1767620.224437561352	-1474498.417895394145	1.96598433676351925	-2.88547216268732010	2.80876508264793401
337443413.166376352310	2833737.813507935032	-1767638.590926979668	-1474445.817025268218	1.96596878622415905	-2.88546679014616458	2.80877216972761445
337443413.183213889599	2833754.315420256928	-1767656.957026023883	-1474393.215555478120	1.96595323562924618	-2.88546141770866038	2.80877925692073793
337443413.200051367283	2833770.816492519807	-1767675.322752356529	-1474340.613907072227	1.96593781022981262	-2.88545602215065955	2.80878627776180023
337443413.216888844967	2833787.316885655746	-1767693.687980054179	-1474288.011917249067	1.96592266763497836	-2.88545057425517415	2.80879314861750062
337443413.233726382256	2833803.816571564879	-1767712.052981512621	-1474235.409374792129	1.96590752487920795	-2.88544512640997963	2.80880001962976023
337443413.250563859940	2833820.315442726947	-1767730.417439208599	-1474182.806619986892	1.96589238217569107	-2.88543967870348173	2.80880689070614098
337443413.267401397228	2833836.813605634961	-1767748.781627919991	-1474130.203325612936	1.96587723941929937	-2.88543423107805008	2.80881376188707144
337443413.284238874912	2833853.310976639856	-1767767.145267312182	-1474077.599820305128	1.96586209660746558	-2.88542878355718946	2.80882063318268216
337443413.301076352596	2833869.807608889416	-1767785.508603206137	-1474024.995980720734	1.96584686453853119	-2.88542333433704457	2.80882760947337884
337443413.317913889885	2833886.303521065973	-1767803.871556316270	-1473972.391565236961	1.96583140992773764	-2.88541788072199745	2.80883484740307443
337443413.334751367569	2833902.798679977655	-1767822.234046373283	-1473919.786988447886	1.96581595537062137	-2.88541242723971525	2.80884208539113933
337443413.351588845253	2833919.293084345292	-1767840.596141103888	-1473867.182029166725	1.96580050075654622	-2.88540697386274525	2.80884932349362426
337443413.368426382542	2833935.786768293940	-1767858.957897847053	-1473814.576506096637	1.96578504608661198	-2.88540152058101684	2.80885656170618692
337443413.385263860226	2833952.279670060147	-1767877.319162583211	-1473761.970808196580	1.96576959135935159	-2.88539606740796284	2.80886380003461555
337443413.402101397514	2833968.771876446437	-1767895.680137697142	-1473709.364570730133	1.96575414003007110	-2.88539070227365047	2.80887087629081877
337443413.418938875198	2833985.263243754394	-1767914.040608192328	-1473656.758095734753	1.96573869398840428	-2.88538546641225757	2.80887771445722656
337443413.435776352882	2834001.753913074732	-1767932.400740756653	-1473604.151313056936	1.96572324789464092	-2.88538023064338445	2.80888455273078463
337443413.452613890171	2834018.243858359754	-1767950.760512486799	-1473551.543942596531	1.96570780174914739	-2.88537499496367644	2.80889139111004527
337443413.469451367855	2834034.733005064074	-1767969.119787435746	-1473498.936395891244	1.96569235554972299	-2.88536975939328366	2.80889822960368907
337443413.486288845539	2834051.221446538344	-1767987.478678772226	-1473446.328493517358	1.96567690929820116	-2.88536452391541731	2.80890506820448049
337443413.503126382828	2834067.709156117402	-1768005.837250659941	-1473393.720002173679	1.96566134488630406	-2.88535923980812647	2.80891200890994197
337443413.519963860512	2834084.196074638516	-1768024.195329166716	-1473341.111347884173	1.96564559499362579	-2.88535387927977593	2.80891910997568894
337443413.536801397800	2834100.682294162456	-1768042.553095198935	-1473288.502130033216	1.96562984504621285	-2.88534851884649424	2.80892621115167929
337443413.553638875484	2834117.168963913806	-1768060.910260979086	-1473235.893467670307	1.96561409504333229	-2.88534315851500045	2.80893331244080535
337443413.570476353168	2834133.653619934339	-1768079.267167134210	-1473183.283679200569	1.96559834498424979	-2.88533779829201364	2.80894041384595949
337443413.587313890457	2834150.137596314307	-1768097.623700855067	-1473130.673353535356	1.96558259475806985	-2.88533243813395401	2.80894751541499321
337443413.604151368141	2834166.620824457612	-1768115.979792248923	-1473078.062865379732	1.96556723601708527	-2.88532720620663774	2.80895456712128944
337443413.620988845825	2834183.103256292641	-1768134.335479952162	-1473025.451981206425	1.96555219918845392	-2.88532207974042487	2.80896157786997369
337443413.637826383114	2834199.584991388023	-1768152.690880056471	-1472972.840582647361	1.96553716220262098	-2.88531695332817772	2.80896858877007460
337443413.654663860798	2834216.065920323133	-1768171.045782485045	-1472920.228971966077	1.96552212527201076	-2.88531182704703504	2.80897559972427890
337443413.671501398087	2834232.546150622889	-1768189.400327610550	-1472867.616785614286	1.96550708829004450	-2.88530670086178720	2.80898261078268785
337443413.688338875771	2834249.025610937737	-1768207.754449669272	-1472815.004448653897	1.96549205125672222	-2.88530157477243687	2.80898962194530100
337443413.705176353455	2834265.504274950363	-1768226.108168019680	-1472762.391715676058	1.96547680795509483	-2.88529625518755006	2.80899677509895662
337443413.722013890743	2834281.982310014311	-1768244.461523587117	-1472709.778447146993	1.96546138394309255	-2.88529076617099234	2.80900405263838859
337443413.738851368427	2834298.459513279144	-1768262.814420159906	-1472657.164989076089	1.96544595998328275	-2.88528527729456341	2.80901133023928384
337443413.755688846111	2834314.935960658826	-1768281.166923406068	-1472604.551173693035	1.96543053596671125	-2.88527978851712819	2.80901860795218594
337443413.772526383400	2834331.411730816588	-1768299.519094866468	-1472551.936782866484	1.96541511189301232	-2.88527429984204753	2.80902588577854040
337443413.789363861084	2834347.886676696129	-1768317.870810735272	-1472499.322215795284	1.96539968776218532	-2.88526881126932411	2.80903316371834588
337443413.806201398373	2834364.360956847668	-1768336.222176257754	-1472446.707098460989	1.96538474882148906	-2.88526349775406388	2.80904029232075070
337443413.823038876057	2834380.834409099072	-1768354.573063343763	-1472394.091780890012	1.96537004799928816	-2.88525827019397907	2.80904734764308195
337443413.839876353741	2834397.307128256187	-1768372.923580560833	-1472341.476081053261	1.96535534712463966	-2.88525304273165828	2.80905440307067744
337443413.856713891029	2834413.779143578839	-1768391.273732919246	-1472288.859867787920	1.96534064619900972	-2.88524781535367181	2.80906145859775291
337443413.873551368713	2834430.250370281283	-1768409.623432515888	-1472236.243453327566	1.96532594521983239	-2.88524258808352974	2.80906851423442783
337443413.890388846397	2834446.720856083091	-1768427.972774610156	-1472183.626681781840	1.96531124418930703	-2.88523736090108329	2.80907556997202734
337443413.907226383686	2834463.190634378232	-1768446.321758018341	-1472131.009346447652	1.96529595181618655	-2.88523188305285538	2.80908276274108459
337443413.924063861370	2834479.659592648502	-1768464.670221580425	-1472078.391812062822	1.96528005850421694	-2.88522615045001896	2.80909009471679960
337443413.940901398659	2834496.127902365290	-1768483.018424540991	-1472025.773750449531	1.96526416513130364	-2.88522041795346595	2.80909742681370567
337443413.957738876343	2834512.595377762336	-1768501.366159358528	-1471973.155488598393	1.96524827169781280	-2.88521468555984217	2.80910475903035683
337443413.974576354027	2834529.062125484925	-1768519.713471230352	-1471920.536857552361	1.96523237820264485	-2.88520895327922444	2.80911209137108786
337443413.991413891315	2834545.528160703834	-1768538.060403632466	-1471867.917663903441	1.96521648453388753	-2.88520322106539950	2.80911942388538760
337443414.008251368999	2834561.993410590105	-1768556.406950893812	-1471815.298305163626	1.96520115512705540	-2.88519804881109687	2.80912666767631691
337443414.025088846684	2834578.457935666200	-1768574.753013044596	-1471762.678579600295	1.96518600337441640	-2.88519305297886319	2.80913388360590810
337443414.041926383972	2834594.921724652406	-1768593.098819890060	-1471710.058287877124	1.96517085157153115	-2.88518805723956495	2.80914109963548730
337443414.058763861656	2834611.384704707656	-1768611.444162138971	-1471657.437808026094	1.96515569971730053	-2.88518306160327809	2.80914831576938973
337443414.075601398945	2834627.847007973120	-1768629.789098737063	-1471604.816766987555	1.96514054770433044	-2.88517806603572069	2.80915553205917234
337443414.092438876629	2834644.308513398748	-1768648.133625996066	-1471552.195548746036	1.96512539574777501	-2.88517307060210637	2.80916274840027436
337443414.109276354313	2834660.769289782736	-1768666.477732355474	-1471499.573986490490	1.96511003639632387	-2.88516778781112526	2.80916987491183479
337443414.126113891602	2834677.229388622101	-1768684.821551685920	-1471446.951860902132	1.96509461563008769	-2.88516242004359613	2.80917697491621965
337443414.142951369286	2834693.688621784095	-1768703.164862228557	-1471394.329533433774	1.96507919480810944	-2.88515705238244946	2.80918407503457468
337443414.159788846970	2834710.147149771918	-1768721.507789063267	-1471341.706850295654	1.96506377393148779	-2.88515168481760931	2.80919117526256423
337443414.176626384258	2834726.604963839520	-1768739.850367481122	-1471289.083603367908	1.96504835289019142	-2.88514631731887805	2.80919827565381475
337443414.193463861942	2834743.062004699837	-1768758.192455108277	-1471236.460169728613	1.96503293190318296	-2.88514094995673576	2.80920537610540677
337443414.210301399231	2834759.519574096426	-1768776.534098682925	-1471183.836926611606	1.96501781058660119	-2.88513545989252496	2.80921276424625255
337443414.227138876915	2834775.975098210853	-1768794.875407760264	-1471131.212753167842	1.96500271831092177	-2.88512995801232153	2.80922018041967325
337443414.243976354599	2834792.429886809550	-1768813.216335241683	-1471078.588209342677	1.96498762597716170	-2.88512445624104696	2.80922759670757571
337443414.260813891888	2834808.883982952684	-1768831.556910818908	-1471025.963128322037	1.96497253347981382	-2.88511895452740097	2.80923501315715596
337443414.277651369572	2834825.337253787555	-1768849.897016995819	-1470973.337857760722	1.96495744103172298	-2.88511345295719712	2.80924242966679838
337443414.294488847256	2834841.789801890962	-1768868.236723497510	-1470920.712194239022	1.96494234852628336	-2.88510795148921151	2.80924984628803109
337443414.311326384544	2834858.241645789240	-1768886.576138898032	-1470868.086003033677	1.96492687289751489	-2.88510247902652894	2.80925714232276347
337443414.328163862228	2834874.692682574503	-1768904.915013762889	-1470815.459612776991	1.96491135155964503	-2.88509701011884845	2.80926442409042787
337443414.345001399517	2834891.143024047837	-1768923.253598873504	-1470762.832682952518	1.96489583005464863	-2.88509154127659206	2.80927170602389209
337443414.361838877201	2834907.592610923108	-1768941.591751846951	-1470710.205590637866	1.96488030860291119	-2.88508607257167426	2.80927898801766762
337443414.378676354885	2834924.041411882266	-1768959.929471274838	-1470657.578091609059	1.96486478709405654	-2.88508060396982025	2.80928627012521970
337443414.395513892174	2834940.489508999977	-1768978.266854775371	-1470604.950052785687	1.96484929496360494	-2.88507514672944909	2.80929353478263977
337443414.412351369858	2834956.936827926431	-1768996.603726684581	-1470552.321828434942	1.96483461190027220	-2.88506999905579420	2.80930031675288649
337443414.429188847542	2834973.383346377872	-1769014.940258992836	-1470499.693230875768	1.96481992878649647	-2.88506485147588210	2.80930709882664287
337443414.446026384830	2834989.829215552192	-1769033.276445632335	-1470447.064084465848	1.96480524551856828	-2.88505970395099354	2.80931388105094815
337443414.462863862514	2835006.274303681683	-1769051.612182826269	-1470394.434750157874	1.96479056230463800	-2.88505455655185328	2.80932066332883323
337443414.479701399803	2835022.718674079515	-1769069.947561968118	-1470341.804889124352	1.96477587904136319	-2.88504940923638342	2.80932744570589366
337443414.496538877487	2835039.162226915825	-1769088.282461846014	-1470289.174790791003	1.96476119572727814	-2.88504426201802255	2.80933422818790390
337443414.513376355171	2835055.605078231078	-1769106.617000796366	-1470236.544360780390	1.96474551531390818	-2.88503879372049532	2.80934148149900054
337443414.530213892460	2835072.047204310074	-1769124.951178265736	-1470183.913390747504	1.96472982967267096	-2.88503332386626932	2.80934873736798663
337443414.547051370144	2835088.488511451054	-1769143.284878532868	-1470131.282208594726	1.96471414408603651	-2.88502785414671337	2.80935599329713348
337443414.563888847828	2835104.929109566379	-1769161.618214445189	-1470078.650681467727	1.96469845844173441	-2.88502238453426374	2.80936324934260861
337443414.580726385117	2835121.368996249977	-1769179.951213545399	-1470026.018578669289	1.96468277274086378	-2.88501691501884450	2.80937050550007950
337443414.597563862801	2835137.808059090283	-1769198.283712110715	-1469973.386287515983	1.96466714111438301	-2.88501140440034032	2.80937768757559736
337443414.614401400089	2835154.246488807257	-1769216.615912001347	-1469920.753483618610	1.96465179927050637	-2.88500567308917510	2.80938447238067557
337443414.631238877773	2835170.684052750934	-1769234.947634592652	-1469868.120428895811	1.96463645747838211	-2.88499994190858944	2.80939125725243288
337443414.648076355457	2835187.120912733488	-1769253.278984568315	-1469815.487054380355	1.96462111562890573	-2.88499421082245222	2.80939804224081380
337443414.664913892746	2835203.557064247318	-1769271.609933004482	-1469762.853129143827	1.96460577372207701	-2.88498847983076390	2.80940482734581742
337443414.681751370430	2835219.992395404261	-1769289.940435296390	-1469710.218990601134	1.96459043175752890	-2.88498274893688667	2.80941161256888661
337443414.698588848114	2835236.426998598967	-1769308.270559339086	-1469657.584494974464	1.96457506344697941	-2.88497705436819452	2.80941845286215086
337443414.715426385403	2835252.860934758093	-1769326.600334971910	-1469604.949474264169	1.96455952989133009	-2.88497158736919257	2.80942563839947201
337443414.732263863087	2835269.294021292124	-1769344.929680310655	-1469552.314238833264	1.96454399638944377	-2.88496612050613743	2.80943282399773686
337443414.749101400375	2835285.726429665461	-1769363.258650973905	-1469499.678441028111	1.96452846283085947	-2.88496065374476851	2.80944000970972541
337443414.765938878059	2835302.158040308394	-1769381.587183185853	-1469447.042492386885	1.96451292921594289	-2.88495518708172760	2.80944719553399436
337443414.782776355743	2835318.588935869280	-1769399.915316505823	-1469394.406186661916	1.96449739554359559	-2.88494972052709597	2.80945438147487137
337443414.799613893032	2835335.019054226112	-1769418.243099024519	-1469341.769254448358	1.96448212609464878	-2.88494420520570527	2.80946140513548892
337443414.816451370716	2835351.448448469862	-1769436.570444649318	-1469289.132197036408	1.96446755150254360	-2.88493856168976226	2.80946800195906743
337443414.833288848400	2835367.877068331465	-1769454.897338096984	-1469236.494758090936	1.96445297685624687	-2.88493291826091180	2.80947459889215256
337443414.850126385689	2835384.305009675212	-1769473.223901677877	-1469183.856768879574	1.96443840215649068	-2.88492727491243395	2.80948119593185952
337443414.866963863373	2835400.733388465364	-1769491.549914545380	-1469131.219308791915	1.96442382740217591	-2.88492163165441307	2.80948779308251506
337443414.883801400661	2835417.159784264863	-1769509.875670415582	-1469078.580566252582	1.96440925248962839	-2.88491598845134023	2.80949439039273585
337443414.900638878345	2835433.585427973419	-1769528.201005729614	-1469025.941649339162	1.96439454140623093	-2.88491035466519197	2.80950106890549334
337443414.917476356030	2835450.010320902802	-1769546.525968302041	-1468973.302373928716	1.96437856372870456	-2.88490480742801614	2.80950850197675628
337443414.934313893318	2835466.434521786869	-1769564.850534064230	-1468920.662549212109	1.96436258599240410	-2.88489926029254518	2.80951593516364806
337443414.951151371002	2835482.857899886556	-1769583.174641970545	-1468868.022523072083	1.96434660819586449	-2.88489371327222033	2.80952336847193651
337443414.967988848686	2835499.280522204470	-1769601.498356370023	-1468815.382139618509	1.96433063034018396	-2.88488816635696388	2.80953080189729443
337443414.984826385975	2835515.702479916159	-1769619.821762987878	-1468762.741192834685	1.96431465231102242	-2.88488261951867120	2.80953823549714254
337443415.001663863659	2835532.123674607836	-1769638.144662202103	-1468710.100109696621	1.96429898363331512	-2.88487730212763926	2.80954557480570699
337443415.018501400948	2835548.544097119477	-1769656.467231342336	-1468657.458398885792	1.96428384340156348	-2.88487237665849072	2.80955275299782459
337443415.035338878632	2835564.963734441902	-1769674.789386172080	-1468604.816549350275	1.96426870312010160	-2.88486745128500699	2.80955993129005677
337443415.052176356316	2835581.382649462670	-1769693.111096391920	-1468552.174294742988	1.96425356278783103	-2.88486252601727022	2.80956710968672940
337443415.069013893604	2835597.800871825777	-1769711.432496848749	-1468499.531537632458	1.96423842229817147	-2.88485760081477594	2.80957428823624644
337443415.085851371288	2835614.218309581745	-1769729.753424922936	-1468446.888568628579	1.96422328186574746	-2.88485267574509852	2.80958146683602905
337443415.102688848972	2835630.634967709426	-1769748.073922266252	-1468394.245253966888	1.96420797717866158	-2.88484756051942304	2.80958866530899787
337443415.119526386261	2835647.050902957562	-1769766.394101276062	-1468341.601338454988	1.96419240437732934	-2.88484213480129892	2.80959589616551364
337443415.136363863945	2835663.466095172800	-1769784.713829470566	-1468288.957285631681	1.96417683151910172	-2.88483670918916557	2.80960312713678295
337443415.153201401234	2835679.880566046573	-1769803.033205675660	-1468236.312655723421	1.96416125849287182	-2.88483128365241726	2.80961035827735017
337443415.170038878918	2835696.294229164254	-1769821.352130846120	-1468183.667850985890	1.96414568552195123	-2.88482585824219129	2.80961758947379980
337443415.186876356602	2835712.707164727151	-1769839.670632875059	-1468131.022677052068	1.96413011249376845	-2.88482043294132229	2.80962482078644227
337443415.203713893890	2835729.119392529130	-1769857.988820838043	-1468078.376951441402	1.96411472536833065	-2.88481516786378123	2.80963146759042104
337443415.220551371574	2835745.530797572806	-1769876.306550903013	-1468025.731024407083	1.96409950978472558	-2.88481005063808205	2.80963757504879252
337443415.237388849258	2835761.941488644108	-1769894.623895747354	-1467973.084753585281	1.96408429415362651	-2.88480493349265554	2.80964368261000308
337443415.254226386547	2835778.351468702313	-1769912.940858862828	-1467920.437894981820	1.96406907836608902	-2.88479981640243954	2.80964979032208406
337443415.271063864231	2835794.760690409224	-1769931.257380109746	-1467867.790910950396	1.96405386263926807	-2.88479469942428457	2.80965589809185490
337443415.287901401520	2835811.169184346683	-1769949.573559664888	-1467815.143349832855	1.96403864686458585	-2.88478958252976758	2.80966200596590410
337443415.304738879204	2835827.576878004707	-1769967.889320587972	-1467762.495600817492	1.96402324411932971	-2.88478431488094733	2.80966866369392809
337443415.321576356888	2835843.983796257060	-1769986.204615515191	-1467709.847456970718	1.96400765422881962	-2.88477889637071305	2.80967587177908129
337443415.338413894176	2835860.390035668854	-1770004.519625320565	-1467657.198774971301	1.96399206417216154	-2.88477347791887784	2.80968308002612766
337443415.355251371861	2835876.795517470688	-1770022.834103600821	-1467604.549943323480	1.96397647416888077	-2.88476805961344152	2.80969028833783385
337443415.372088849545	2835893.200205210596	-1770041.148234392749	-1467551.900715885917	1.96396088410994696	-2.88476264140368510	2.80969749675993263
337443415.388926386833	2835909.604206976946	-1770059.462031807285	-1467499.250924888300	1.96394529399462714	-2.88475722329633255	2.80970470529530525
337443415.405763864517	2835926.007398555987	-1770077.775366481859	-1467446.600970942760	1.96392986083259702	-2.88475152215511121	2.80971154991817285
337443415.422601401806	2835942.409937425051	-1770096.088329935214	-1467393.950466734590	1.96391451650484727	-2.88474566058438775	2.80971818836132803
337443415.439438879490	2835958.811635667924	-1770114.400835330598	-1467341.299762289040	1.96389917222926647	-2.88473979913291512	2.80972482687003344
337443415.456276357174	2835975.212571690325	-1770132.712986452971	-1467288.648674166529	1.96388382789526883	-2.88473393777708198	2.80973146549895736
337443415.473113894463	2835991.612874000333	-1770151.024751221063	-1467235.997074255487	1.96386848339373143	-2.88472807647983664	2.80973810429700821
337443415.489951372147	2836008.012340697926	-1770169.336078681052	-1467183.345272921957	1.96385313894363067	-2.88472221530856698	2.80974474316348655
337443415.506788849831	2836024.411070979200	-1770187.646981597412	-1467130.693114276743	1.96383762597225187	-2.88471653802301864	2.80975174501745961
337443415.523626387119	2836040.810331190471	-1770205.957440887811	-1467078.041098394431	1.96382200065312040	-2.88471098333070453	2.80975898885569331
337443415.540463864803	2836057.207553844433	-1770224.267566204304	-1467025.388188061770	1.96380637527476010	-2.88470542875164604	2.80976623281426940
337443415.557301402092	2836073.604088127613	-1770242.577317454154	-1466972.734752418241	1.96379074972752243	-2.88469987423752317	2.80977347694061841
337443415.574138879776	2836089.999809599482	-1770260.886654839385	-1466920.081090398366	1.96377512423290002	-2.88469431986481961	2.80978072113123378
337443415.590976357460	2836106.394816106651	-1770279.195564211579	-1466867.427097660257	1.96375949868051203	-2.88468876559193532	2.80978796543642639
337443415.607813894749	2836122.789085980505	-1770297.504130493617	-1466814.772539720172	1.96374446877213815	-2.88468282458978509	2.80979498768484337
337443415.624651372433	2836139.182563062757	-1770315.812310515670	-1466762.117780812085	1.96372962639201232	-2.88467676186765143	2.80980194008890649
337443415.641488850117	2836155.575313040987	-1770334.119993509259	-1466709.462666964857	1.96371478395069521	-2.88467069924270803	2.80980889261342792
337443415.658326387405	2836171.967326021288	-1770352.427378223278	-1466656.807000025641	1.96369994134334958	-2.88466463666975814	2.80981584530665573
337443415.675163865089	2836188.358598839492	-1770370.734278888442	-1466604.151171781123	1.96368509878038022	-2.88465857423247929	2.80982279806921209
337443415.692001402378	2836204.749139929656	-1770389.040859784000	-1466551.494754569838	1.96367025615731583	-2.88465251188231475	2.80982975094790399
337443415.708838880062	2836221.138875876553	-1770407.346998648020	-1466498.838173224125	1.96365488993913750	-2.88464689610657254	2.80983689039225526
337443415.725676357746	2836237.527910771780	-1770425.652731583454	-1466446.181248092558	1.96363933990964123	-2.88464143714295940	2.80984409539233626
337443415.742513895035	2836253.916197813116	-1770443.958097721683	-1466393.523697888479	1.96362378971316343	-2.88463597824387463	2.80985130055763710
337443415.759351372719	2836270.303734161425	-1770462.263022760861	-1466340.866058132611	1.96360823957012887	-2.88463051948445059	2.80985850578520235
337443415.776188850403	2836286.690481098834	-1770480.567491200287	-1466288.207987668458	1.96359268937032527	-2.88462506082712267	2.80986571112650818
337443415.793026387691	2836303.076557859778	-1770498.871718046954	-1466235.549401860917	1.96357713911448384	-2.88461960226517222	2.80987291657867422
337443415.809863865376	2836319.461788325571	-1770517.175407451345	-1466182.890591593226	1.96356248390523924	-2.88461388112285189	2.80988005068349089
337443415.826701402664	2836335.846375660505	-1770535.478814485017	-1466130.231218222063	1.96354795293042939	-2.88460812353591711	2.80988717502257757
337443415.843538880348	2836352.230158269871	-1770553.781705652596	-1466077.571694973391	1.96353342200149283	-2.88460236607625253	2.80989429941966362
337443415.860376358032	2836368.613183745183	-1770572.084234246053	-1466024.911813226296	1.96351889101470012	-2.88459660871090406	2.80990142392853226
337443415.877213895321	2836384.995472607668	-1770590.386419709073	-1465972.251366275828	1.96350435997005079	-2.88459085143987215	2.80990854854918348
337443415.894051373005	2836401.377025210299	-1770608.688101679785	-1465919.590747324983	1.96348982886754508	-2.88458509426315901	2.80991567328161640
337443415.910888850689	2836417.757806740236	-1770626.989427956054	-1465866.929756578524	1.96347439713411753	-2.88457943918513049	2.80992297543486780
337443415.927726387978	2836434.137888438534	-1770645.290398671990	-1465814.268215340795	1.96345859189515926	-2.88457382645776672	2.80993035126149637
337443415.944563865662	2836450.517156340647	-1770663.590912717162	-1465761.606460796436	1.96344278670849204	-2.88456821387544204	2.80993772715392431
337443415.961401402950	2836466.895766199566	-1770681.891079526627	-1465708.944169286871	1.96342698146282868	-2.88456260139278342	2.80994510316195667
337443415.978238880634	2836483.273539214395	-1770700.190808447776	-1465656.281724112341	1.96341117615670546	-2.88455698902323565	2.80995247929134973
337443415.995076358318	2836499.650582186412	-1770718.490105014294	-1465603.618899046443	1.96339537079122062	-2.88455137675671924	2.80995985553778471
337443416.011913895607	2836516.026927744504	-1770736.789086663863	-1465550.955485240556	1.96338020080999165	-2.88454576640991966	2.80996702984323621
337443416.028751373291	2836532.402440342121	-1770755.087611014256	-1465498.291907072999	1.96336506127133781	-2.88454015628227012	2.80997419454322328
337443416.045588850975	2836548.777251919266	-1770773.385729384376	-1465445.627985119587	1.96334992167477362	-2.88453454625680861	2.80998135935821924
337443416.062426388264	2836565.151363675948	-1770791.683492171578	-1465392.963512675138	1.96333478202139577	-2.88452893632345386	2.80998852428390666
337443416.079263865948	2836581.524694542401	-1770809.980805254076	-1465340.298852331704	1.96331964230974099	-2.88452332649565069	2.80999568932604049
337443416.096101403236	2836597.897305208258	-1770828.277779952856	-1465287.633628198877	1.96330450243323273	-2.88451771672805002	2.81000285453293630
337443416.112938880920	2836614.269091812428	-1770846.574298687978	-1465234.968227823498	1.96328892480185857	-2.88451218979763135	2.81000997793214013
337443416.129776358604	2836630.640145902056	-1770864.870402365224	-1465182.302433073753	1.96327334066428683	-2.88450666419642809	2.81001710083412881
337443416.146613895893	2836647.010490911081	-1770883.166193923447	-1465129.636111824773	1.96325775647096989	-2.88450113868285030	2.81002422384545225
337443416.163451373577	2836663.380055415910	-1770901.461490932386	-1465076.969590567751	1.96324217221898034	-2.88449561328378934	2.81003134697761814
337443416.180288851261	2836679.750150290783	-1770919.756231231382	-1465024.303468912141	1.96322658791014737	-2.88449008798244266	2.81003847022343223
337443416.197126388550	2836696.118248833343	-1770938.050840245327	-1464971.636001602979	1.96321113520727897	-2.88448447089266802	2.81004546158631285
337443416.213963866234	2836712.485546308104	-1770956.344956168905	-1464918.968408409273	1.96319661106154308	-2.88447820671913124	2.81005152256950108
337443416.230801403522	2836728.852200036868	-1770974.638702095719	-1464866.300253070658	1.96318208685745499	-2.88447194263152973	2.81005758367442615
337443416.247638881207	2836745.218014230952	-1770992.932032582117	-1464813.631884424947	1.96316756259647596	-2.88446567861641956	2.81006364489533444
337443416.264476358891	2836761.583094683476	-1771011.224918498192	-1464760.963195530465	1.96315303827714271	-2.88445941468724953	2.81006970623797958
337443416.281313896179	2836777.947461238131	-1771029.517487258650	-1464708.293893902097	1.96313851379723547	-2.88445315079403564	2.81007576774286338
337443416.298151373863	2836794.311052129138	-1771047.809566465672	-1464655.624478500104	1.96312390567757467	-2.88444696287297031	2.81008193974290377
337443416.314988851547	2836810.673893644009	-1771066.101273214445	-1464602.954656841466	1.96310858405020805	-2.88444142168943918	2.81008905323208635
337443416.331826388836	2836827.036040371284	-1771084.392645094311	-1464550.284283504589	1.96309326236595449	-2.88443588060514999	2.81009616683482877
337443416.348663866520	2836843.397341656964	-1771102.683535435935	-1464497.613733695820	1.96307794062481356	-2.88443033962010453	2.81010328055113057
337443416.365501344204	2836859.757972246502	-1771120.974046632648	-1464444.942828447791	1.96306261882641930	-2.88442479873766811	2.81011039438242838
337443416.382338881493	2836876.117862272542	-1771139.264236614341	-1464392.271346112248	1.96304729686254076	-2.88441925791633480	2.81011750837811469
337443416.399176359177	2836892.476940129884	-1771157.553907204187	-1464339.599700601771	1.96303218417741743	-2.88441360796787860	2.81012444680138307
337443416.416013896465	2836908.835360997822	-1771175.843273236649	-1464286.927505057538	1.96301771734720831	-2.88440762078857960	2.81013084312745409
337443416.432851374149	2836925.192967101000	-1771194.132139776833	-1464234.255109274760	1.96300325045971813	-2.88440163369963898	2.81013723957067540
337443416.449688851833	2836941.549813298043	-1771212.420676811133	-1464181.582378988387	1.96298878351604289	-2.88439564669097281	2.81014363612673401
337443416.466526389122	2836957.905977863353	-1771230.708816074999	-1464128.909062334802	1.96297431641254105	-2.88438965973136741	2.81015003284569431
337443416.483363866806	2836974.261324465740	-1771248.996533829952	-1464076.235581546091	1.96295984935612888	-2.88438367288661857	2.81015642962886369
337443416.500201344490	2836990.615958976559	-1771267.283819259144	-1464023.561719682300	1.96294516291306431	-2.88437777394197692	2.81016300785167461
337443416.517038881779	2837006.969851538539	-1771285.570785537129	-1463970.887305911630	1.96292961135874422	-2.88437222139642024	2.81017030133184686
337443416.533876359463	2837023.322958363686	-1771303.857278685318	-1463918.212728007697	1.96291405974471056	-2.88436666896775895	2.81017759493332830
337443416.550713896751	2837039.675379192922	-1771322.143440878484	-1463865.537563966354	1.96289850796293308	-2.88436111659759842	2.81018488869959748
337443416.567551374435	2837056.026996507309	-1771340.429127236130	-1463812.862259556772	1.96288295623239706	-2.88435556437583962	2.81019218253219538
337443416.584388852119	2837072.377863072325	-1771358.714443179546	-1463760.186574069317	1.96286740444470675	-2.88435001224745058	2.81019947647603807
337443416.601226389408	2837088.728031630162	-1771376.999356550397	-1463707.510300800204	1.96285206596069606	-2.88434463660146800	2.81020680989448124
337443416.618063867092	2837105.077421200927	-1771395.283889876446	-1463654.833900917787	1.96283710438343495	-2.88433957265770635	2.81021421294997165
337443416.634901344776	2837121.426046842244	-1771413.567970008124	-1463602.157082438236	1.96282214275315692	-2.88433450882182241	2.81022161611145638
337443416.651738882065	2837137.773979947437	-1771431.851740147453	-1463549.479761454742	1.96280718096454643	-2.88432944505232847	2.81022901942893855
337443416.668576359749	2837154.121116094757	-1771450.135013454827	-1463496.802216468845	1.96279221922969693	-2.88432438141875913	2.81023642279665964
337443416.685413897038	2837170.467539324891	-1771468.417993966257	-1463444.124155682279	1.96277725744329357	-2.88431931787962625	2.81024382626462321
337443416.702251374722	2837186.813185984269	-1771486.700460441178	-1463391.445884190034	1.96276210791441552	-2.88431409480803058	2.81025115241235923
337443416.719088852406	2837203.158060245682	-1771504.982573181391	-1463338.767266080715	1.96274660705975612	-2.88430857305928745	2.81025833376232104
337443416.735926389694	2837219.502237563487	-1771523.264297085349	-1463286.088073487859	1.96273110603755163	-2.88430305137731890	2.81026551527956148
337443416.752763867378	2837235.845659083687	-1771541.545619543176	-1463233.408717219019	1.96271560506789688	-2.88429752983478105	2.81027269686002557
337443416.769601345062	2837252.188297508750	-1771559.826488172403	-1463180.728991298005	1.96270010404092754	-2.88429200839366828	2.81027987855502071
337443416.786438882351	2837268.530240806751	-1771578.107066690689	-1463128.048725811299	1.96268460295737479	-2.88428648704725932	2.81028706036167186
337443416.803276360035	2837284.871407543775	-1771596.387131156633	-1463075.368249619612	1.96266947523711988	-2.88428095092067593	2.81029392137453060
337443416.820113897324	2837301.211848863401	-1771614.666878621094	-1463022.687245514477	1.96265474121032102	-2.88427539914365472	2.81030044407538382
337443416.836951375008	2837317.552715318277	-1771632.946051041363	-1462970.006758421659	1.96264000723504495	-2.88426984748847515	2.81030696683718162
337443416.853788852692	2837333.891634524800	-1771651.224903165596	-1462917.325210293755	1.96262527320612579	-2.88426429592364153	2.81031348970943951
337443416.870626389980	2837350.229843497742	-1771669.503460884560	-1462864.643073425628	1.96261053912466021	-2.88425874443907038	2.81032001268784715
337443416.887463867664	2837366.567267819308	-1771687.781559183728	-1462811.960785721196	1.96259580498955089	-2.88425319304484740	2.81032653577671399
