337443409.328097760677 0.000084187500
337443409.328097760677	2829956.542258105241	-1763441.442407071358	-1486427.142281046137	1.96947971739122241	-2.88666352156295636	2.80715104719393471
337443409.344935238361	2829973.214358735830	-1763459.899344007950	-1486374.625673019560	1.96946429542668477	-2.88665817700331262	2.80715828336376072
337443409.361772775650	2829989.885775355622	-1763478.355960117187	-1486322.108489549253	1.96944887340735031	-2.88665283254200578	2.80716551964283711
337443409.378610253334	2830006.556417967658	-1763496.812130998354	-1486269.591131476685	1.96943345133285019	-2.88664748818239136	2.80717275603262184
337443409.395447731018	2830023.226277837995	-1763515.267891949508	-1486217.073390682228	1.96941802272825917	-2.88664216967630782	2.80717999159273690
337443409.412285268307	2830039.895451228134	-1763533.723320421996	-1486164.555086327251	1.96940244914736984	-2.88663742719297733	2.80718720628112495
337443409.429122745991	2830056.563828160986	-1763552.178235392086	-1486112.036620210158	1.96938687562892145	-2.88663268483779145	2.80719442101591810
337443409.445960283279	2830073.231492865365	-1763570.632888125023	-1486059.517564167036	1.96937130206216748	-2.88662794258160993	2.80720163585012505
337443409.462797760963	2830089.898396402597	-1763589.087075026939	-1486006.998333521187	1.96935572844600415	-2.88662320043449183	2.80720885078812188
337443409.479635238647	2830106.564555170015	-1763607.540850690100	-1485954.478770741029	1.96934015478153523	-2.88661845838638165	2.80721606582553029
337443409.496472775936	2830123.229978410993	-1763625.994239879074	-1485901.958582887426	1.96932458095727658	-2.88661371641484843	2.80722328101827978
337443409.513310253620	2830139.894619805738	-1763644.447225213982	-1485849.438219245989	1.96930874354489749	-2.88660845309903147	2.80723051722931238
337443409.530147731304	2830156.558508893475	-1763662.899795921985	-1485796.917510173051	1.96929290114445821	-2.88660318013470807	2.80723775394627362
337443409.546985268593	2830173.221740470268	-1763681.352063032566	-1485744.396251066122	1.96927705868967173	-2.88659790726812915	2.80724499077252387
337443409.563822746277	2830189.884132569656	-1763699.803826183546	-1485691.874754428864	1.96926121617906613	-2.88659263451270709	2.80725222771389804
337443409.580660283566	2830206.545829001348	-1763718.255300257122	-1485639.352718223818	1.96924537350109352	-2.88658736182549092	2.80725946481918642
337443409.597497761250	2830223.206766869407	-1763736.706288568676	-1485586.830544478958	1.96922961011863351	-2.88658214420797066	2.80726672208878991
337443409.614335238934	2830239.868142074440	-1763755.156720918836	-1485534.308645164594	1.96921423977533050	-2.88657719918681543	2.80727407919658667
337443409.631172776222	2830256.527646132279	-1763773.606985365972	-1485481.785538663156	1.96919886938086175	-2.88657225426882791	2.80728143640777672
337443409.648010253906	2830273.186305742245	-1763792.056725031231	-1485429.262195818825	1.96918349893522771	-2.88656730945401074	2.80728879372235873
337443409.664847731590	2830289.844248034060	-1763810.506142500089	-1485376.738506813999	1.96916812843806022	-2.88656236474571770	2.80729615114179021
337443409.681685268879	2830306.501478510909	-1763828.955223861383	-1485324.214242137736	1.96915275778078502	-2.88655742010667238	2.80730350871717427
337443409.698522746563	2830323.157894966193	-1763847.403775763232	-1485271.689778407570	1.96913737156825674	-2.88655242373404208	2.80731083595676356
337443409.715360283852	2830339.813656117767	-1763865.852077975404	-1485219.164787449641	1.96912189752772471	-2.88654713587209910	2.80731799248274783
337443409.732197761536	2830356.468562501948	-1763884.299885147018	-1485166.639570845291	1.96910642343252928	-2.88654184811434122	2.80732514912015452
337443409.749035239220	2830373.122794074472	-1763902.747259804513	-1485114.114023751346	1.96909094928230255	-2.88653656046412443	2.80733230587044069
337443409.765872776508	2830389.776271736715	-1763921.194334805477	-1485061.587899569888	1.96907547496883928	-2.88653127287168232	2.80733946277891500
337443409.782710254192	2830406.428960347082	-1763939.640957755735	-1485009.061574192485	1.96906000071002030	-2.88652598542313976	2.80734661974912569
337443409.799547731876	2830423.080914543942	-1763958.087139666080	-1484956.534905984765	1.96904480167746665	-2.88652079339823775	2.80735373047717385
337443409.816385269165	2830439.732184768189	-1763976.533000679919	-1484904.007662333548	1.96903028979598771	-2.88651583944340473	2.80736072560098693
337443409.833222746849	2830456.382641433273	-1763994.978462012485	-1484851.480253362330	1.96901577786566517	-2.88651088558425384	2.80736772082408059
337443409.850060284138	2830473.032403356396	-1764013.423502388177	-1484798.952245912049	1.96900126578326762	-2.88650593179015136	2.80737471619790835
337443409.866897761822	2830489.681378199719	-1764031.868160344660	-1484746.424098549178	1.96898675375599375	-2.88650097811566564	2.80738171161664418
337443409.883735239506	2830506.329589878675	-1764050.312335114693	-1484693.895533774514	1.96897224167987606	-2.88649602453686738	2.80738870713465749
337443409.900572776794	2830522.977085537743	-1764068.756237976020	-1484641.366416136036	1.96895756826983659	-2.88649101570281141	2.80739573457417446
337443409.917410254478	2830539.623873348348	-1764087.199664683081	-1484588.837162599899	1.96894162719335397	-2.88648557203746670	2.80740301229495781
337443409.934247732162	2830556.269826627336	-1764105.642660525162	-1484536.307488823775	1.96892568617360308	-2.88648012850525326	2.80741029007541787
337443409.951085269451	2830572.915105994791	-1764124.085347985849	-1484483.777263598284	1.96890974509649941	-2.88647468507877658	2.80741756797192243
337443409.967922747135	2830589.559602516703	-1764142.527588783298	-1484431.246875652578	1.96889380396204250	-2.88646924175803665	2.80742484598447106
337443409.984760284424	2830606.203408976085	-1764160.969474179670	-1484378.715900152456	1.96887786265651488	-2.88646379851228785	2.80743212416797716
337443410.001597762108	2830622.846390803345	-1764179.410904591670	-1484326.184748407453	1.96886202913577502	-2.88645842884127735	2.80743957342744821
337443410.018435239792	2830639.488638153300	-1764197.851922991918	-1484273.653227466624	1.96884636858081308	-2.88645317723223194	2.80744729746859800
337443410.035272777081	2830656.130186239257	-1764216.292629415169	-1484221.121142964344	1.96883070796993298	-2.88644792572718378	2.80745502161799676
337443410.052110254765	2830672.770931427833	-1764234.732861592434	-1484168.588870335603	1.96881504730166390	-2.88644267433955148	2.80746274588147182
337443410.068947732449	2830689.410947930533	-1764253.172761010239	-1484116.056252732407	1.96879938657747688	-2.88643742305592044	2.80747047025319318
337443410.085785269737	2830706.050273656379	-1764271.612217493588	-1484063.523048531730	1.96878372568416826	-2.88643217186031942	2.80747819479706306
337443410.102622747421	2830722.688783335965	-1764290.051265101880	-1484010.989668313880	1.96876813478584811	-2.88642690113246214	2.80748574510124005
337443410.119460284710	2830739.326595231425	-1764308.489967132453	-1483958.455748301698	1.96875265465038063	-2.88642159935282994	2.80749301935497275
337443410.136297762394	2830755.963630596176	-1764326.928243720904	-1483905.921616625041	1.96873717445992780	-2.88641629767584806	2.80750029371909759
337443410.153135240078	2830772.599896126892	-1764345.366089662770	-1483853.387102227192	1.96872169421375354	-2.88641099610822760	2.80750756819652780
337443410.169972777367	2830789.235477793962	-1764363.803585599642	-1483800.852038750891	1.96870621380360977	-2.88640569460010177	2.80751484283340824
337443410.186810255051	2830805.870243776590	-1764382.240625375882	-1483748.316809726646	1.96869073344746393	-2.88640039323779307	2.80752211753161829
337443410.203647732735	2830822.504267407116	-1764400.677296998678	-1483695.781187741552	1.96867524978218178	-2.88639529566734554	2.80752929348277602
337443410.220485270023	2830839.137640311848	-1764419.113609856227	-1483643.245003609220	1.96865976304526202	-2.88639038024427697	2.80753638123709104
337443410.237322747707	2830855.770159339067	-1764437.549483556068	-1483590.708641818259	1.96864427636886430	-2.88638546494809711	2.80754346904117558
337443410.254160284996	2830872.402032710612	-1764455.984990222380	-1483538.171743060928	1.96862878964248855	-2.88638054975179603	2.80755055694859390
337443410.270997762680	2830889.034311586525	-1764474.419908458600	-1483485.635349202901	1.96861330286613545	-2.88637563465537550	2.80755764495934468
337443410.287835240364	2830905.664614413399	-1764492.854566606227	-1483433.097879823996	1.96859781603943707	-2.88637071966219061	2.80756473307488363
337443410.304672777653	2830922.294205475133	-1764511.288888557116	-1483380.559834774351	1.96858232215712214	-2.88636557322643617	2.80757182191192456
337443410.321510255337	2830938.923035454005	-1764529.722744533559	-1483328.021615121514	1.96856682180195941	-2.88636020773582302	2.80757891134511572
337443410.338347733021	2830955.551088879816	-1764548.156224913429	-1483275.483024858637	1.96855132139224476	-2.88635484234184725	2.80758600088831711
337443410.355185270309	2830972.178443383891	-1764566.589348488487	-1483222.943858924787	1.96853582092761026	-2.88634947704786526	2.80759309054298356
337443410.372022747993	2830988.805015079677	-1764585.022025336744	-1483170.404530270724	1.96852032040805569	-2.88634411185387885	2.80760018030911551
337443410.388860285282	2831005.430900376756	-1764603.454369558021	-1483117.864638056373	1.96850481972298263	-2.88633874672969570	2.80760727024029055
337443410.405697762966	2831022.055969971698	-1764621.886260076892	-1483065.324557713233	1.96848976428753142	-2.88633352749522176	2.80761394339845305
337443410.422535240650	2831038.680292604491	-1764640.317714338657	-1483012.784096063813	1.96847494712171023	-2.88632838638036571	2.80762039352547221
337443410.439372777939	2831055.303927489556	-1764658.748838006519	-1482960.243096033577	1.96846012990793118	-2.88632324534518236	2.80762684375195759
337443410.456210255623	2831071.926760554779	-1764677.179530102294	-1482907.701894807862	1.96844531264472300	-2.88631810440309033	2.80763329408373341
337443410.473047733307	2831088.548836293165	-1764695.609818181256	-1482855.160300391726	1.96843049533355652	-2.88631296354067368	2.80763974451497456
337443410.489885270596	2831105.170253597200	-1764714.039757295977	-1482802.618191588437	1.96841567786719929	-2.88630782274274633	2.80764619510055624
337443410.506722748280	2831121.790829844773	-1764732.469239110826	-1482750.075882545440	1.96840032218987115	-2.88630251916760594	2.80765318281972798
337443410.523560285568	2831138.410741121043	-1764750.898413805524	-1482697.533010171261	1.96838462454299545	-2.88629711222709817	2.80766051181172083
337443410.540397763252	2831155.029837026261	-1764769.327089993982	-1482644.989937557606	1.96836892683860332	-2.88629170539822022	2.80766784092043364
337443410.557235240936	2831171.648189612199	-1764787.755352740176	-1482592.446507631801	1.96835322907706245	-2.88628629867762054	2.80767517014440937
337443410.574072778225	2831188.265863033943	-1764806.183330997126	-1482539.902539553354	1.96833753114821608	-2.88628089201804316	2.80768249953164117
337443410.590910255909	2831204.882698240224	-1764824.610816308996	-1482487.358369820751	1.96832183327347932	-2.88627548550394364	2.80768982898177333
337443410.607747733593	2831221.498824344017	-1764843.037895597517	-1482434.813820425421	1.96830636037003970	-2.88627017098968786	2.80769717935093777
337443410.624585270882	2831238.114228379447	-1764861.464668390341	-1482382.268706054194	1.96829095422286815	-2.88626488386043256	2.80770453600640124
337443410.641422748566	2831254.728862475138	-1764879.890973811736	-1482329.723428963916	1.96827554801988502	-2.88625959684129141	2.80771189277451905
337443410.658260285854	2831271.342784832232	-1764898.316942984238	-1482277.177576201269	1.96826014165263108	-2.88625430988920861	2.80771924970493680
337443410.675097763538	2831287.955924731679	-1764916.742420595838	-1482224.631548609119	1.96824473533949540	-2.88624902307688469	2.80772660669254037
337443410.691935241222	2831304.568296996411	-1764935.167523904238	-1482172.085138523486	1.96822932897165148	-2.88624373636461762	2.80773396378842888
337443410.708772778511	2831321.179985483643	-1764953.592274634400	-1482119.538201939547	1.96821381342991142	-2.88623846968504738	2.80774120202683308
337443410.725610256195	2831337.790877118241	-1764972.016617043875	-1482066.991040393710	1.96819826259966590	-2.88623320954273321	2.80774840196116049
337443410.742447733879	2831354.400982624851	-1764990.440494923620	-1482014.443521078676	1.96818271171470749	-2.88622794950576678	2.80775560200698893
337443410.759285271168	2831371.010452126618	-1765008.864094565623	-1481961.895451956894	1.96816716066518471	-2.88622268953463745	2.80776280221430863
337443410.776122748852	2831387.619114135858	-1765027.287154270802	-1481909.347183781909	1.96815160967153546	-2.88621742970166251	2.80777000248022590
337443410.792960286140	2831404.227057399694	-1765045.709975072648	-1481856.798386736540	1.96813605862464347	-2.88621216996062246	2.80777720285182086
337443410.809797763824	2831420.834203424864	-1765064.132255234756	-1481804.249353576219	1.96812126908487373	-2.88620715562509034	2.80778343762726612
337443410.826635241508	2831437.440623418894	-1765082.554182616994	-1481751.700012504822	1.96810657245814014	-2.88620217130565937	2.80778955462169932
337443410.843472778797	2831454.046370171476	-1765100.975714424392	-1481699.150073181838	1.96809187568090005	-2.88619718703964301	2.80779567176144784
337443410.860310256481	2831470.651234874502	-1765119.396865576506	-1481646.599941717694	1.96807717896296519	-2.88619220288203637	2.80780178895313393
337443410.877147734165	2831487.255417292472	-1765137.817583156284	-1481594.049443886383	1.96806248219942992	-2.88618721880534412	2.80780790624344601
337443410.893985271454	2831503.858905897476	-1765156.237935594516	-1481541.498395562405	1.96804778539066105	-2.88618223480621250	2.80781402363092791
337443410.910822749138	2831520.461567088030	-1765174.657895086566	-1481488.947168621002	1.96803223377501912	-2.88617701157114004	2.80782099296966914
337443410.927660286427	2831537.064807809889	-1765193.077333314111	-1481436.396087044384	1.96801634187804941	-2.88617169317360567	2.80782830142789930
337443410.944497764111	2831553.665965959430	-1765211.496463570744	-1481383.844121484319	1.96800045003767243	-2.88616637491853600	2.80783560994739378
337443410.961335241795	2831570.266401081346	-1765229.915194663219	-1481331.291762962472	1.96798455814125539	-2.88616105676935986	2.80784291858036417
337443410.978172779083	2831586.866135976743	-1765248.333570898511	-1481278.738853949821	1.96796866618953259	-2.88615573871937192	2.80785022732390077
337443410.995010256767	2831603.465074166190	-1765266.751507221255	-1481226.185768920230	1.96795277418140246	-2.88615042077863615	2.80785753618236589
337443411.011847734451	2831620.063257594127	-1765285.169048588723	-1481173.632301397854	1.96793772725730398	-2.88614544204130263	2.80786371509633126
337443411.028685271740	2831636.660737169441	-1765303.586212260183	-1481121.078259388916	1.96792269001682341	-2.88614046730012808	2.80786988100250312
337443411.045522749424	2831653.257438987028	-1765322.002949886955	-1481068.524053475354	1.96790765283667413	-2.88613549267657943	2.80787604696520887
337443411.062360286713	2831669.853461997118	-1765340.419358178508	-1481015.969297298230	1.96789261561100970	-2.88613051812980981	2.80788221302566221
337443411.079197764397	2831686.448693696875	-1765358.835273493780	-1480963.414378173649	1.96787757833835930	-2.88612554367324137	2.80788837918967937
337443411.096035242081	2831703.043125935830	-1765377.250850217184	-1480910.859038079157	1.96786254101982627	-2.88612056929681016	2.80789454545289763
337443411.112872779369	2831719.636905133724	-1765395.666027342901	-1480858.303174086381	1.96784697063420255	-2.88611510599069154	2.80790177406973784
337443411.129710257053	2831736.229862200096	-1765414.080789998407	-1480805.747095601400	1.96783139881903057	-2.88610964146389515	2.80790900570498581
337443411.146547734737	2831752.822057058569	-1765432.495125238085	-1480753.190647691488	1.96781582694706225	-2.88610417703971178	2.80791623745413688
337443411.163385272026	2831769.413593493868	-1765450.909113916103	-1480700.633662814507	1.96780025501903166	-2.88609871271143259	2.80792346931428272
337443411.180222749710	2831786.004300346598	-1765469.322655673837	-1480648.076476514339	1.96778468303383725	-2.88609324848912641	2.80793070128978339
337443411.197060286999	2831802.594347341917	-1765487.735881959554	-1480595.518752061063	1.96776916314662564	-2.88608782244911310	2.80793789123471926
337443411.213897764683	2831819.183571178932	-1765506.148651019903	-1480542.960826182738	1.96775397527655160	-2.88608263862314862	2.80794481322241607
337443411.230735242367	2831835.772058457136	-1765524.560953952372	-1480490.402508301428	1.96773878735472518	-2.88607745489270107	2.80795173531614584
337443411.247572779655	2831852.359886717983	-1765542.972997374134	-1480437.843700254802	1.96772359938188046	-2.88607227125106292	2.80795865751300155
337443411.264410257339	2831868.946842779405	-1765561.384529575938	-1480385.284629271133	1.96770841135654795	-2.88606708771165632	2.80796557981879547
337443411.281247735023	2831885.533048840705	-1765579.795703305397	-1480332.725213085767	1.96769322328019713	-2.88606190426106402	2.80797250222771355
337443411.298085272312	2831902.118636135012	-1765598.206482339185	-1480280.165273230523	1.96767798376810399	-2.88605672044946493	2.80797944807128674
337443411.314922749996	2831918.703368092421	-1765616.616884687915	-1480227.605105585419	1.96766236419146301	-2.88605153357046751	2.80798656651389944
337443411.331760287285	2831935.287433071528	-1765635.026894320734	-1480175.044400743907	1.96764674456149424	-2.88604634679267047	2.80799368506561642
337443411.348597764969	2831951.870694958139	-1765653.436474277405	-1480122.483519886853	1.96763112487819769	-2.88604116011607914	2.80800080372643679
337443411.365435242653	2831968.453207504004	-1765671.845606179209	-1480069.922269606031	1.96761550514083838	-2.88603597354740415	2.80800792249926578
337443411.382272779942	2831985.035016935319	-1765690.254447861109	-1480017.360443882411	1.96759988524017881	-2.88603078703759097	2.80801504142916025
337443411.399110257626	2832001.616042546462	-1765708.662828958593	-1479964.798442141386	1.96758447285391025	-2.88602550293768134	2.80802205638284041
337443411.415947735310	2832018.196266653482	-1765727.070785928750	-1479912.236045568949	1.96756966599509964	-2.88601993364783693	2.80802876775742627
337443411.432785272598	2832034.775866616983	-1765745.478401223896	-1479859.673112258315	1.96755485908205574	-2.88601436444809334	2.80803547924192554
337443411.449622750282	2832051.354654603638	-1765763.885585483629	-1479807.110014813952	1.96754005211477789	-2.88600879533845278	2.80804219083633733
337443411.466460287571	2832067.932743763551	-1765782.292412773473	-1479754.546341697220	1.96752524498757908	-2.88600322628728234	2.80804890259155604
337443411.483297765255	2832084.509984425735	-1765800.698779214639	-1479701.982455046615	1.96751043791183244	-2.88599765735785496	2.80805561440579288
337443411.500135242939	2832101.086544021964	-1765819.104723173194	-1479649.418237904785	1.96749544580621527	-2.88599212697573160	2.80806246663936543
337443411.516972780228	2832117.662376231980	-1765837.510413547512	-1479596.853442718275	1.96747978139722002	-2.88598673643747317	2.80806982889779144
337443411.533810257912	2832134.237425036728	-1765855.915569480741	-1479544.288485770812	1.96746411693076140	-2.88598134601114031	2.80807719127247291
337443411.550647735596	2832150.811702652369	-1765874.320328143425	-1479491.723122336669	1.96744845240794097	-2.88597595568666909	2.80808455375905064
337443411.567485272884	2832167.385297598317	-1765892.724776839139	-1479439.157219335902	1.96743278771663355	-2.88597056543704866	2.80809191641447731
337443411.584322750568	2832183.959330048878	-1765911.128601234406	-1479386.591859712731	1.96741712308035477	-2.88596517532301977	2.80809927912775059
337443411.601160287857	2832200.531435899436	-1765929.532245139126	-1479334.025182444369	1.96740179113955138	-2.88595961059882322	2.80810661404241335
337443411.617997765541	2832217.102750221267	-1765947.935438255779	-1479281.458376918919	1.96738700686074219	-2.88595375841092405	2.80811390313814657
337443411.634835243225	2832233.673292329535	-1765966.338191349991	-1479228.891177975805	1.96737222252233601	-2.88594790631796627	2.80812119234772650
337443411.651672780514	2832250.243177084252	-1765984.740640554810	-1479176.323428997071	1.96735743801917229	-2.88594205428295814	2.80812848172468277
337443411.668510258198	2832266.812238727231	-1766003.142632456496	-1479123.755478594452	1.96734265356083537	-2.88593620238660131	2.80813577116486091
337443411.685347735882	2832283.380537882913	-1766021.544241647236	-1479071.187170879450	1.96732786904326717	-2.88593035058183700	2.80814306071743136
337443411.702185273170	2832299.948180019390	-1766039.945502153132	-1479018.618301017676	1.96731280059908764	-2.88592470443771099	2.80815032431651446
337443411.719022750854	2832316.514985495713	-1766058.346238427330	-1478966.049230688484	1.96729722427782128	-2.88591942613976737	2.80815754139514517
337443411.735860288143	2832333.081129393540	-1766076.746735029388	-1478913.479633131064	1.96728164779145365	-2.88591414790796064	2.80816475863592530
337443411.752697765827	2832349.646433009766	-1766095.146684556734	-1478860.909811114660	1.96726607136078324	-2.88590886981486827	2.80817197593572132
337443411.769535243511	2832366.211047726218	-1766113.546252949629	-1478808.339657421689	1.96725049487504355	-2.88590359182756018	2.80817919334754995
337443411.786372780800	2832382.774941573385	-1766131.945528374054	-1478755.768952050945	1.96723491822493579	-2.88589831389968765	2.80818641091862320
337443411.803210258484	2832399.337988313287	-1766150.344340853393	-1478703.198007964995	1.96721988300040795	-2.88589307991871014	2.80819346967806149
337443411.820047736168	2832415.900357645471	-1766168.742753632599	-1478650.626757382182	1.96720540031665458	-2.88588789075114427	2.80820036637865300
337443411.836885273457	2832432.461999186780	-1766187.140782977687	-1478598.054895022884	1.96719091758306841	-2.88588270166763206	2.80820726317787006
337443411.853722751141	2832449.022887053899	-1766205.538391769165	-1478545.482906049117	1.96717643479818105	-2.88587751268159964	2.80821416008152003
337443411.870560288429	2832465.583017862402	-1766223.935632984387	-1478492.910303884652	1.96716195186006915	-2.88587232375068270	2.80822105713599735
337443411.887397766113	2832482.142362105660	-1766242.332446664572	-1478440.337549698073	1.96714746897404669	-2.88586713494619351	2.80822795424270311
337443411.904235243797	2832498.700968086254	-1766260.728869996499	-1478387.764414431760	1.96713253081818373	-2.88586182264494262	2.80823500205977883
337443411.921072781086	2832515.258862759918	-1766279.124912107363	-1478335.190691384021	1.96711664516449769	-2.88585625323116490	2.80824236345224598
337443411.937910258770	2832531.815998775419	-1766297.520512866555	-1478282.616842907621	1.96710075945167273	-2.88585068392406496	2.80824972496283909
337443411.954747736454	2832548.372340794653	-1766315.915721853031	-1478230.042586530559	1.96708487367970863	-2.88584511472364458	2.80825708659155593
337443411.971585273743	2832564.928023019806	-1766334.310615253169	-1478177.467792000156	1.96706898773564798	-2.88583954559491707	2.80826444839243772
337443411.988422751427	2832581.482916827779	-1766352.704982386902	-1478124.892810530495	1.96705310184467042	-2.88583397661457708	2.80827181026030370
337443412.005260288715	2832598.037107562181	-1766371.099059221102	-1478072.317253616406	1.96703761414155576	-2.88582859147444948	2.80827896181078929
337443412.022097766399	2832614.590500663966	-1766389.492700591683	-1478019.741397387115	1.96702240324605415	-2.88582333418892611	2.80828596718450374
337443412.038935244083	2832631.143142717890	-1766407.885922318557	-1477967.165319026681	1.96700719229832233	-2.88581807699359283	2.80829297266289668
337443412.055772781372	2832647.695094886236	-1766426.278788333992	-1477914.588653112063	1.96699198118907970	-2.88581281986573934	2.80829997830183942
337443412.072610259056	2832664.246174402535	-1766444.671201017452	-1477862.011797426734	1.96697677013578587	-2.88580756286086171	2.80830698399394052
337443412.089447736740	2832680.796609639656	-1766463.063207696425	-1477809.434599597706	1.96696155902879277	-2.88580230595960563	2.80831398979652169
337443412.106285274029	2832697.346274710726	-1766481.454909646651	-1477756.856823267415	1.96694612410021175	-2.88579701924533039	2.80832119974974637
337443412.123122751713	2832713.895208150614	-1766499.846129466547	-1477704.278873750241	1.96693054205936568	-2.88579171298891834	2.80832854391108233
337443412.139960289001	2832730.443403291050	-1766518.237008785363	-1477651.700384208234	1.96691495985249065	-2.88578640680041554	2.80833588823615798
337443412.156797766685	2832746.990802044980	-1766536.627434761031	-1477599.121657594340	1.96689937770046552	-2.88578110075279559	2.80834323262004038
337443412.173635244370	2832763.537476642057	-1766555.017431881512	-1477546.542612145189	1.96688379549321746	-2.88577579480621793	2.80835057711374292
337443412.190472781658	2832780.083427864127	-1766573.407153357984	-1477493.963000535034	1.96686821323037986	-2.88577048896404165	2.80835792171871601
337443412.207310259342	2832796.628588161897	-1766591.796339408029	-1477441.383191287052	1.96685287805405262	-2.88576517721420878	2.80836501476276990
337443412.224147737026	2832813.173035598360	-1766610.185138630215	-1477388.803013071418	1.96683762878654678	-2.88575986347465019	2.80837202037864175
337443412.240985274315	2832829.718020292465	-1766628.573495258577	-1477336.223013496259	1.96682237935731274	-2.88575454979570400	2.80837902615341362
337443412.257822751999	2832846.260915277991	-1766646.961497911019	-1477283.642081950326	1.96680712998251694	-2.88574923625044777	2.80838603198694781
337443412.274660289288	2832862.803136207163	-1766665.349236631300	-1477231.060611065011	1.96679188055480969	-2.88574392279563252	2.80839303792641060
337443412.291497766972	2832879.344579075929	-1766683.736419295194	-1477178.478942543734	1.96677663107272305	-2.88573860944468708	2.80840004397760223
337443412.308335244656	2832895.885225178674	-1766702.123243274167	-1477125.896890114062	1.96676105597227746	-2.88573321499949653	2.80840717825119723
337443412.325172781944	2832912.425238319673	-1766720.509724099422	-1477073.314312829636	1.96674535744075429	-2.88572778988681167	2.80841436119829346
337443412.342010259628	2832928.964415561408	-1766738.895768121583	-1477020.731534119928	1.96672965896482133	-2.88572236490744150	2.80842154420518941
337443412.358847737312	2832945.502855743282	-1766757.281432905933	-1476968.148410209222	1.96671396043248081	-2.88571694003077406	2.80842872732610793
337443412.375685274601	2832962.040598609485	-1766775.666709496872	-1476915.564711812884	1.96669826184409979	-2.88571151525345559	2.80843591055959685
337443412.392522752285	2832978.577524526045	-1766794.051563150249	-1476862.980824104045	1.96668256319894375	-2.88570609058220251	2.80844309390855651
337443412.409360289574	2832995.113813862670	-1766812.436050806427	-1476810.396387545159	1.96666736348782734	-2.88570092350627760	2.80845011368657316
337443412.426197767258	2833011.649246234447	-1766830.820031318814	-1476757.811737222597	1.96665224356053003	-2.88569579769982854	2.80845710736366572
337443412.443035244942	2833028.183952702675	-1766849.203658818034	-1476705.226778989425	1.96663712358259812	-2.88569067198282392	2.80846410114254219
337443412.459872782230	2833044.717949975282	-1766867.586990496377	-1476652.641206835397	1.96662200355329775	-2.88568554636197883	2.80847109502610248
337443412.476710259914	2833061.251165035181	-1766885.969801286701	-1476600.055486217607	1.96660688347299595	-2.88568042083393905	2.80847808901289531
337443412.493547737598	2833077.783617611974	-1766904.352258275962	-1476547.469381922390	1.96659176334095820	-2.88567529540542056	2.80848508310582012
337443412.510385274887	2833094.315391827840	-1766922.734340930358	-1476494.882715251297	1.96657625622193044	-2.88566998440228595	2.80849233017450262
337443412.527222752571	2833110.846355197020	-1766941.116035120329	-1476442.295871378621	1.96656066323668921	-2.88566463229765180	2.80849963345538489
337443412.544060289860	2833127.376626661047	-1766959.497288042679	-1476389.708466087934	1.96654507019548963	-2.88565928029686525	2.80850693684840458
337443412.560897767544	2833143.906116551254	-1766977.878136635292	-1476337.120885009877	1.96652947709833148	-2.88565392839992807	2.80851424035356123
337443412.577735245228	2833160.434855449013	-1766996.258612854406	-1476284.532945433399	1.96651388394484794	-2.88564857661020158	2.80852154397230258
337443412.594572782516	2833176.962857726961	-1767014.638704183046	-1476231.944405963179	1.96649829062488712	-2.88564322488752234	2.80852884775535738
337443412.611410260201	2833193.490069883410	-1767033.018345020479	-1476179.355690477416	1.96648245694315582	-2.88563786044015291	2.80853601333557190
337443412.628247737885	2833210.016558953095	-1767051.397599680349	-1476126.766643086681	1.96646661870968176	-2.88563249585212800	2.80854317644241158
337443412.645085275173	2833226.542378566694	-1767069.776481329463	-1476074.177021438489	1.96645078042030885	-2.88562713136740756	2.80855033966309930
337443412.661922752857	2833243.067365936004	-1767088.154948960291	-1476021.587222359842	1.96643494207503622	-2.88562176698599426	2.80855750299763374
337443412.678760290146	2833259.591674961615	-1767106.533042229014	-1475968.996860907180	1.96641910356087601	-2.88561640267770825	2.80856466650009740
337443412.695597767830	2833276.115168498363	-1767124.910681427922	-1475916.406311326660	1.96640326510380370	-2.88561103850291545	2.80857183006232347
337443412.712435245514	2833292.637898539193	-1767143.287924051285	-1475863.815391137265	1.96638759394988094	-2.88560561395203674	2.80857906782247024
337443412.729272782803	2833309.159958791453	-1767161.664838452125	-1475811.223908800865	1.96637192905409686	-2.88560018721595224	2.80858630848856583
337443412.746110260487	2833325.681228935719	-1767180.041302347090	-1475758.632250448922	1.96635626410093534	-2.88559476058994901	2.80859354927146176
337443412.762947738171	2833342.201745570172	-1767198.417384718778	-1475706.040222901618	1.96634059909186454	-2.88558933406060270	2.80860079016536135
337443412.779785275459	2833358.721548510715	-1767216.793074084213	-1475653.447619453305	1.96632493391402208	-2.88558390760736438	2.80860803122924274
337443412.796622753143	2833375.240568871144	-1767235.168316336349	-1475600.854853287805	1.96630931103417050	-2.88557855758771220	2.80861526839239906
337443412.813460290432	2833391.758894143160	-1767253.543224252295	-1475548.261535443133	1.96629405047860550	-2.88557386219760437	2.80862247169041224
337443412.830297768116	2833408.276387186721	-1767271.917718123645	-1475495.668040168239	1.96627878987528226	-2.88556916690766352	2.80862967508664330
337443412.847135245800	2833424.793186982628	-1767290.291751881130	-1475443.074141235789	1.96626352922346759	-2.88556447172460429	2.80863687858398947
337443412.863972783089	2833441.309263517614	-1767308.665480869589	-1475390.479702508310	1.96624826841609845	-2.88555977660620000	2.80864408222957129
337443412.880810260773	2833457.824542498216	-1767327.038726893254	-1475337.885100833373	1.96623300766950204	-2.88555508161676899	2.80865128592045110
337443412.897647738457	2833474.340294226073	-1767345.411477628862	-1475285.290821804898	1.96621774687514850	-2.88555038672751252	2.80865848970954390
337443412.914485275745	2833490.854133864865	-1767363.783964309143	-1475232.695275263162	1.96620198282970815	-2.88554495994395888	2.80866581790925540
337443412.931322753429	2833507.367179447785	-1767382.156022415031	-1475180.099540823372	1.96618618107355303	-2.88553947849310655	2.80867315552619923
337443412.948160231113	2833523.879481934011	-1767400.527666700538	-1475127.503449070035	1.96617037925909632	-2.88553399715137004	2.80868049326053093
337443412.964997768402	2833540.391076487023	-1767418.898997243727	-1475074.906805637991	1.96615457727470910	-2.88552851587766979	2.80868783116322085
337443412.981835246086	2833556.901877330150	-1767437.269854401704	-1475022.309962197440	1.96613877534438175	-2.88552303474745786	2.80869516912942974
337443412.998672783375	2833573.411979136523	-1767455.640399159165	-1474969.712555196602	1.96612304576572949	-2.88551766709680590	2.80870242722410790
337443413.015510261059	2833589.921256934293	-1767474.010443643900	-1474917.114959840197	1.96610760338304780	-2.88551274933962620	2.80870936812716465
337443413.032347738743	2833606.429841981269	-1767492.380128770834	-1474864.517020924482	1.96609216095127470	-2.88550783167648817	2.80871630913179215
337443413.049185276031	2833622.937676284928	-1767510.749449076364	-1474811.918529874412	1.96607671836059206	-2.88550291407702053	2.80872325028904823
337443413.066022753716	2833639.444751154631	-1767529.118300899398	-1474759.319839042379	1.96606127582916868	-2.88549799661540485	2.80873019150260683
337443413.082860231400	2833655.951029323507	-1767547.486793916440	-1474706.720764303813	1.96604583324865367	-2.88549307924783838	2.80873713281773396
337443413.099697768688	2833672.456686352845	-1767565.854882846819	-1474654.121155199828	1.96603036809980058	-2.88548806668888380	2.80874410460053348
337443413.116535246372	2833688.961494770367	-1767584.222552925348	-1474601.521367251640	1.96601481772306275	-2.88548269385757328	2.80875119135158169
337443413.133372783661	2833705.465645947494	-1767602.589918909827	-1474548.921029267600	1.96599926718092410	-2.88547732108959387	2.80875827826527136
337443413.150210261345	2833721.968957673293	-1767620.956825127127	-1474496.320465865312	1.96598371669454908	-2.88547194845214605	2.80876536523742049
337443413.167047739029	2833738.471510315780	-1767639.323238906451	-1474443.719557990786	1.96596816615225500	-2.88546657592170464	2.80877245232446215
337443413.183885276318	2833754.973397860304	-1767657.689389974345	-1474391.118098895298	1.96595261555550826	-2.88546120348484214	2.80877953952060411
337443413.200722754002	2833771.474482825026	-1767676.055066274945	-1474338.516451673349	1.96593720642673819	-2.88545580491719100	2.80878655173220837
337443413.217560231686	2833787.974808578379	-1767694.420281689381	-1474285.914411033969	1.96592206382973678	-2.88545035702547459	2.80879342259230835
337443413.234397768974	2833804.474471487571	-1767712.785259285476	-1474233.311868346296	1.96590692107179943	-2.88544490918404728	2.80880029360896799
337443413.251235246658	2833820.973298925441	-1767731.149755130522	-1474180.709112124052	1.96589177836684925	-2.88543946147460195	2.80880716468685376
337443413.268072783947	2833837.471448070370	-1767749.513876523590	-1474128.105793526629	1.96587663560755721	-2.88543401385965348	2.80881403587507883
337443413.284910261631	2833853.968769264873	-1767767.877519571688	-1474075.502274691593	1.96586149279392308	-2.88542856633920319	2.80882090717364186
337443413.301747739315	2833870.465393838473	-1767786.240822642343	-1474022.898422994884	1.96584624829837362	-2.88542311687686492	2.80882789807858213
337443413.318585276604	2833886.961305853911	-1767804.603746338282	-1473970.294008695520	1.96583079368569025	-2.88541766326252525	2.80883513601133572
337443413.335422754288	2833903.456407439429	-1767822.966236639768	-1473917.689405082026	1.96581533912595097	-2.88541220978766644	2.80884237400535230
337443413.352260231972	2833919.950749478769	-1767841.328310840763	-1473865.084420162486	1.96579988450998577	-2.88540675641140432	2.80884961211089479
337443413.369097769260	2833936.444425750524	-1767859.690034763189	-1473812.478884978686	1.96578442983742807	-2.88540130313709797	2.80885685032940957
337443413.385935246944	2833952.937290221918	-1767878.051327338209	-1473759.873185662786	1.96576897510827786	-2.88539584996475185	2.80886408866089576
337443413.402772784233	2833969.429464926943	-1767896.412263999460	-1473707.266898792470	1.96575352412714222	-2.88539049349505161	2.80887114895784773
337443413.419610261917	2833985.920848216396	-1767914.772752101533	-1473654.660461086547	1.96573807808375056	-2.88538525763412368	2.80887798712713854
337443413.436447739601	2834002.411455558147	-1767933.132819331717	-1473602.053640659200	1.96572263198752850	-2.88538002187243192	2.80888482540647377
337443413.453285276890	2834018.901386735030	-1767951.492568547139	-1473549.446258086013	1.96570718583994264	-2.88537478619654664	2.80889166379006472
337443413.470122754574	2834035.390478572808	-1767969.851855397457	-1473496.838672674028	1.96569173963842614	-2.88536955062997702	2.80889850228803883
337443413.486960232258	2834051.878899508622	-1767988.210734528722	-1473444.230758186663	1.96567629338517902	-2.88536431515257608	2.80890534089171329
337443413.503797769547	2834068.366583629511	-1768006.569270893466	-1473391.622278496157	1.96566071686751243	-2.88535902605837657	2.80891229205987480
337443413.520635247231	2834084.853461231571	-1768024.927354403306	-1473339.013598796213	1.96564496697298918	-2.88535366553072636	2.80891939312868644
337443413.537472784519	2834101.339673079085	-1768043.285087609431	-1473286.404368832242	1.96562921702299809	-2.88534830510486096	2.80892649431063424
337443413.554310262203	2834117.826295827981	-1768061.642223897390	-1473233.795668948907	1.96561346701790551	-2.88534294477742703	2.80893359560427180
337443413.571147739887	2834134.310920985416	-1768079.999147580471	-1473181.185879062861	1.96559771695661145	-2.88533758455849876	2.80894069701393700
337443413.587985277176	2834150.794895775151	-1768098.355682969792	-1473128.575553395785	1.96558196672821950	-2.88533222440449766	2.80894779858748178
337443413.604822754860	2834167.278068024665	-1768116.711743524065	-1473075.965039602248	1.96556663643133245	-2.88532700178998747	2.80895484666998385
337443413.621660232544	2834183.760461539496	-1768135.067416317761	-1473023.354167082580	1.96555159960102022	-2.88532187532424178	2.80896185742137616
337443413.638497769833	2834200.242164955009	-1768153.422777970787	-1472970.742719118716	1.96553656261277254	-2.88531674891917556	2.80896886832707926
337443413.655335247517	2834216.723079784308	-1768171.777657882543	-1472918.131096325349	1.96552152568011462	-2.88531162264185648	2.80897587928543846
337443413.672172784805	2834233.203293168917	-1768190.132213638164	-1472865.518921854207	1.96550648869646727	-2.88530649645707449	2.80898289034655635
337443413.689010262489	2834249.682712913025	-1768208.486295894021	-1472812.906547373161	1.96549145166073025	-2.88530137037490597	2.80898990151477079
337443413.705847740173	2834266.161383199506	-1768226.839974520262	-1472760.293815579265	1.96547619293503728	-2.88529603631588794	2.80899706528361692
337443413.722685277462	2834282.639345614705	-1768245.193339288468	-1472707.680532108992	1.96546076892075705	-2.88529054730341183	2.80900434282757328
337443413.739522755146	2834299.116514393594	-1768263.546230552951	-1472655.067048628349	1.96544534495866907	-2.88528505843106320	2.80901162043299202
337443413.756360232830	2834315.592927285936	-1768281.898728489643	-1472602.453207834857	1.96542992093981983	-2.88527956965770960	2.80901889815041805
337443413.773197770119	2834332.068655497860	-1768300.250862211920	-1472549.838804666651	1.96541449686420955	-2.88527408098335236	2.80902617597985049
337443413.790035247803	2834348.543593702838	-1768318.602545255795	-1472497.224225482671	1.96539907273073799	-2.88526859241806743	2.80903345392562587
337443413.806872785091	2834365.017832934391	-1768336.953915779945	-1472444.609082738170	1.96538416263419036	-2.88526328930327969	2.80904057364547555
337443413.823710262775	2834381.491227861959	-1768355.304803104373	-1472391.993738342542	1.96536946180954564	-2.88525806175031718	2.80904762897339211
337443413.840547740459	2834397.963941592723	-1768373.655312394956	-1472339.378075566841	1.96535476093318717	-2.88525283428840273	2.80905468440368189
337443413.857385277748	2834414.435946644284	-1768392.005451830104	-1472286.761813126504	1.96534006000511385	-2.88524760691753901	2.80906173993634267
337443413.874222755432	2834430.907131400891	-1768410.355113687227	-1472234.145386324031	1.96532535902422678	-2.88524237964780284	2.80906879557571143
337443413.891060233116	2834447.377580258530	-1768428.704438811168	-1472181.528601251775	1.96531065799125804	-2.88523715247248047	2.80907585131889626
337443413.907897770405	2834463.847338014748	-1768447.053410012973	-1472128.911253805272	1.96529531807907332	-2.88523165446349505	2.80908305509690415
337443413.924735248089	2834480.316268232185	-1768465.401857954450	-1472076.293694010237	1.96527942476430706	-2.88522592186825477	2.80909038707889724
337443413.941572785378	2834496.784548519179	-1768483.750047359616	-1472023.675632166676	1.96526353138933008	-2.88522018937258151	2.80909771917919038
337443413.958410263062	2834513.252025136724	-1768502.097750695888	-1471971.057346319780	1.96524763795304303	-2.88521445698655432	2.80910505140211919
337443413.975247740746	2834529.718701640144	-1768520.445040687220	-1471918.438701518346	1.96523174445581139	-2.88520872470681677	2.80911238374623728
337443413.992085278034	2834546.184721323196	-1768538.791981651913	-1471865.819494570605	1.96521585078425742	-2.88520299250058843	2.80911971626681467
337443414.008922755718	2834562.649949642364	-1768557.138473966625	-1471813.200136787258	1.96520055095910529	-2.88519784960012027	2.80912695540514390
337443414.025760233402	2834579.114418426529	-1768575.484579088399	-1471760.580371331424	1.96518539920406665	-2.88519285377522028	2.80913417134028176
337443414.042597770691	2834595.578185844235	-1768593.830330988625	-1471707.960080564022	1.96517024739951518	-2.88518785803653577	2.80914138737251839
337443414.059435248375	2834612.041158228181	-1768612.175640408415	-1471655.339588600677	1.96515509554288537	-2.88518286240758126	2.80914860351196793
337443414.076272785664	2834628.503427009098	-1768630.520571695874	-1471602.718522151466	1.96513994352788246	-2.88517786684399802	2.80915581980585261
337443414.093110263348	2834644.964909438044	-1768648.865075086476	-1471550.097303680144	1.96512479156929398	-2.88517287141435697	2.80916303615105667
337443414.109947741032	2834661.425624521915	-1768667.209203654900	-1471497.475702717202	1.96510942150162760	-2.88516757376966693	2.80917015801815495
337443414.126785278320	2834677.885706800502	-1768685.552988802781	-1471444.853576899972	1.96509400073283147	-2.88516220600947149	2.80917725802841378
337443414.143622756004	2834694.344939803239	-1768703.896269934718	-1471392.231250614626	1.96507857990902579	-2.88515683834893899	2.80918435814975354
337443414.160460233688	2834710.803410468157	-1768722.239197002724	-1471339.608540651854	1.96506315902984419	-2.88515147079143164	2.80919145838361750
337443414.177297770977	2834727.261210431345	-1768740.581752902362	-1471286.985281612258	1.96504773798635446	-2.88514610329667542	2.80919855877929692
337443414.194135248661	2834743.718207912985	-1768758.923833871726	-1471234.361834444106	1.96503231699715264	-2.88514073593850640	2.80920565923531829
337443414.210972785950	2834760.175751716364	-1768777.265473484294	-1471181.738554035313	1.96501720879000819	-2.88513524050656001	2.80921305996104609
337443414.227810263634	2834776.631243943702	-1768795.606757343514	-1471129.114392244024	1.96500211651204237	-2.88512973863043287	2.80922047613891657
337443414.244647741318	2834793.085999486968	-1768813.947648433503	-1471076.489824194694	1.96498702417636184	-2.88512423685987507	2.80922789242982418
337443414.261485278606	2834809.540031874087	-1768832.288234557724	-1471023.864716350101	1.96497193167672712	-2.88511873515030404	2.80923530888385420
337443414.278322756290	2834825.993316445965	-1768850.628333435161	-1470971.239433904411	1.96495683922598308	-2.88511323358753557	2.80924272539939057
337443414.295160233974	2834842.445820147172	-1768868.967990535311	-1470918.613769924268	1.96494174671825683	-2.88510773212362581	2.80925014202507306
337443414.311997771263	2834858.897637427785	-1768887.307359230705	-1470865.987554494757	1.96492625399227361	-2.88510226095517819	2.80925743267808947
337443414.328835248947	2834875.348636916373	-1768905.646261932328	-1470813.361162821297	1.96491073265249261	-2.88509679204824865	2.80926471444884651
337443414.345672786236	2834891.798979611602	-1768923.984815558884	-1470760.734209001763	1.96489521114485233	-2.88509132321346051	2.80927199638829217
337443414.362510263920	2834908.248483779840	-1768942.322965206346	-1470708.107077752240	1.96487968969120352	-2.88508585450929322	2.80927927838516034
337443414.379347741604	2834924.697271803394	-1768960.660673286533	-1470655.479602487059	1.96486416817970500	-2.88508038591490834	2.80928656049869296
337443414.396185278893	2834941.145357272588	-1768978.998045930406	-1470602.851539667463	1.96484870948439405	-2.88507494146417587	2.80929380520761018
337443414.413022756577	2834957.592618877999	-1768997.334918070585	-1470550.223288492765	1.96483402641869809	-2.88506979379748385	2.80930058718337117
337443414.429860234261	2834974.039173904341	-1769015.671437534504	-1470497.594680463662	1.96481934330292551	-2.88506464622117598	2.80930736926119717
337443414.446697771549	2834990.484990812372	-1769034.007616160205	-1470444.965532410191	1.96480466003300092	-2.88505949869989253	2.80931415148957164
337443414.463535249233	2835006.930028105620	-1769052.343314263970	-1470392.336197643541	1.96478997681744016	-2.88505435130099697	2.80932093377008263
337443414.480372786522	2835023.374379346613	-1769070.678679127246	-1470339.706299317535	1.96477529355180192	-2.88504920399249087	2.80932771615265686
337443414.497210264206	2835039.817902751733	-1769089.013565449975	-1470287.076200753450	1.96476057533627957	-2.88504404553230698	2.80933451511408272
337443414.514047741890	2835056.260728617199	-1769107.348068867810	-1470234.445782396244	1.96474488986159646	-2.88503857561275634	2.80934177081948278
337443414.530885279179	2835072.702789773699	-1769125.682245705044	-1470181.814749662532	1.96472920421844055	-2.88503310575930882	2.80934902669160591
337443414.547722756863	2835089.144109627232	-1769144.015895933378	-1470129.183568693465	1.96471351862915489	-2.88502763604724821	2.80935628262677772
337443414.564560234547	2835105.584646440577	-1769162.349254053086	-1470076.552002860000	1.96469783298293454	-2.88502216643557574	2.80936353867538990
337443414.581397771835	2835122.024536947254	-1769180.682201762218	-1470023.919913128717	1.96468214727941248	-2.88501669692765317	2.80937079483888574
337443414.598235249519	2835138.463558865711	-1769199.014705329901	-1469971.287596564507	1.96466652937108943	-2.88501117586415123	2.80937795811133562
337443414.615072786808	2835154.901960534509	-1769217.346889591543	-1469918.654767257627	1.96465118752455958	-2.88500544456011143	2.80938474292250762
337443414.631910264492	2835171.339486156590	-1769235.678597277030	-1469866.021724186838	1.96463584573051464	-2.88499971337993255	2.80939152779747214
337443414.648747742176	2835187.776303122751	-1769254.009895775700	-1469813.388324032770	1.96462050387801868	-2.88499398230428028	2.80939831279338970
337443414.665585279465	2835204.212436552159	-1769272.340843667742	-1469760.754374800948	1.96460516196963564	-2.88498825130963876	2.80940509790015724
337443414.682422757149	2835220.647755799349	-1769290.671377350809	-1469708.120246953331	1.96458982000243454	-2.88498252042288783	2.80941188312931978
337443414.699260234833	2835237.082305559423	-1769309.001482208725	-1469655.485713805771	1.96457444405930803	-2.88497683637111857	2.80941873937684639
337443414.716097772121	2835253.516192265786	-1769327.331216677558	-1469602.850667456631	1.96455891050103126	-2.88497136937953114	2.80942592492014587
337443414.732935249805	2835269.949278642423	-1769345.660532603273	-1469550.215433210367	1.96454337699725046	-2.88496590251717100	2.80943311052150246
337443414.749772787094	2835286.381641186308	-1769363.989484937862	-1469497.579633761197	1.96452784343603915	-2.88496043576321615	2.80944029623946845
337443414.766610264778	2835302.813205856364	-1769382.318030389491	-1469444.943634529831	1.96451230981886193	-2.88495496910423022	2.80944748206827200
337443414.783447742462	2835319.244087314699	-1769400.646141187521	-1469392.307316691615	1.96449677614425378	-2.88494950255365357	2.80945466801368360
337443414.800285279751	2835335.674182677642	-1769418.973899835022	-1469339.670384248719	1.96448154494040583	-2.88494398017223608	2.80946166817906429
337443414.817122757435	2835352.103562819771	-1769437.301222937647	-1469287.033314723754	1.96446697034613971	-2.88493833665976540	2.80946826500700952
337443414.833960235119	2835368.532132868655	-1769455.628120034933	-1469234.395862250123	1.96445239569804841	-2.88493269323102819	2.80947486194301854
337443414.850797772408	2835384.960046167485	-1769473.954667982180	-1469181.757847630186	1.96443782099576514	-2.88492704988938398	2.80948145898853463
337443414.867635250092	2835401.388401965145	-1769492.280656977789	-1469129.120387312956	1.96442324623928943	-2.88492140663483587	2.80948805614355646
337443414.884472787380	2835417.814772172831	-1769510.606408881024	-1469076.481607480906	1.96440867132458075	-2.88491576343523626	2.80949465345814353
337443414.901310265064	2835434.240380375180	-1769528.931696137646	-1469023.842678226531	1.96439390430470051	-2.88491013347038727	2.80950136529388983
337443414.918147742748	2835450.665228905156	-1769547.256609303178	-1468971.203402357409	1.96437792662480137	-2.88490458623753510	2.80950879836987832
337443414.934985280037	2835467.089396330994	-1769565.581212487537	-1468918.563539162744	1.96436194888612814	-2.88489903910638779	2.80951623156149566
337443414.951822757721	2835483.512742546853	-1769583.905295174336	-1468865.923524674028	1.96434597108721531	-2.88489349209038615	2.80952366487451011
337443414.968660235405	2835499.935359653085	-1769602.228988400893	-1468813.283117226092	1.96432999322916224	-2.88488794517945291	2.80953109830459358
337443414.985497772694	2835516.357314754277	-1769620.552353940438	-1468760.642183508724	1.96431401519762794	-2.88488239834548388	2.80953853190916725
337443415.002335250378	2835532.778454582673	-1769638.875265044393	-1468708.001061664196	1.96429837992435607	-2.88487710572586353	2.80954586103129644
337443415.019172787666	2835549.198833718430	-1769657.197827519849	-1468655.359337324742	1.96428323969060803	-2.88487218026066294	2.80955303922746324
337443415.036010265350	2835565.618464807048	-1769675.519918434788	-1468602.717476862483	1.96426809940714953	-2.88486725489112761	2.80956021752374552
337443415.052847743034	2835582.037375787739	-1769693.841618651990	-1468550.075234136777	1.96425295907251596	-2.88486232963070011	2.80956739592590932
337443415.069685280323	2835598.455533226486	-1769712.163018476451	-1468497.432414324954	1.96423781858122593	-2.88485740442879424	2.80957457447803405
337443415.086522758007	2835614.872945536859	-1769730.483911012067	-1468444.789456973551	1.96422267814643892	-2.88485247936642608	2.80958175308330782
337443415.103360235691	2835631.289562743623	-1769748.804413354024	-1468392.146116902353	1.96420735622129761	-2.88484734417051270	2.80958895363438854
337443415.120197772980	2835647.705515355337	-1769767.124607894337	-1468339.502213499276	1.96419178341734524	-2.88484191845984128	2.80959618449686399
337443415.137035250664	2835664.120654137339	-1769785.444316901732	-1468286.858123155078	1.96417621055722980	-2.88483649284844024	2.80960341547120995
337443415.153872787952	2835680.535085519310	-1769803.763667029561	-1468234.213469023351	1.96416063752947823	-2.88483106730906380	2.80961064661341187
337443415.170710265636	2835696.948718140833	-1769822.082564900862	-1468181.568650757894	1.96414506455557092	-2.88482564190965052	2.80961787781726358
337443415.187547743320	2835713.361604913604	-1769840.401113319444	-1468128.923450228758	1.96412949152550054	-2.88482021660951427	2.80962510913298225
337443415.204385280609	2835729.773783267941	-1769858.719260112382	-1468076.277698979015	1.96411411865472374	-2.88481496381596125	2.80963171112088261
337443415.221222758293	2835746.185179262888	-1769877.036959413672	-1468023.631785011617	1.96409890306957635	-2.88480984659023632	2.80963781858197059
337443415.238060235977	2835762.595842290670	-1769895.354288623203	-1467970.985488781007	1.96408368743620265	-2.88480472945150490	2.80964392614878067
337443415.254897773266	2835779.005813302007	-1769913.671220972668	-1467918.338643244701	1.96406847164712284	-2.88479961236126448	2.80965003386357814
337443415.271735250950	2835795.414977692533	-1769931.987742440775	-1467865.691632388858	1.96405325591802726	-2.88479449538980459	2.80965614163894850
337443415.288572788239	2835811.823418196756	-1769950.303902808810	-1467813.044033750892	1.96403804014180272	-2.88478937849526229	2.80966224951571464
337443415.305410265923	2835828.231090248562	-1769968.619637778727	-1467760.396259325789	1.96402262248021797	-2.88478409882241227	2.80966895111259030
337443415.322247743607	2835844.637972632423	-1769986.934929465409	-1467707.748115248745	1.96400703258819154	-2.88477868030954054	2.80967615919937774
337443415.339085280895	2835861.044201931916	-1770005.249894762645	-1467655.099433019524	1.96399144252855296	-2.88477326186850869	2.80968336745382308
337443415.355922758579	2835877.449636373203	-1770023.564388357801	-1467602.450575961499	1.96397585252375606	-2.88476784356043492	2.80969057576716397
337443415.372760236263	2835893.854304962326	-1770041.878504862078	-1467549.801311231451	1.96396026246220767	-2.88476242535812233	2.80969778419522065
337443415.389597773552	2835910.258268406149	-1770060.192287368700	-1467497.151531885378	1.96394467234500580	-2.88475700725149231	2.80970499273366947
337443415.406435251236	2835926.661485220306	-1770078.505596181378	-1467444.501591235865	1.96392924898993715	-2.88475128842805262	2.80971181461912423
337443415.423272788525	2835943.063970653340	-1770096.818540449254	-1467391.851049505873	1.96391390466023830	-2.88474542685764757	2.80971845306557499
337443415.440110266209	2835959.465631963219	-1770115.131028858479	-1467339.200331533561	1.96389856038197674	-2.88473956541321463	2.80972509158045725
337443415.456947743893	2835975.866565377451	-1770133.443138899980	-1467286.549256477039	1.96388321604566451	-2.88473370406106078	2.80973173021411782
337443415.473785281181	2835992.266812822316	-1770151.754915553844	-1467233.897617859999	1.96386787154181253	-2.88472784276749561	2.80973836901690444
337443415.490622758865	2836008.666222205386	-1770170.066243231529	-1467181.245789702283	1.96385252708903080	-2.88472198160326654	2.80974500788955961
337443415.507460236549	2836025.064945889637	-1770188.377127052750	-1467128.593632240547	1.96383700292114738	-2.88471631652808469	2.80975203385905470
337443415.524297773838	2836041.464175609406	-1770206.687559036771	-1467075.941602831241	1.96382137759896569	-2.88471076184660635	2.80975927770479617
337443415.541135251522	2836057.861365210731	-1770224.997647958808	-1467023.288668274647	1.96380575221865339	-2.88470520726830104	2.80976652166655771
337443415.557972788811	2836074.257877524942	-1770243.307418074459	-1466970.635219332529	1.96379012666909802	-2.88469965275829221	2.80977376579753280
337443415.574810266495	2836090.653576006647	-1770261.616731584538	-1466917.981557082385	1.96377450117215746	-2.88469409838970270	2.80978100999277425
337443415.591647744179	2836107.048535520677	-1770279.925611449406	-1466865.327526824083	1.96375887561745155	-2.88468854412093290	2.80978825430259338
337443415.608485281467	2836123.442783425562	-1770298.234196595382	-1466812.672955584247	1.96374387694008279	-2.88468258284066614	2.80979526490690290
337443415.625322759151	2836139.836244366597	-1770316.542268610559	-1466760.018210701412	1.96372903455753134	-2.88467652012227393	2.80980221731571156
337443415.642160236835	2836156.228931610938	-1770334.850004878361	-1466707.363056960283	1.96371419211378928	-2.88467045750107198	2.80980916984497853
337443415.658997774124	2836172.620983771048	-1770353.157356841723	-1466654.707416614285	1.96369934950401803	-2.88466439493186355	2.80981612254295232
337443415.675835251808	2836189.012168829795	-1770371.464262407506	-1466602.051524255425	1.96368450693862306	-2.88465833249832704	2.80982307531025421
337443415.692672789097	2836205.402716206852	-1770389.770803571679	-1466549.395108228084	1.96366966431313328	-2.88465227015190395	2.80983002819369210
337443415.709510266781	2836221.792415221222	-1770408.076925446279	-1466496.738513355376	1.96365426988945835	-2.88464667843511791	2.80983717768794827
337443415.726347744465	2836238.181408174336	-1770426.382620636839	-1466444.081575882621	1.96363871985806426	-2.88464121947221441	2.80984438269112502
337443415.743185281754	2836254.569655463565	-1770444.688002938405	-1466391.424036144512	1.96362316965932293	-2.88463576057720106	2.80985158786096090
337443415.760022759438	2836270.957150089554	-1770462.992876984412	-1466338.766322992044	1.96360761951402463	-2.88463030182184799	2.80985879309306164
337443415.776860237122	2836287.343887572177	-1770481.297388473758	-1466286.108251340454	1.96359206931195707	-2.88462484316859147	2.80986599843890295
337443415.793697774410	2836303.729895934928	-1770499.601560275536	-1466233.449627782684	1.96357651905385233	-2.88461938461071243	2.80987320389560447
337443415.810535252094	2836320.115142377559	-1770517.905267289374	-1466180.790854804451	1.96356190449477341	-2.88461365153880411	2.80988033475793486
337443415.827372789383	2836336.499680268578	-1770536.208633149043	-1466128.131455794210	1.96354737351729103	-2.88460789395899031	2.80988745910291815
337443415.844210267067	2836352.883442338090	-1770554.511512107216	-1466075.471920432290	1.96353284258641314	-2.88460213649972541	2.80989458350302179
337443415.861047744751	2836369.266421992332	-1770572.814022358740	-1466022.812037041178	1.96351831159694745	-2.88459637914149924	2.80990170801778749
337443415.877885282040	2836385.648708098568	-1770591.116198314354	-1465970.151554212905	1.96350378055035724	-2.88459062187086657	2.80990883264145674
337443415.894722759724	2836402.030203388538	-1770609.417880498106	-1465917.490908437176	1.96348924944517855	-2.88458486470127573	2.80991595737978628
337443415.911560237408	2836418.410951867700	-1770627.719170379452	-1465864.829893466784	1.96347376691333264	-2.88457921537715345	2.80992326953712057
337443415.928397774696	2836434.791035971139	-1770646.020120765315	-1465812.168364110170	1.96345796167126130	-2.88457360266075336	2.80993064537135284
337443415.945235252380	2836451.170247619506	-1770664.320648776134	-1465759.506596039282	1.96344215648294429	-2.88456799007594844	2.80993802126562642
337443415.962072789669	2836467.548820548691	-1770682.620798591990	-1465706.844291002257	1.96342635123453313	-2.88456237760089351	2.80994539727982229
337443415.978910267353	2836483.926589785144	-1770700.920475264080	-1465654.181823018473	1.96341054592639463	-2.88455676523222682	2.80995277341250027
337443415.995747745037	2836500.303575445432	-1770719.219772042008	-1465601.518971127924	1.96339474055816177	-2.88455115297331410	2.80996014966509877
337443416.012585282326	2836516.679924468044	-1770737.518747115042	-1465548.855582499877	1.96337959712917876	-2.88454554270434205	2.80996731552916357
337443416.029422760010	2836533.055409027729	-1770755.817255821778	-1465496.191978923045	1.96336445758786482	-2.88453993258399422	2.80997448023511787
337443416.046260237694	2836549.430158279836	-1770774.115353651578	-1465443.528031331021	1.96334931798937196	-2.88453432255911224	2.80998164505320336
337443416.063097774982	2836565.804271271918	-1770792.413084940752	-1465390.863534891047	1.96333417833333357	-2.88452871263305965	2.80998880998485800
337443416.079935252666	2836582.177552327048	-1770810.710401665419	-1465338.198861020384	1.96331903861974988	-2.88452310280583690	2.80999597503008181
337443416.096772789955	2836598.550126064569	-1770829.007359371753	-1465285.533623361262	1.96330388747407092	-2.88451749517388256	2.81000313916551381
337443416.113610267639	2836614.921898571774	-1770847.303855577484	-1465232.868210873334	1.96328830339252436	-2.88451196946555832	2.81001026195268588
337443416.130447745323	2836631.292938563507	-1770865.599936725339	-1465180.202404009877	1.96327271925267155	-2.88450644386838517	2.81001738485926422
337443416.147285282612	2836647.663267028518	-1770883.895694086095	-1465127.536082531558	1.96325713505670740	-2.88450091836219835	2.81002450787661529
337443416.164122760296	2836664.032781721093	-1770902.190994736739	-1465074.869547748007	1.96324155080280272	-2.88449539296380797	2.81003163101193110
337443416.180960237980	2836680.402802778874	-1770920.485733051784	-1465022.203375273384	1.96322596649205416	-2.88448986766312920	2.81003875426089600
337443416.197797775269	2836696.770916650072	-1770938.780272106640	-1464969.535946210613	1.96321055606459804	-2.88448422111118141	2.81004570326343250
337443416.214635252953	2836713.138197427150	-1770957.074385406915	-1464916.868303842377	1.96319603191656511	-2.88447795694080300	2.81005176425135961
337443416.231472790241	2836729.504789849743	-1770975.368153535295	-1464864.200109795434	1.96318150771054456	-2.88447169285299809	2.81005782535958604
337443416.248310267925	2836745.870598990005	-1770993.661431267858	-1464811.531766099855	1.96316698344690255	-2.88446542884440804	2.81006388658667250
337443416.265147745609	2836762.235644963104	-1771011.954311858164	-1464758.863051795401	1.96315245912527181	-2.88445916491839682	2.81006994793405696
337443416.281985282898	2836778.599992151838	-1771030.246879575541	-1464706.193773930427	1.96313793464306663	-2.88445290102834173	2.81007600944368052
337443416.298822760582	2836794.963533451315	-1771048.538949174806	-1464653.524283945560	1.96312329473567959	-2.88444674191986117	2.81008222338826252
337443416.315660238266	2836811.326343087479	-1771066.830630693585	-1464600.854473938933	1.96310797310604479	-2.88444120074028731	2.81008933688197304
337443416.332497775555	2836827.688440002035	-1771085.122006217716	-1464548.184087075293	1.96309265141988853	-2.88443565965659410	2.81009645048780587
337443416.349335253239	2836844.049755037297	-1771103.412889245898	-1464495.513525381684	1.96307732967611326	-2.88443011867886723	2.81010356421007357
337443416.366172730923	2836860.410300471354	-1771121.703385433881	-1464442.842593080597	1.96306200787545104	-2.88442457780038808	2.81011067804589931
337443416.383010268211	2836876.770154999103	-1771139.993527348852	-1464390.171098404098	1.96304668590930365	-2.88441903698301250	2.81011779204611356
337443416.399847745895	2836893.129249054939	-1771158.283202295890	-1464337.499429126736	1.96303160732014659	-2.88441336923132496	2.81012470185023444
337443416.416685283184	2836909.487646936439	-1771176.572544447845	-1464284.827233352000	1.96301714048768283	-2.88440738205536107	2.81013109818086226
337443416.433522760868	2836925.845194334164	-1771194.861413281178	-1464232.154835925205	1.96300267359830327	-2.88440139496639336	2.81013749462720241
337443416.450360238552	2836942.202038150281	-1771213.149895978160	-1464179.482057649177	1.96298820665200746	-2.88439540796442406	2.81014389118925489
337443416.467197775841	2836958.558165412862	-1771231.438063073438	-1464126.808739579283	1.96297373954661625	-2.88438942100479245	2.81015028791133448
337443416.484035253525	2836974.913442196324	-1771249.725756844738	-1464074.135219857330	1.96295927248758351	-2.88438343416674137	2.81015668470049773
337443416.500872731209	2836991.268058768474	-1771268.013010158204	-1464021.461382942041	1.96294454280329966	-2.88437755253263894	2.81016329867272985
337443416.517710268497	2837007.621923296247	-1771286.299960788339	-1463968.786943761632	1.96292899124629106	-2.88437199999456917	2.81017059215894749
337443416.534547746181	2837023.975014853757	-1771304.586420242907	-1463916.112317869440	1.96291343963030052	-2.88436644756667082	2.81017788576359973
337443416.551385283470	2837040.327393485699	-1771322.872586922254	-1463863.437176176347	1.96289788784583474	-2.88436089520399674	2.81018517953591385
337443416.568222761154	2837056.679008043837	-1771341.158263768535	-1463810.761835889425	1.96288233611334162	-2.88435534298300267	2.81019247337168210
337443416.585060238838	2837073.029816279653	-1771359.443537177984	-1463758.086136645870	1.96286678432296280	-2.88434979086209964	2.81019976732157017
337443416.601897776127	2837089.379968937486	-1771377.728503915947	-1463705.409862188855	1.96285146937589738	-2.88434443467481261	2.81020710508498350
337443416.618735253811	2837105.729338347446	-1771396.012980203843	-1463652.733438082505	1.96283650779618557	-2.88433937073844637	2.81021450814602280
337443416.635572731495	2837122.077925667167	-1771414.297045423416	-1463600.056631255429	1.96282154616418802	-2.88433430690323434	2.81022191131018229
337443416.652410268784	2837138.425810352899	-1771432.580817119451	-1463547.379271564307	1.96280658437312705	-2.88432924314113492	2.81022931463321379
337443416.669247746468	2837154.772904559504	-1771450.864052680554	-1463494.701714237221	1.96279162263655871	-2.88432417950823705	2.81023671800360964
337443416.686085283756	2837171.119329031557	-1771469.147001689766	-1463442.023629455129	1.96277666084770464	-2.88431911597650004	2.81024412147712166
337443416.702922761440	2837187.464916985016	-1771487.429470457369	-1463389.345356318168	1.96276148982628795	-2.88431387462647093	2.81025143876217909
337443416.719760239124	2837203.809801379219	-1771505.711553044384	-1463336.666702331742	1.96274598896897712	-2.88430835288513432	2.81025862011814498
337443416.736597776413	2837220.153946821112	-1771523.993251716485	-1463283.987521390896	1.96273048794448735	-2.88430283120720965	2.81026580163995243
337443416.753435254097	2837236.497324971948	-1771542.274567494402	-1463231.308151594363	1.96271498697254732	-2.88429730966871611	2.81027298322498353
337443416.770272731781	2837252.839931365568	-1771560.555442467332	-1463178.628388381097	1.96269948594365840	-2.88429178822828547	2.81028016492310861
337443416.787110269070	2837269.181845612358	-1771578.835962594720	-1463125.948110554134	1.96268398485745443	-2.88428626688928302	2.81028734673576341
337443416.803947746754	2837285.522966154851	-1771597.116053539095	-1463073.267644827953	1.96266888773000381	-2.88428072954341896	2.81029418145920751
337443416.820785284042	2837301.863396205008	-1771615.395745313494	-1463020.586604616605	1.96265415370071494	-2.88427517777322784	2.81030070416584499
337443416.837622761726	2837318.204268950969	-1771633.674877998186	-1462967.906118708896	1.96263941972331457	-2.88426962612151705	2.81030722693198953
337443416.854460239410	2837334.543136915192	-1771651.953764832346	-1462915.224555866094	1.96262468569227089	-2.88426407456015177	2.81031374980859505
337443416.871297776699	2837350.881319285836	-1771670.232275833376	-1462862.542394775432	1.96260995160868079	-2.88425852307904940	2.81032027279134944
337443416.888135254383	2837367.218700239435	-1771688.510367448907	-1462809.860093544004	1.96259521747144716	-2.88425297168829609	2.81032679588456391
