337443409.331393659115 0.000084187500
337443409.331393659115	2829959.805830110796	-1763445.055357705802	-1486416.862293895334	1.96947669858064311	-2.88666247536943388	2.80715246364922200
337443409.348231136799	2829976.477789207827	-1763463.512189575937	-1486364.345610364340	1.96946127660530723	-2.88665713082969466	2.80715969984071956
337443409.365068674088	2829993.149050029926	-1763481.968752304791	-1486311.828350204043	1.96944585457554200	-2.88665178638494124	2.80716693614000734
337443409.381906151772	2830009.819557527546	-1763500.424807819538	-1486259.310916627757	1.96943043248987570	-2.88664644204858645	2.80717417255292245
337443409.398743629456	2830026.489268015604	-1763518.880505094538	-1486206.793099143310	1.96941497426028689	-2.88664124134352296	2.80718140383347903
337443409.415581166744	2830043.158305984456	-1763537.335862971609	-1486154.274731395300	1.96939940067023778	-2.88663649887687557	2.80718861854015378
337443409.432418644428	2830059.826564999297	-1763555.790752326837	-1486101.756212810986	1.96938382714189375	-2.88663175654507898	2.80719583329615130
337443409.449256181717	2830076.494079281576	-1763574.245298643596	-1486049.237093145959	1.96936825356561229	-2.88662701430893298	2.80720304815010380
337443409.466093659401	2830093.160828765947	-1763592.699356293306	-1485996.717774884775	1.96935267993992102	-2.88662227218185174	2.80721026310784616
337443409.482931137085	2830109.826805254910	-1763611.153061310295	-1485944.198110007448	1.96933710626592484	-2.88661753015377798	2.80721747816499922
337443409.499768674374	2830126.492124537472	-1763629.606417967007	-1485891.677882982884	1.96932148479069968	-2.88661269397159304	2.80722469716632395
337443409.516606152058	2830143.156583656091	-1763648.059332651319	-1485839.157417243347	1.96930564243492867	-2.88660742091991507	2.80723193379158209
337443409.533443629742	2830159.820355222095	-1763666.511803905712	-1485786.636669958243	1.96928980002370668	-2.88660214797603754	2.80723917053050753
337443409.550281167030	2830176.483412372414	-1763684.963958977023	-1485734.115309938323	1.96927395755813772	-2.88659687512990359	2.80724640737872200
337443409.567118644714	2830193.145700513851	-1763703.415689594112	-1485681.593774130335	1.96925811503675008	-2.88659160239492785	2.80725364434206037
337443409.583956182003	2830209.807255418040	-1763721.867058588890	-1485629.071662421338	1.96924227234799476	-2.88658632972815843	2.80726088146931252
337443409.600793659687	2830226.467969220132	-1763740.317967939656	-1485576.549373053014	1.96922660141240846	-2.88658117622374943	2.80726816221827491
337443409.617631137371	2830243.129268697463	-1763758.768309144070	-1485524.027449051617	1.96921123105908968	-2.88657623122278961	2.80727551934631059
337443409.634468674660	2830259.788607223425	-1763777.218462892575	-1485471.504229755839	1.96919586065460561	-2.88657128632499704	2.80728287657773956
337443409.651306152344	2830276.447105381172	-1763795.668244499480	-1485418.980831842171	1.96918049019895580	-2.88656634153037439	2.80729023391256005
337443409.668143630028	2830293.104895060416	-1763814.117501613684	-1485366.457056407584	1.96916511969214070	-2.88656139683892343	2.80729759135077206
337443409.684981167316	2830309.762015474495	-1763832.566515959799	-1485313.932740449673	1.96914974902448203	-2.88655645222342772	2.80730494894785254
337443409.701818645000	2830326.418282553088	-1763851.015004172688	-1485261.408200029982	1.96913434256370601	-2.88655138864034688	2.80731223682257758
337443409.718656182289	2830343.073848909233	-1763869.463211551541	-1485208.883094863268	1.96911886851254603	-2.88654610079814145	2.80731939337008685
337443409.735493659973	2830359.728656716645	-1763887.910933144391	-1485156.357852158137	1.96910339440635451	-2.88654081306347532	2.80732655003047693
337443409.752331137657	2830376.382712119259	-1763906.358271627920	-1485103.832215076080	1.96908792024586732	-2.88653552542964276	2.80733370680082972
337443409.769168674946	2830393.036048259120	-1763924.805241546361	-1485051.306015391136	1.96907244592177566	-2.88653023785693996	2.80734086373082903
337443409.786006152630	2830409.688628244214	-1763943.251766381087	-1484998.779639917193	1.96905697165232829	-2.88652495042813584	2.80734802072256429
337443409.802843630314	2830426.340392315295	-1763961.697919029742	-1484946.252868425800	1.96904196101293150	-2.88651982366677862	2.80735509974983088
337443409.819681167603	2830442.991546063684	-1763980.143723321846	-1484893.725573492702	1.96902744912196348	-2.88651486973001870	2.80736209489279265
337443409.836518645287	2830459.641822204459	-1763998.589038122213	-1484841.198051499203	1.96901293718178416	-2.88650991589229555	2.80736909013649205
337443409.853356182575	2830476.291485238355	-1764017.034037695732	-1484788.670030056965	1.96899842509026568	-2.88650496211291330	2.80737608552801055
337443409.870193660259	2830492.940282033291	-1764035.478560765274	-1484736.141757788602	1.96898391305350251	-2.88650000845650112	2.80738308096589462
337443409.887031137943	2830509.588347968180	-1764053.922694677720	-1484683.613140317844	1.96896940096789597	-2.88649505489577729	2.80739007650305572
337443409.903868675232	2830526.235747528262	-1764072.366523601348	-1484631.083984694211	1.96895444786669205	-2.88648995011527143	2.80739715915179966
337443409.920706152916	2830542.882319130003	-1764090.809829940787	-1484578.554616721114	1.96893850677898330	-2.88648450647062349	2.80740443689529862
337443409.937543630600	2830559.528148083016	-1764109.252810449805	-1484526.024890477769	1.96892256574800539	-2.88647906295910861	2.80741171469847384
337443409.954381167889	2830576.173285929020	-1764127.695392825641	-1484473.494589748094	1.96890662465967492	-2.88647361955332871	2.80741899261769401
337443409.971218645573	2830592.817621595692	-1764146.137588488404	-1484420.964099932462	1.96889068351399144	-2.88646817625328644	2.80742627065295780
337443409.988056182861	2830609.461262333672	-1764164.579376401147	-1484368.433072693180	1.96887474219760450	-2.88646273302488288	2.80743354885772201
337443410.004893660545	2830626.104110099841	-1764183.020734166494	-1484315.901832375908	1.96885896362177326	-2.88645740084191527	2.80744108538241566
337443410.021731138229	2830642.746228453703	-1764201.461671658326	-1484263.370248042513	1.96884330305572153	-2.88645214925454008	2.80744880944532582
337443410.038568675518	2830659.387651175261	-1764219.902320004301	-1484210.838124141563	1.96882764243375163	-2.88644689777116348	2.80745653361648406
337443410.055406153202	2830676.028234469239	-1764238.342464306392	-1484158.305762710748	1.96881198175439276	-2.88644164640520140	2.80746425790171861
337443410.072243630886	2830692.668096933980	-1764256.782234451035	-1484105.773057492916	1.96879632101911617	-2.88643639514324191	2.80747198229519945
337443410.089081168175	2830709.307266869582	-1764275.221637539333	-1484053.239776602015	1.96878066011508546	-2.88643114396595823	2.80747970685937176
337443410.105918645859	2830725.945633599069	-1764293.660611149855	-1484000.706319695339	1.96876510458835408	-2.88642586331361128	2.80748716901167672
337443410.122756183147	2830742.583305015229	-1764312.099250826519	-1483948.172311109724	1.96874962444212320	-2.88642056155407234	2.80749444328701880
337443410.139593660831	2830759.220202497207	-1764330.537445154740	-1483895.638127923943	1.96873414424090676	-2.88641525989718506	2.80750171767275258
337443410.156431138515	2830775.856297242921	-1764348.975201871945	-1483843.103536606999	1.96871866398396933	-2.88640995834965830	2.80750899217179084
337443410.173268675804	2830792.491753547452	-1764367.412639730144	-1483790.568433731794	1.96870318356306240	-2.88640465686162750	2.80751626683028022
337443410.190106153488	2830809.126393009908	-1764385.849610238103	-1483738.033129432006	1.96868770319652087	-2.88639935551606008	2.80752354154864170
337443410.206943631172	2830825.760261168238	-1764404.286183680175	-1483685.497418645769	1.96867221831370420	-2.88639433348242980	2.80753068087644087
337443410.223781168461	2830842.393475813325	-1764422.722431489034	-1483632.961169706425	1.96865673156700138	-2.88638941807891225	2.80753776865098326
337443410.240618646145	2830859.025862219743	-1764441.158201436745	-1483580.424720529700	1.96864124488082015	-2.88638450280228342	2.80754485647529561
337443410.257456183434	2830875.657586222049	-1764459.593644402921	-1483527.887745081447	1.96862575814466179	-2.88637958762553337	2.80755194440294131
337443410.274293661118	2830892.289706840180	-1764478.028497589985	-1483475.351286416641	1.96861027135852562	-2.88637467254866387	2.80755903243391902
337443410.291131138802	2830908.919868153520	-1764496.463050640188	-1483422.813741534017	1.96859478452204439	-2.88636975757503134	2.80756612056968446
337443410.307968676090	2830925.549330225214	-1764514.897291673580	-1483370.275633090874	1.96857928800173476	-2.88636452293585632	2.80757320964378598
337443410.324806153774	2830942.177961193956	-1764533.331117024645	-1483317.737322036875	1.96856378763582174	-2.88635915746481597	2.80758029909879614
337443410.341643631458	2830958.805873109028	-1764551.764492302435	-1483265.198656270979	1.96854828721535635	-2.88635379209041476	2.80758738866381652
337443410.358481168747	2830975.433131519239	-1764570.197541930480	-1483212.659452351509	1.96853278673997156	-2.88634842681600645	2.80759447834030240
337443410.375318646431	2830992.059541327413	-1764588.630130890291	-1483160.120034896769	1.96851728620966648	-2.88634306164159371	2.80760156812825334
337443410.392156183720	2831008.685272274073	-1764607.062390610343	-1483107.580067178002	1.96850178551457833	-2.88633769653027672	2.80760865807833460
337443410.408993661404	2831025.310205343179	-1764625.494196823565	-1483055.039910145337	1.96848686386443306	-2.88633252112676386	2.80761520598828218
337443410.425831139088	2831041.934390096460	-1764643.925568818813	-1483002.499396986561	1.96847204668908038	-2.88632738002881695	2.80762165613534220
337443410.442668676376	2831058.557864133269	-1764662.356647334993	-1482949.958295087097	1.96845722946576940	-2.88632223901054319	2.80762810638186799
337443410.459506154060	2831075.180555687286	-1764680.787234330317	-1482897.417018356966	1.96844241219302973	-2.88631709808535986	2.80763455673368378
337443410.476343631744	2831091.802506068721	-1764699.217464321759	-1482844.875384541228	1.96842759487233132	-2.88631195723985323	2.80764100718496490
337443410.493181169033	2831108.423748645466	-1764717.647336147027	-1482792.333186936099	1.96841277739717779	-2.88630681645212661	2.80764745778767510
337443410.510018646717	2831125.044197263196	-1764736.076734996634	-1482739.790789321763	1.96839724941507677	-2.88630146076422722	2.80765461744507228
337443410.526856184006	2831141.663958139718	-1764754.505803239765	-1482687.247853325447	1.96838155175708640	-2.88629605384425814	2.80766194645934286
337443410.543693661690	2831158.282895791344	-1764772.934414367424	-1482634.704715905944	1.96836585404157938	-2.88629064703591975	2.80766927559033297
337443410.560531139374	2831174.901119390503	-1764791.362596188905	-1482582.161222586874	1.96835015626892385	-2.88628524033585876	2.80767660483658599
337443410.577368676662	2831191.518630927429	-1764809.790486555547	-1482529.617165707285	1.96833445832896237	-2.88627983369681962	2.80768393424609553
337443410.594206154346	2831208.135339620057	-1764828.217902589124	-1482477.072920699371	1.96831876044347820	-2.88627442719990546	2.80769126371704880
337443410.611043632030	2831224.751313890330	-1764846.644906517118	-1482424.528306496795	1.96830334465552359	-2.88626913603921276	2.80769861939166399
337443410.627881169319	2831241.366568564903	-1764865.071615597000	-1482371.983115435811	1.96828793849757067	-2.88626384893019861	2.80770597606860939
337443410.644718647003	2831257.981039741542	-1764883.497790377820	-1482319.437762613408	1.96827253228380661	-2.88625856193129948	2.80771333285820957
337443410.661556184292	2831274.594825259410	-1764901.923720017308	-1482266.891845271923	1.96825712590577151	-2.88625327499945872	2.80772068981010881
337443410.678393661976	2831291.207815796603	-1764920.349133915268	-1482214.345740989083	1.96824171958185512	-2.88624798820737727	2.80772804681919386
337443410.695231139660	2831307.820050186012	-1764938.774154949933	-1482161.799279393628	1.96822631320323005	-2.88624270151535267	2.80773540393656429
337443410.712068676949	2831324.431594574358	-1764957.198820474790	-1482109.252230242826	1.96821076939402295	-2.88623744001665949	2.80774261138944015
337443410.728906154633	2831341.042356189806	-1764975.623039214173	-1482056.705018373439	1.96819521855313950	-2.88623217989431069	2.80774981134530854
337443410.745743632317	2831357.652313374914	-1764994.046896115411	-1482004.157409300096	1.96817966765754337	-2.88622691987730962	2.80775701141267797
337443410.762581169605	2831374.261632479727	-1765012.470389301656	-1481951.609276557108	1.96816411659738222	-2.88622165992614521	2.80776421164153911
337443410.779418647289	2831390.870119491126	-1765030.893423987553	-1481899.060954271117	1.96814856559309481	-2.88621640011313607	2.80777141192899693
337443410.796256184578	2831407.477937998250	-1765049.316099629505	-1481846.512071025325	1.96813308884751037	-2.88621116432786540	2.80777851808969814
337443410.813093662262	2831424.084926810116	-1765067.738357465714	-1481793.962959989440	1.96811839225671559	-2.88620617995007223	2.80778463500772002
337443410.829931139946	2831440.691214193124	-1765086.160181082087	-1481741.413531531580	1.96810369562105580	-2.88620119564647926	2.80779075202145956
337443410.846768677235	2831457.296769802459	-1765104.581640850054	-1481688.863501994172	1.96808899883488952	-2.88619621139630178	2.80779686918051352
337443410.863606154919	2831473.901538419072	-1765123.002718041185	-1481636.313332544873	1.96807430210802869	-2.88619122725453359	2.80780298639150594
337443410.880443632603	2831490.505562587641	-1765141.423370552249	-1481583.762769905617	1.96805960533556701	-2.88618624319367978	2.80780910370112302
337443410.897281169891	2831507.108880423009	-1765159.843633742305	-1481531.211644663010	1.96804490851787195	-2.88618125921038660	2.80781522110791082
337443410.914118647575	2831523.711421524640	-1765178.263513647486	-1481478.660342446296	1.96802912299833799	-2.88617597050561869	2.80782242356481104
337443410.930956184864	2831540.314491478261	-1765196.682862620102	-1481426.109183951747	1.96801323109039905	-2.88617065212881307	2.80782973204525410
337443410.947793662548	2831556.915538433008	-1765215.101914632600	-1481373.557131234091	1.96799733923905218	-2.88616533389447261	2.80783704058696104
337443410.964631140232	2831573.515793895815	-1765233.520555124385	-1481321.004707676824	1.96798144733166525	-2.88616001576602521	2.80784434924214388
337443410.981468677521	2831590.115441600326	-1765251.938858743990	-1481268.451748796040	1.96796555536897277	-2.88615469773676558	2.80785165800789294
337443410.998306155205	2831606.714188644662	-1765270.356723023579	-1481215.898573550861	1.96794982087245862	-2.88614944302120957	2.80785875626097248
337443411.015143632889	2831623.312263470143	-1765288.774166241754	-1481163.345055932878	1.96793478377575615	-2.88614446824702986	2.80786492204206661
337443411.031981170177	2831639.909573314711	-1765307.191283399472	-1481110.790923937224	1.96791974652622215	-2.88613949352219734	2.80787108796794183
337443411.048818647861	2831656.506157641299	-1765325.607921525603	-1481058.236679811263	1.96790470933701966	-2.88613451891499206	2.80787725395035048
337443411.065656185150	2831673.101998398546	-1765344.024259119993	-1481005.681821536273	1.96788967210230159	-2.88612954438456537	2.80788342003050717
337443411.082493662834	2831689.697069258895	-1765362.440129269147	-1480953.126800541533	1.96787463482059821	-2.88612456994433986	2.80788958621422768
337443411.099331140518	2831706.291351107880	-1765380.855599523056	-1480900.571396824904	1.96785949437068641	-2.88611950096072345	2.80789595804183190
337443411.116168677807	2831722.885007752106	-1765399.270685407333	-1480848.015469440026	1.96784392249045914	-2.88611403631715024	2.80790318963859420
337443411.133006155491	2831739.477800149471	-1765417.685393287800	-1480795.459326147102	1.96782835066453710	-2.88610857180708491	2.80791042129468460
337443411.149843633175	2831756.069853189401	-1765436.099668187089	-1480742.902814844856	1.96781277878218552	-2.88610310739627840	2.80791765306322416
337443411.166681170464	2831772.661234174855	-1765454.513558651088	-1480690.345741167665	1.96779720684266990	-2.88609764309144134	2.80792488494711945
337443411.183518648148	2831789.251804518979	-1765472.927016076865	-1480637.788478177274	1.96778163484562274	-2.88609217889593195	2.80793211694782396
337443411.200356185436	2831805.841695739888	-1765491.340188933071	-1480585.230677033542	1.96776619015924337	-2.88608680771933290	2.80793924618992863
337443411.217193663120	2831822.430804881733	-1765509.752825354459	-1480532.672688948689	1.96775100227867128	-2.88608162391542011	2.80794616819983478
337443411.234031140804	2831839.019107116852	-1765528.165090720635	-1480480.114292963175	1.96773581434708156	-2.88607644020031540	2.80795309031286688
337443411.250868678093	2831855.606782398652	-1765546.577047572937	-1480427.555384234060	1.96772062636410672	-2.88607125657737607	2.80796001253047756
337443411.267706155777	2831872.193594171200	-1765564.988507783739	-1480374.996261740336	1.96770543832901113	-2.88606607305331275	2.80796693485557336
337443411.284543633461	2831888.779690201860	-1765583.399614451220	-1480322.436794272158	1.96769025024216204	-2.88606088962477347	2.80797385728670035
337443411.301381170750	2831905.365106733982	-1765601.810304221464	-1480269.876777498750	1.96767492627518270	-2.88605570512226972	2.80798084148214722
337443411.318218648434	2831921.949709716253	-1765620.220625626622	-1480217.316546459682	1.96765930668810318	-2.88605051826308090	2.80798795994611705
337443411.335056185722	2831938.533612827305	-1765638.630547337467	-1480164.755752818426	1.96764368704769566	-2.88604533150509557	2.80799507851919072
337443411.351893663406	2831955.116745741107	-1765657.040046348469	-1480112.194808568340	1.96762806735396034	-2.88604014484831461	2.80800219720136779
337443411.368731141090	2831971.699102516752	-1765675.449124813545	-1480059.633481598459	1.96761244760652931	-2.88603495829609669	2.80800931599409953
337443411.385568678379	2831988.280769020785	-1765693.857892458793	-1480007.071579184383	1.96759682769506372	-2.88602977180944942	2.80801643494680375
337443411.402406156063	2832004.861620243639	-1765712.266161453677	-1479954.509476531763	1.96758157444875037	-2.88602441275529520	2.80802337011098535
337443411.419243633747	2832021.441748276353	-1765730.674044446554	-1479901.947041974869	1.96756676757932358	-2.88601884348308779	2.80803008150708644
337443411.436081171036	2832038.021197858267	-1765749.081553261960	-1479849.384045042330	1.96755196065566329	-2.88601327430098165	2.80803679301310094
337443411.452918648720	2832054.599816119298	-1765767.488690994680	-1479796.820857611252	1.96753715367776949	-2.88600770520897854	2.80804350462902841
337443411.469756186008	2832071.177755932789	-1765785.895454541314	-1479744.257107805461	1.96752234653995428	-2.88600213617544732	2.80805021640576191
337443411.486593663692	2832087.754875481594	-1765804.301698640222	-1479691.693158947164	1.96750753945359125	-2.88599656726365739	2.80805692824151398
337443411.503431141376	2832104.331244975794	-1765822.707613281440	-1479639.128838520963	1.96749237953765732	-2.88599107178303438	2.80806390777657411
337443411.520268678665	2832120.906959701795	-1765841.113204145106	-1479586.564005122054	1.96747671511755762	-2.88598568126537103	2.80807127005718771
337443411.537106156349	2832137.481846639886	-1765859.518272154266	-1479533.998959373217	1.96746105063999432	-2.88598029085963415	2.80807863245405720
337443411.553943634033	2832154.055968487170	-1765877.922977375565	-1479481.433519250480	1.96744538610643693	-2.88597490055240469	2.80808599496136946
337443411.570781171322	2832170.629438091069	-1765896.327367951162	-1479428.867576850113	1.96742972140402439	-2.88596951032338112	2.80809335763898460
337443411.587618649006	2832187.203305048402	-1765914.731081589824	-1479376.302104431437	1.96741405675664138	-2.88596412022994864	2.80810072037444503
337443411.604456186295	2832203.775289515033	-1765933.134645421756	-1479323.735399646917	1.96739889715460370	-2.88595846504117537	2.80810804085863497
337443411.621293663979	2832220.346444439609	-1765951.537762262626	-1479271.168493437814	1.96738411286442405	-2.88595261286916172	2.80811532997548552
337443411.638131141663	2832236.916875363793	-1765969.940437095473	-1479218.601207336877	1.96736932851427948	-2.88594676079544543	2.80812261920763495
337443411.654968678951	2832253.486601884011	-1765988.342821205035	-1479166.033393552061	1.96735454399937804	-2.88594090877968057	2.80812990860716072
337443411.671806156635	2832270.055486346129	-1766006.744734134758	-1479113.465366230346	1.96733975952967000	-2.88593505689921015	2.80813719806845530
337443411.688643634319	2832286.623662958853	-1766025.146252067061	-1479060.896995122312	1.96732497499999615	-2.88592920511704376	2.80814448764504787
337443411.705481171608	2832303.191153285094	-1766043.547437175876	-1479008.328060453059	1.96730975157312171	-2.88592367121806515	2.80815173703620546
337443411.722318649292	2832319.757824402768	-1766061.948145538336	-1478955.758913661819	1.96729417524151495	-2.88591839293681396	2.80815895413503069
337443411.739156186581	2832336.323814298958	-1766080.348512814846	-1478903.189228490228	1.96727859874443944	-2.88591311472505740	2.80816617139745661
337443411.755993664265	2832352.889025473036	-1766098.748411189299	-1478850.619392483262	1.96726302230306116	-2.88590783665201522	2.80817338871889888
337443411.772831141949	2832369.453439007513	-1766117.147894981550	-1478798.049124581274	1.96724744580698108	-2.88590255868140266	2.80818060615092113
337443411.789668679237	2832386.017189935315	-1766135.547096355120	-1478745.478342520772	1.96723186914579795	-2.88589728077693586	2.80818782374509235
337443411.806506156921	2832402.580101616681	-1766153.945793386316	-1478692.907322930405	1.96721704805120345	-2.88589206414705313	2.80819481968518314
337443411.823343634605	2832419.142315183301	-1766172.344152720412	-1478640.335995658068	1.96720256535791882	-2.88588687499389795	2.80820171640419680
337443411.840181171894	2832435.703798490576	-1766190.742116967682	-1478587.764068491291	1.96718808261443412	-2.88588168592815375	2.80820861322328819
337443411.857018649578	2832452.264532356523	-1766209.139596430818	-1478535.191991903121	1.96717359981964846	-2.88587649695988979	2.80821551014681203
337443411.873856186867	2832468.824529971927	-1766227.536820908310	-1478482.619349153247	1.96715911687163825	-2.88587130804674175	2.80822240722116323
337443411.890693664551	2832485.383729103487	-1766245.933506611502	-1478430.046495469054	1.96714463397571726	-2.88586611926001968	2.80822930434774243
337443411.907531142235	2832501.942192170303	-1766264.329855886521	-1478377.473283513682	1.96712942124136902	-2.88586073244034846	2.80823644302826869
337443411.924368679523	2832518.499955083244	-1766282.725850173039	-1478324.899521066109	1.96711353557647395	-2.88585516304409628	2.80824380444240740
337443411.941206157207	2832535.056929240003	-1766301.121362995589	-1478272.325583789032	1.96709764985207269	-2.88584959375787831	2.80825116597612290
337443411.958043634892	2832551.613121919334	-1766319.516508227680	-1478219.751250721747	1.96708176406853230	-2.88584402457834122	2.80825852762796213
337443411.974881172180	2832568.168675185181	-1766337.911320659332	-1478167.176392799709	1.96706587811289491	-2.88583845547049744	2.80826588945196631
337443411.991718649864	2832584.723413227126	-1766356.305634345859	-1478114.601334639359	1.96704999221070831	-2.88583288650768433	2.80827325134150296
337443412.008556187153	2832601.277448528446	-1766374.699612936005	-1478062.025688924361	1.96703463664716494	-2.88582756236435989	2.80828033308821867
337443412.025393664837	2832617.830684832297	-1766393.093158114702	-1478009.449769074330	1.96701942574166289	-2.88582230509444804	2.80828733848154055
337443412.042231142521	2832634.383200725075	-1766411.486265734537	-1477956.873603327200	1.96700421478319654	-2.88581704792143956	2.80829434398244304
337443412.059068679810	2832650.935007184278	-1766429.879090827657	-1477904.296884715790	1.96698900366358576	-2.88581179081255579	2.80830134964244449
337443412.075906157494	2832667.485958774108	-1766448.271465280093	-1477851.719952569809	1.96697379259992400	-2.88580653382664831	2.80830835535560341
337443412.092743635178	2832684.036243639421	-1766466.663365462096	-1477799.142691119341	1.96695858148256364	-2.88580127694436150	2.80831536117924330
337443412.109581172466	2832700.585746855009	-1766485.054979471490	-1477746.564825988142	1.96694307395508816	-2.88579598054936604	2.80832263734408460
337443412.126418650150	2832717.134542442393	-1766503.446116976440	-1477693.986824960215	1.96692749190336080	-2.88579067431338787	2.80832998152720270
337443412.143256187439	2832733.682584621478	-1766521.836909697391	-1477641.408234735020	1.96691190968560403	-2.88578536814532161	2.80833732587405960
337443412.160093665123	2832750.229825147893	-1766540.227270564530	-1477588.829443314113	1.96689632752269739	-2.88578006211813731	2.80834467027972279
337443412.176931142807	2832766.776341518853	-1766558.617202573456	-1477536.250333058182	1.96688074530456758	-2.88577475619199619	2.80835201479520657
337443412.193768680096	2832783.322156527545	-1766577.006797410315	-1477483.670610067667	1.96686516303084868	-2.88576945037025601	2.80835935942196091
337443412.210606157780	2832799.867191496305	-1766595.395925323479	-1477431.090761419386	1.96684989304840996	-2.88576413705400547	2.80836638608778655
337443412.227443635464	2832816.411480704788	-1766613.784659435740	-1477378.510518397437	1.96683464377040362	-2.88575882333346367	2.80837339172496181
337443412.244281172752	2832832.956276741344	-1766632.172955634072	-1477325.930416724645	1.96681939433103525	-2.88575350967017830	2.80838039751958668
337443412.261118650436	2832849.499069575220	-1766650.560849796981	-1477273.349435083102	1.96680414494537148	-2.88574819614729616	2.80838740337587467
337443412.277956187725	2832866.041137544904	-1766668.948501915671	-1477220.767863515066	1.96678889550716329	-2.88574288271149948	2.80839440933663997
337443412.294793665409	2832882.582442565821	-1766687.335602259031	-1477168.186143482104	1.96677364601457549	-2.88573756937957171	2.80840141540913546
337443412.311631143093	2832899.122951851226	-1766705.722386656096	-1477115.604026474524	1.96675798304628136	-2.88573215304446684	2.80840858427766360
337443412.328468680382	2832915.662805735599	-1766724.108759626513	-1477063.021397451172	1.96674228450371658	-2.88572672795188501	2.80841576724707975
337443412.345306158066	2832932.201839735731	-1766742.494774372550	-1477010.438554163091	1.96672658601710881	-2.88572130298926188	2.80842295027484523
337443412.362143635750	2832948.740111975931	-1766760.880316718249	-1476957.855329340324	1.96671088747335965	-2.88571587813605568	2.80843013341953318
337443412.378981173038	2832965.277738406323	-1766779.265536511783	-1476905.271579662804	1.96669518887393702	-2.88571045337884247	2.80843731667534158
337443412.395818650723	2832981.814516759478	-1766797.650250517996	-1476852.687604337931	1.96667952379291711	-2.88570504605532774	2.80844448903321142
337443412.412656188011	2832998.350621067453	-1766816.034700573422	-1476800.103089675074	1.96666440380013263	-2.88569992013297938	2.80845148267464317
337443412.429493665695	2833014.885915256105	-1766834.418643556070	-1476747.518399953842	1.96664928386351390	-2.88569479433863929	2.80845847636932744
337443412.446331143379	2833031.420496603940	-1766852.802199675469	-1476694.933341265423	1.96663416387515966	-2.88568966864381427	2.80846547017014547
337443412.463168680668	2833047.954349603970	-1766871.185459332541	-1476642.347717601340	1.96661904383617081	-2.88568454303843636	2.80847246407274742
337443412.480006158352	2833064.487415671814	-1766889.568161553936	-1476589.761908183340	1.96660392374508008	-2.88567941753593438	2.80847945808293131
337443412.496843636036	2833081.019733204972	-1766907.950503075495	-1476537.175728383474	1.96658879698554334	-2.88567428895394196	2.80848645652248097
337443412.513681173325	2833097.551376698539	-1766926.332580631832	-1476484.589009244926	1.96657320393442325	-2.88566893673233515	2.80849375976679960
337443412.530518651009	2833114.082144291606	-1766944.714137151372	-1476432.002064231317	1.96655761093822856	-2.88566358464802875	2.80850106306963276
337443412.547356188297	2833130.612308212090	-1766963.095334626269	-1476379.414595776238	1.96654201788607530	-2.88565823266756949	2.80850836648460334
337443412.564193665981	2833147.141627363861	-1766981.476093911566	-1476326.826937780483	1.96652642477796324	-2.88565288079096227	2.80851567001171043
337443412.581031143665	2833163.670200791210	-1766999.856459338218	-1476274.238885410363	1.96651083161352580	-2.88564752902156529	2.80852297365240133
337443412.597868680954	2833180.198110641446	-1767018.236499490682	-1476221.650331948884	1.96649519483773716	-2.88564217499439879	2.80853025247225441
337443412.614706158638	2833196.725197472610	-1767036.616082183318	-1476169.061577063985	1.96647935664885321	-2.88563681032664920	2.80853741548898039
337443412.631543636322	2833213.251521068625	-1767054.995226048632	-1476116.472416878445	1.96646351840443723	-2.88563144575884589	2.80854457861810580
337443412.648381173611	2833229.777135277167	-1767073.374087301549	-1476063.882703828858	1.96644768010448878	-2.88562608129099063	2.80855174185962930
337443412.665218651295	2833246.301987607032	-1767091.752439455595	-1476011.292829246493	1.96643184174790719	-2.88562071693315625	2.80855890521789853
337443412.682056188583	2833262.826161256526	-1767110.130462042987	-1475958.702404401265	1.96641600322317167	-2.88561535264173674	2.80856606874119796
337443412.698893666267	2833279.349511895329	-1767128.508027158445	-1475906.111778131220	1.96640019243699116	-2.88560997848634582	2.80857324458082136
337443412.715731143951	2833295.872112987563	-1767146.885188796790	-1475853.520794548327	1.96638452758602855	-2.88560455167384244	2.80858048515820835
337443412.732568681240	2833312.394023912027	-1767165.262039420661	-1475800.929235522402	1.96636886267915667	-2.88559912495799109	2.80858772584659988
337443412.749406158924	2833328.915137269534	-1767183.638407102320	-1475748.337513549021	1.96635319771527439	-2.88559369834886548	2.80859496665034314
337443412.766243636608	2833345.435489598662	-1767202.014389857184	-1475695.745409083320	1.96633753269474876	-2.88558827184311095	2.80860220756798773
337443412.783081173897	2833361.955185003579	-1767220.390023762360	-1475643.152742472012	1.96632186750581828	-2.88558284541010890	2.80860944865416418
337443412.799918651581	2833378.474047143944	-1767238.765200888505	-1475590.559911498101	1.96630632381838044	-2.88557763846844484	2.80861667841436935
337443412.816756188869	2833394.992210573982	-1767257.140020841500	-1475537.966504852753	1.96629106325346670	-2.88557294309794443	2.80862388173160893
337443412.833593666553	2833411.509579936508	-1767275.514412234304	-1475485.372910308419	1.96627580264079493	-2.88556824782761057	2.80863108514706639
337443412.850431144238	2833428.026206194889	-1767293.888389822096	-1475432.778958451701	1.96626054197999878	-2.88556355266080233	2.80863828866218856
337443412.867268681526	2833444.542144891806	-1767312.262036470231	-1475380.184468213934	1.96624528116328090	-2.88555885756200681	2.80864549232699634
337443412.884106159210	2833461.057289871387	-1767330.635209749453	-1475327.589777967660	1.96623002040696937	-2.88555416259554232	2.80865269603854983
337443412.900943636894	2833477.572896508966	-1767349.007832476869	-1475274.995399440872	1.96621469138547966	-2.88554936849053334	2.80865991669876136
337443412.917781174183	2833494.086611859966	-1767367.380303741666	-1475222.399800431682	1.96619888967591905	-2.88554388695462638	2.80866725422245977
337443412.934618651867	2833510.599498197436	-1767385.752253974089	-1475169.804014252732	1.96618308790842322	-2.88553840552447571	2.80867459186209878
337443412.951456129551	2833527.111639870796	-1767404.123853035038	-1475117.207820629468	1.96616728608262625	-2.88553292420344043	2.80868192961912566
337443412.968293666840	2833543.623092963826	-1767422.495078397449	-1475064.611101694405	1.96615148408689810	-2.88552744295044450	2.80868926754451032
337443412.985131144524	2833560.133727731183	-1767440.865911814151	-1475012.014192260802	1.96613568214523027	-2.88552196184093512	2.80869660553341305
337443413.001968681812	2833576.643666669261	-1767459.236325857462	-1474959.416709528072	1.96612002295789545	-2.88551670444924513	2.80870378588219349
337443413.018806159496	2833593.152836932335	-1767477.606314881472	-1474906.819051006576	1.96610458056553217	-2.88551178671113018	2.80871072680541589
337443413.035643637180	2833609.661262736190	-1767495.975892132381	-1474854.221060352866	1.96608913812407793	-2.88550686906705822	2.80871766783020904
337443413.052481174469	2833626.168956609908	-1767514.345149998087	-1474801.622480729828	1.96607369552371414	-2.88550195148665711	2.80872460900763032
337443413.069318652153	2833642.675894675311	-1767532.713962218259	-1474749.023725320119	1.96605825298260894	-2.88549703404410840	2.80873155024135501
337443413.086156129837	2833659.182048140559	-1767551.082310006022	-1474696.424564381596	1.96604281039241235	-2.88549211669561023	2.80873849157664646
337443413.102993667126	2833675.687517687213	-1767569.450349658960	-1474643.824889055686	1.96602732415282322	-2.88548701496135651	2.80874549180732913
337443413.119831144810	2833692.192197161727	-1767587.817938741762	-1474591.225037714001	1.96601177376528313	-2.88548164214967606	2.80875257858030114
337443413.136668682098	2833708.696153605822	-1767606.185209777439	-1474538.624585520709	1.96599622321234202	-2.88547626940132851	2.80875966551591372
337443413.153506159782	2833725.199338986538	-1767624.552015089197	-1474486.023995787837	1.96598067271516430	-2.88547089678351210	2.80876675250998664
337443413.170343637466	2833741.701763717923	-1767642.918390610022	-1474433.423011452192	1.96596512216206776	-2.88546552427270298	2.80877383961895122
337443413.187181174755	2833758.203489428386	-1767661.284453698900	-1474380.821463556960	1.96594957155451877	-2.88546015185547411	2.80878092683701563
337443413.204018652439	2833774.704445453361	-1767679.650048998883	-1474328.219752941979	1.96593424230173364	-2.88545473849655654	2.80878789667868300
337443413.220856130123	2833791.204654782545	-1767698.015207598219	-1474275.617661020020	1.96591909969409540	-2.88544929062333555	2.80879476756038216
337443413.237693667412	2833807.704122960102	-1767716.380090241786	-1474223.015004123794	1.96590395692552078	-2.88544384280040589	2.80880163859864052
337443413.254531145096	2833824.202821458224	-1767734.744505083887	-1474170.412184508750	1.96588881420993311	-2.88543839510945821	2.80880850969812501
337443413.271368682384	2833840.700841665734	-1767753.108545475639	-1474117.808802518994	1.96587367144000402	-2.88543294751300694	2.80881538090794836
337443413.288206160069	2833857.198017168790	-1767771.472147560446	-1474065.205230987864	1.96585852861573263	-2.88542750001105608	2.80882225222810966
337443413.305043637753	2833873.694467390887	-1767789.835338467034	-1474012.601278378861	1.96584322311854720	-2.88542204934345614	2.80882931486865761
337443413.321881175041	2833890.190230088774	-1767808.198198370403	-1473959.996787389275	1.96582776849478535	-2.88541659574907294	2.80883655282352596
337443413.338718652725	2833906.685202736873	-1767826.560607667314	-1473907.392120382981	1.96581231392396871	-2.88541114229417106	2.80884379083965685
337443413.355556130409	2833923.179394429550	-1767844.922575332690	-1473854.787071841769	1.96579685929692594	-2.88540568893786542	2.80885102896731365
337443413.372393667698	2833939.672921386547	-1767863.284235454397	-1473802.181459969375	1.96578140461329021	-2.88540023568351867	2.80885826720794229
337443413.389231145382	2833956.165636542719	-1767881.645464231959	-1473749.575683963951	1.96576594987306197	-2.88539478253113080	2.80886550556154191
337443413.406068682671	2833972.657673420850	-1767900.006318534957	-1473696.969345583580	1.96575050060289680	-2.88538946858017331	2.80887248750587348
337443413.422906160355	2833989.148888444994	-1767918.366728967056	-1473644.362819076283	1.96573505454960218	-2.88538423273465439	2.80887932569497556
337443413.439743638039	2834005.639382174239	-1767936.726706228452	-1473591.755923373858	1.96571960844274396	-2.88537899699508893	2.80888616399701530
337443413.456581175327	2834022.129142629448	-1767955.086366110248	-1473539.148463881807	1.96570416228488876	-2.88537376133797308	2.80889300240186346
337443413.473418653011	2834038.618138428312	-1767973.445578927407	-1473486.540840485832	1.96568871607310247	-2.88536852579017244	2.80889984092109435
337443413.490256130695	2834055.106347881258	-1767991.804403141374	-1473433.932822486386	1.96567326980958557	-2.88536329033154093	2.80890667954602646
337443413.507093667984	2834071.593911960721	-1768010.162859842181	-1473381.324267520569	1.96565763386532755	-2.88535797673980232	2.80891368206953418
337443413.523931145668	2834088.080645304173	-1768028.520871306770	-1473328.715536309639	1.96564188396031314	-2.88535261622871753	2.80892078315904525
337443413.540768682957	2834104.566714270506	-1768046.878530399641	-1473276.106229657074	1.96562613399909747	-2.88534725582613572	2.80892788436458618
337443413.557606160641	2834121.053196596447	-1768065.235604234040	-1473223.497441200539	1.96561038398314714	-2.88534189551862585	2.80893498568036959
337443413.574443638325	2834137.537691793870	-1768083.592404164374	-1473170.887600990478	1.96559463391099509	-2.88533653531962342	2.80894208711218019
337443413.591281175613	2834154.021455104463	-1768101.948884630576	-1473118.277171812253	1.96557888367174538	-2.88533117518554905	2.80894918870787080
337443413.608118653297	2834170.504509909544	-1768120.304845613893	-1473065.666619805619	1.96556369300961298	-2.88532599828831238	2.80895621900063075
337443413.624956130981	2834186.986756569240	-1768138.660466265166	-1473013.055658712517	1.96554865616961472	-2.88532087183797792	2.80896322977097546
337443413.641793668270	2834203.468337486964	-1768157.015736594331	-1472960.444147356087	1.96553361917094738	-2.88531574545504110	2.80897024069852286
337443413.658631145954	2834219.949070108589	-1768175.370545723708	-1472907.832422464387	1.96551858222823639	-2.88531061919649279	2.80897725167727996
337443413.675468683243	2834236.429160993546	-1768193.725010153139	-1472855.220184600446	1.96550354523416959	-2.88530549303384065	2.80898426276024216
337443413.692306160927	2834252.908436483704	-1768212.079020353267	-1472802.607758610044	1.96548850818874654	-2.88530036696708647	2.80899127394740766
337443413.709143638611	2834269.386944944505	-1768230.432610986987	-1472749.994938015705	1.96547317374477903	-2.88529496185339118	2.80899848982740430
337443413.725981175900	2834285.864737666678	-1768248.785929158330	-1472697.381564557087	1.96545774971931642	-2.88528947286094839	2.80900576739356866
337443413.742818653584	2834302.341777515132	-1768267.138739405433	-1472644.768017683877	1.96544232574604583	-2.88528398400863573	2.80901304502119586
337443413.759656131268	2834318.818069341127	-1768285.491114935605	-1472592.154114683392	1.96542690171601397	-2.88527849525531677	2.80902032276083036
337443413.776493668556	2834335.293667192105	-1768303.843198721763	-1472539.539646936813	1.96541147762885426	-2.88527300660435371	2.80902760061391632
337443413.793331146240	2834351.768428249750	-1768322.194802729646	-1472486.924990834668	1.96539605348456692	-2.88526751805574788	2.80903487858045331
337443413.810168683529	2834368.242538552266	-1768340.546092232689	-1472434.309784698533	1.96538128498488240	-2.88526226601412539	2.80904195470190743
337443413.827006161213	2834384.715818496887	-1768358.896891644923	-1472381.694390207063	1.96536658415041021	-2.88525703847628368	2.80904901004870089
337443413.843843638897	2834401.188362888992	-1768377.247309524100	-1472329.078625333263	1.96535188326312360	-2.88525181103956641	2.80905606550220410
337443413.860681176186	2834417.660194416996	-1768395.597392759752	-1472276.462309968425	1.96533718232522214	-2.88524658368382481	2.80906312105374134
337443413.877518653870	2834434.131266598124	-1768413.947007375304	-1472223.845794821857	1.96532248133377352	-2.88524135643592849	2.80907017671487758
337443413.894356131554	2834450.601546172984	-1768432.296212073416	-1472171.228934017010	1.96530778029097641	-2.88523612927572870	2.80907723247693841
337443413.911193668842	2834467.071175002959	-1768450.645102250390	-1472118.611523178639	1.96529220700320040	-2.88523053231251447	2.80908449030638296
337443413.928031146526	2834483.539953100961	-1768468.993519526441	-1472065.993910686811	1.96527631367687117	-2.88522479973472024	2.80909182231065335
337443413.944868683815	2834500.008074375801	-1768487.341587784933	-1472013.375736049144	1.96526042028959802	-2.88521906726321120	2.80909915443611480
337443413.961706161499	2834516.475371387322	-1768505.689200424822	-1471960.757385166828	1.96524452684138118	-2.88521333489798915	2.80910648668276641
337443413.978543639183	2834532.941940372810	-1768524.036434925627	-1471908.138677201234	1.96522863333221975	-2.88520760263905718	2.80911381905060686
337443413.995381176472	2834549.407801858149	-1768542.383310724748	-1471855.519405446015	1.96521273964873600	-2.88520187045363619	2.80912115159490616
337443414.012218654156	2834565.872889764607	-1768560.729740568902	-1471802.899959090399	1.96519758504117070	-2.88519687167014371	2.80912836789986953
337443414.029056131840	2834582.337201779708	-1768579.075749446871	-1471750.280130012892	1.96518243327651976	-2.88519187586139036	2.80913558385370088
337443414.045893669128	2834598.800822703168	-1768597.421404381748	-1471697.659738561604	1.96516728146162278	-2.88518688014557201	2.80914279990752114
337443414.062731146812	2834615.263644756749	-1768615.766607241239	-1471645.039182977518	1.96515212959501384	-2.88518188453612456	2.80915001606710879
337443414.079568684101	2834631.725792886224	-1768634.111545914318	-1471592.418088054750	1.96513697757003203	-2.88517688899204883	2.80915723238113157
337443414.096406161785	2834648.187126010656	-1768652.455985486507	-1471539.796792893438	1.96512182364958266	-2.88517189087585457	2.80916444789984521
337443414.113243639469	2834664.647740418557	-1768670.799974424765	-1471487.175143021857	1.96510640292502803	-2.88516652303550591	2.80917154782076661
337443414.130081176758	2834681.107607600745	-1768689.143681799993	-1471434.552889697719	1.96509098214546407	-2.88516115529481842	2.80917864785276894
337443414.146918654442	2834697.566691298503	-1768707.486899111420	-1471381.930486722849	1.96507556131089012	-2.88515578765379521	2.80918574799585263
337443414.163756132126	2834714.025040907320	-1768725.829703758005	-1471329.307714553550	1.96506014042094090	-2.88515042011579759	2.80919284825145965
337443414.180593669415	2834730.482679050881	-1768744.172171653947	-1471276.684366711415	1.96504471936668290	-2.88514505264055066	2.80919994866888301
337443414.197431147099	2834746.939538720995	-1768762.514170241076	-1471224.060868034838	1.96502934674641216	-2.88513966548099487	2.80920709556604065
337443414.214268684387	2834763.396924331784	-1768780.855744678527	-1471171.437522819033	1.96501425451493494	-2.88513416351930596	2.80921451165271696
337443414.231106162071	2834779.852288661059	-1768799.196990251541	-1471118.813284566393	1.96499916222574322	-2.88512866166318505	2.80922192785243174
337443414.247943639755	2834796.306915284134	-1768817.537800310878	-1471066.188653124264	1.96498406987883700	-2.88512315991263524	2.80922934416518322
337443414.264781177044	2834812.760792288929	-1768835.878288112581	-1471013.563456478994	1.96496897736761023	-2.88511765822643218	2.80923676064250172
337443414.281618654728	2834829.213911207858	-1768854.218289386714	-1470960.938122294378	1.96495388490600642	-2.88511215668031351	2.80924417717843733
337443414.298456132412	2834845.666287014727	-1768872.557908195071	-1470908.312381852884	1.96493873702277400	-2.88510665941467748	2.80925157638189171
337443414.315293669701	2834862.117954994086	-1768890.897213062504	-1470855.686089734547	1.96492321572929574	-2.88510119042150359	2.80925885805969777
337443414.332131147385	2834878.568825561553	-1768909.236034732545	-1470803.059634667821	1.96490769437833435	-2.88509572153474680	2.80926613985272677
337443414.348968684673	2834895.019003630616	-1768927.574533496285	-1470750.432616040576	1.96489217285987983	-2.88509025271677366	2.80927342181299977
337443414.365806162357	2834911.468366721645	-1768945.912533112802	-1470697.805397176417	1.96487665139431789	-2.88508478403949908	2.80928070383502781
337443414.382643640041	2834927.917007900309	-1768964.250189027516	-1470645.177833338967	1.96486112987200490	-2.88507931546192964	2.80928798596938734
337443414.399481177330	2834944.364934153389	-1768982.587453751592	-1470592.549718780909	1.96484583531120305	-2.88507393381289612	2.80929513275610976
337443414.416318655014	2834960.812067867257	-1769000.924287594389	-1470539.921391145559	1.96483115223570493	-2.88506878616389706	2.80930191475184943
337443414.433156132698	2834977.258451161440	-1769019.260674956255	-1470487.292719265446	1.96481646911012953	-2.88506363860528081	2.80930869684965456
337443414.449993669987	2834993.704127662815	-1769037.596791100455	-1470434.663482639706	1.96480178583040255	-2.88505849110169033	2.80931547909800816
337443414.466831147671	2835010.149051366840	-1769055.932399202371	-1470382.034072598908	1.96478710260467282	-2.88505334372384770	2.80932226139994157
337443414.483668684959	2835026.593217601068	-1769074.267726405989	-1470329.404096168233	1.96477241932959856	-2.88504819642967547	2.80932904380105075
337443414.500506162643	2835043.036615712568	-1769092.602554525714	-1470276.773958205245	1.96475750494434931	-2.88504297479970218	2.80933593539308601
337443414.517343640327	2835059.479252140503	-1769110.936941458378	-1470224.143389763311	1.96474181945844983	-2.88503750490046018	2.80934319112097430
337443414.534181177616	2835075.921212005429	-1769129.271065723384	-1470171.512354921550	1.96472613380407735	-2.88503203506731953	2.80935044701558656
337443414.551018655300	2835092.362374696415	-1769147.604693510104	-1470118.881096075755	1.96471044820357510	-2.88502656537556668	2.80935770297324661
337443414.567856132984	2835108.802762976848	-1769165.937869164161	-1470066.249455695972	1.96469476254577180	-2.88502109578756238	2.80936495904579075
337443414.584693670273	2835125.242489882279	-1769184.270804746309	-1470013.617288087960	1.96467907683139931	-2.88501562629658936	2.80937221523033109
337443414.601531147957	2835141.681363936514	-1769202.603213399416	-1469960.984896020964	1.96466352626532581	-2.88501005397056565	2.80937928620249444
337443414.618368685246	2835158.119601341896	-1769220.935297974385	-1469908.351989796618	1.96464818440720279	-2.88500432268837326	2.80938607103793858
337443414.635206162930	2835174.557019455358	-1769239.266950152349	-1469855.718883562135	1.96463284260193149	-2.88499859152668181	2.80939285593573196
337443414.652043640614	2835190.993688554969	-1769257.598153739469	-1469803.085407903418	1.96461750073857533	-2.88499286046615744	2.80939964095303552
337443414.668881177902	2835207.429662368260	-1769275.929067522287	-1469750.451392678311	1.96460215881859912	-2.88498712949336422	2.80940642608407476
337443414.685718655586	2835223.864827673417	-1769294.259471792029	-1469697.817177216057	1.96458681684017122	-2.88498139862510250	2.80941321133606525
337443414.702556133270	2835240.299266087357	-1769312.589511548635	-1469645.182617965853	1.96457140342661463	-2.88497576621516538	2.80942014591009270
337443414.719393670559	2835256.732985933777	-1769330.919166232459	-1469592.547457637964	1.96455586985687303	-2.88497029924684245	2.80942733147709633
337443414.736231148243	2835273.165906257462	-1769349.248458361253	-1469539.912157397950	1.96454033634199399	-2.88496483240438684	2.80943451710071379
337443414.753068685532	2835289.598179481924	-1769367.577284067869	-1469487.276285273256	1.96452480277004993	-2.88495936566697697	2.80944170283949823
337443414.769906163216	2835306.029583511874	-1769385.905752666295	-1469434.640233117621	1.96450926914140811	-2.88495389903125599	2.80944888869200549
337443414.786743640900	2835322.460270267446	-1769404.233768459875	-1469382.003801070852	1.96449373545570127	-2.88494843250058519	2.80945607465967795
337443414.803581178188	2835338.890289996285	-1769422.561435831711	-1469329.366843940457	1.96447869200057745	-2.88494287546051797	2.80946295948470937
337443414.820418655872	2835355.319479060825	-1769440.888686761726	-1469276.729684200604	1.96446411739570337	-2.88493723196509588	2.80946955633408990
337443414.837256133556	2835371.747929089703	-1769459.215504162945	-1469224.092156450963	1.96444954273700412	-2.88493158855340592	2.80947615329153466
337443414.854093670845	2835388.175676338375	-1769477.542028310010	-1469171.454075837974	1.96443496802411288	-2.88492594522881074	2.80948275035848605
337443414.870931148529	2835404.603857814800	-1769495.867905091261	-1469118.816514609149	1.96442039325702922	-2.88492030199131211	2.80948934753494362
337443414.887768685818	2835421.030119495001	-1769514.193558739498	-1469066.177684681257	1.96440581833171235	-2.88491465880876152	2.80949594487096643
337443414.904606163502	2835437.455549132545	-1769532.518798008328	-1469013.538677322678	1.96439077671442930	-2.88490904760350908	2.80950282029250209
337443414.921443641186	2835453.880301650148	-1769550.843637098791	-1468960.899363469332	1.96437479902288170	-2.88490350039188126	2.80951025339168892
337443414.938281178474	2835470.304294757545	-1769569.168128069723	-1468908.259399362141	1.96435882127256023	-2.88489795328195697	2.80951768660650503
337443414.955118656158	2835486.727491681464	-1769587.492146911798	-1468855.619308184134	1.96434284346199917	-2.88489240628717969	2.80952511994271781
337443414.971956133842	2835503.149950607214	-1769605.815774941817	-1468802.978835928719	1.96432686559229785	-2.88488685939747169	2.80953255339599961
337443414.988793671131	2835519.571736035869	-1769624.139093843987	-1468750.337812223937	1.96431088754911509	-2.88488131258472702	2.80953998702377161
337443415.005631148815	2835535.992728003301	-1769642.461910024052	-1468697.696614875924	1.96429541626184023	-2.88487614156664351	2.80954726613793104
337443415.022468686104	2835552.413005053997	-1769660.784363921732	-1468645.054840441328	1.96428027601792365	-2.88487121612418740	2.80955444435541946
337443415.039306163788	2835568.832466472872	-1769679.106408191379	-1468592.412889993051	1.96426513572466277	-2.88486629077403700	2.80956162267158049
337443415.056143641472	2835585.251200320665	-1769697.428029343951	-1468539.770570348250	1.96424999538059297	-2.88486136552963268	2.80956880109218199
337443415.072981178761	2835601.669277077075	-1769715.749346126802	-1468487.127700669691	1.96423485487913441	-2.88485644035047217	2.80957597966562789
337443415.089818656445	2835618.086485436652	-1769734.070187115809	-1468434.484653102467	1.96421971443527688	-2.88485151530076900	2.80958315828789695
337443415.106656134129	2835634.502959793434	-1769752.390615290962	-1468381.841236341745	1.96420430788464384	-2.88484628208908189	2.80959036904940929
337443415.123493671417	2835650.918756021187	-1769770.710668735439	-1468329.197257207474	1.96418873506925973	-2.88484085640186105	2.80959759993550717
337443415.140331149101	2835667.333745515440	-1769789.030313891359	-1468276.553090173285	1.96417316219807869	-2.88483543081054972	2.80960483093203361
337443415.157168686390	2835683.748047991190	-1769807.349582964089	-1468223.908372648526	1.96415758915926131	-2.88483000529126299	2.80961206209641645
337443415.174006164074	2835700.161522435024	-1769825.668415632797	-1468171.263489576289	1.96414201617428885	-2.88482457991194075	2.80961929332244775
337443415.190843641758	2835716.574299661908	-1769843.986823045649	-1468118.618252020096	1.96412644313315288	-2.88481915463189553	2.80962652466034646
337443415.207681179047	2835732.986329752952	-1769862.304948726902	-1468065.972411012277	1.96411114024180011	-2.88481396212462116	2.80963290663475762
337443415.224518656731	2835749.397605736274	-1769880.622568314895	-1468013.326421769802	1.96409592464728400	-2.88480884491526846	2.80963901411625816
337443415.241356134415	2835765.808098074049	-1769898.939808134688	-1467960.680048620328	1.96408070900454135	-2.88480372779290795	2.80964512170348124
337443415.258193671703	2835782.217919798102	-1769917.256676632212	-1467908.033126394497	1.96406549320609325	-2.88479861071903843	2.80965122943869172
337443415.275031149387	2835798.626922391355	-1769935.573110058205	-1467855.386026737513	1.96405027746762895	-2.88479349376395033	2.80965733723447375
337443415.291868686676	2835815.035246505402	-1769953.889213550370	-1467802.738376817899	1.96403506168203545	-2.88478837688578071	2.80966344513165245
337443415.308706164360	2835831.442778571043	-1769972.204812198179	-1467750.090528075350	1.96401957079860057	-2.88478303814995263	2.80967036206932441
337443415.325543642044	2835847.849554628134	-1769990.520059524337	-1467697.442356711254	1.96400398089517081	-2.88477761966048618	2.80967757017972675
337443415.342381179333	2835864.255634644534	-1770008.834960964276	-1467644.793597792275	1.96398839082449483	-2.88477220123949918	2.80968477845634590
337443415.359218657017	2835880.660854009911	-1770027.149376743939	-1467592.144613227341	1.96397280080866077	-2.88476678295146893	2.80969198679186016
337443415.376056134701	2835897.065416679718	-1770045.463375074090	-1467539.495335464366	1.96395721073607499	-2.88476136476920120	2.80969919524209022
337443415.392893671989	2835913.469227218069	-1770063.777070885291	-1467486.845455434872	1.96394162060783573	-2.88475594668261692	2.80970640380271197
337443415.409731149673	2835929.872241470963	-1770082.090326067293	-1467434.195399389602	1.96392624539779082	-2.88475014103882810	2.80971311406119506
337443415.426568686962	2835946.274587318301	-1770100.403263810789	-1467381.544817075832	1.96391090105709498	-2.88474427948312639	2.80971975252945549
337443415.443406164646	2835962.676142928656	-1770118.715620792238	-1467328.894025014481	1.96389555676710392	-2.88473841806011810	2.80972639106902911
337443415.460243642330	2835979.076897786930	-1770137.027682830812	-1467276.242871852824	1.96388021241942834	-2.88473255672602713	2.80973302972593997
337443415.477081179619	2835995.477003820240	-1770155.339354231954	-1467223.591157732299	1.96386486790421255	-2.88472669545052574	2.80973966855197732
337443415.493918657303	2836011.876318627968	-1770173.650576749351	-1467170.939292775933	1.96384952344043340	-2.88472083430100046	2.80974630744644216
337443415.510756134987	2836028.274846193846	-1770191.961396614788	-1467118.287019919138	1.96383394430392788	-2.88471522920422574	2.80975345181674907
337443415.527593672276	2836044.673952065408	-1770210.271739293355	-1467065.634952297434	1.96381831897073322	-2.88470967453958238	2.80976069568376063
337443415.544431149960	2836061.070969554130	-1770228.581769886659	-1467012.981939637102	1.96380269357867587	-2.88470411998483467	2.80976793966967353
337443415.561268687248	2836077.467328965664	-1770246.891453304095	-1466960.328390010633	1.96378706801774161	-2.88469856549502213	2.80977518382335933
337443415.578106164932	2836093.862910041120	-1770265.200667189434	-1466907.674689547624	1.96377144250942193	-2.88469301114662935	2.80978242804131106
337443415.594943642616	2836110.257699891925	-1770283.509500393877	-1466855.020569302374	1.96375581694333690	-2.88468745689805717	2.80978967237384047
337443415.611781179905	2836126.651826770045	-1770301.817963078851	-1466802.365935856476	1.96374097158174954	-2.88468139607045782	2.80979662581623613
337443415.628618657589	2836143.045122693293	-1770320.126054006396	-1466749.711111912038	1.96372612918729184	-2.88467533337043314	2.80980357824834215
337443415.645456135273	2836159.437687889207	-1770338.433625070378	-1466697.055909033632	1.96371128673164308	-2.88466927076759827	2.80981053080090648
337443415.662293672562	2836175.829546382651	-1770356.740924743237	-1466644.400141408434	1.96369644410996536	-2.88466320821675692	2.80981748352217808
337443415.679131150246	2836192.220634052064	-1770375.047758298228	-1466591.744236244820	1.96368160153339533	-2.88465714579486665	2.80982443630989698
337443415.695968687534	2836208.611004265491	-1770393.354249367025	-1466539.087716933340	1.96366675889526721	-2.88465108347353372	2.80983138921951214
337443415.712806165218	2836225.000589756761	-1770411.660252209054	-1466486.431073151296	1.96365122601086628	-2.88464560984131824	2.80983858803959707
337443415.729643642902	2836241.389425932895	-1770429.965880096192	-1466433.774045692757	1.96363567596762789	-2.88464015090512182	2.80984579306791860
337443415.746481180191	2836257.777534265071	-1770448.271168805193	-1466381.116418568650	1.96362012575813982	-2.88463469202673251	2.80985299825857915
337443415.763318657875	2836274.164884404279	-1770466.576012987411	-1466328.458688595332	1.96360457560136337	-2.88462923329472432	2.80986020351438492
337443415.780156135559	2836290.551443594508	-1770484.880434220657	-1466275.800504149171	1.96358902538891522	-2.88462377465473141	2.80986740887961073
337443415.796993672848	2836306.937347438186	-1770503.184485754929	-1466223.141842379468	1.96357359093991701	-2.88461828213397142	2.80987460511473008
337443415.813831150532	2836323.322420599405	-1770521.488123268122	-1466170.482955419226	1.96355906011342540	-2.88461252450454131	2.80988172931314795
337443415.830668687820	2836339.706834647804	-1770539.791399811162	-1466117.823518197052	1.96354452912498378	-2.88460676693982920	2.80988885367857266
337443415.847506165504	2836356.090437122621	-1770558.094244616339	-1466065.163916842313	1.96352999818241480	-2.88460100950238818	2.80989597810199765
337443415.864343643188	2836372.473271749448	-1770576.396626770264	-1466012.503933952888	1.96351546718162395	-2.88459525216262325	2.80990310263864451
337443415.881181180477	2836388.855399690103	-1770594.698737501400	-1465959.843386318069	1.96350093612370880	-2.88458949491045358	2.80991022728419404
337443415.898018658161	2836405.236766087823	-1770613.000338606304	-1465907.182677149540	1.96348640500720450	-2.88458373775932531	2.80991735204440474
337443415.914856135845	2836421.617365291808	-1770631.301564612892	-1465854.521585489623	1.96347067309946688	-2.88457811669842856	2.80992471331991300
337443415.931693673134	2836437.997260784265	-1770649.602454460692	-1465801.859954035142	1.96345486784606993	-2.88457250399949228	2.80993208917589898
337443415.948531150818	2836454.376390750054	-1770667.902856658911	-1465749.198149166070	1.96343906264569523	-2.88456689143887468	2.80993946509480441
337443415.965368688107	2836470.754805513658	-1770686.202941251453	-1465696.535779322032	1.96342325738559276	-2.88456127898464354	2.80994684113219328
337443415.982206165791	2836487.132405093405	-1770704.502571251011	-1465643.873221351067	1.96340745206576250	-2.88455566663680285	2.80995421728806427
337443415.999043643475	2836503.509270755108	-1770722.801788297715	-1465591.210294185439	1.96339177320483782	-2.88455005476659698	2.80996155332952879
337443416.015881180763	2836519.885416207369	-1770741.100666973740	-1465538.546803230885	1.96337663360249848	-2.88454444452813297	2.80996871799533299
337443416.032718658447	2836536.260803750716	-1770759.399058837676	-1465485.883174737915	1.96336149404992066	-2.88453883442713055	2.80997588272351884
337443416.049556136131	2836552.635412625037	-1770777.697094136849	-1465433.219138574786	1.96334635444016303	-2.88453322442159443	2.80998304756383499
337443416.066393673420	2836569.009367452469	-1770795.994760199217	-1465380.554577327333	1.96333121477286054	-2.88452761451488682	2.80999021251772074
337443416.083231151104	2836585.382492794655	-1770814.292023363290	-1465327.889826766215	1.96331607504837824	-2.88452200470364906	2.80999737758373636
337443416.100068688393	2836601.754931572359	-1770832.588865477359	-1465275.224513603374	1.96330083692946911	-2.88451641352227739	2.81000453342661949
337443416.116906166077	2836618.126534424257	-1770850.885315007064	-1465222.559011128498	1.96328525283672417	-2.88451088783373644	2.81001165623632021
337443416.133743643761	2836634.497427747585	-1770869.181312367786	-1465169.893164638430	1.96326966868567276	-2.88450536225634790	2.81001877916542719
337443416.150581181049	2836650.867589008063	-1770887.477034718264	-1465117.226741290884	1.96325408447887573	-2.88449983676658439	2.81002590220386761
337443416.167418658733	2836667.236989125144	-1770905.772202574648	-1465064.560144300340	1.96323850021340673	-2.88449431139133949	2.81003302536315047
337443416.184256136417	2836683.606863361318	-1770924.066888676258	-1465011.893883252982	1.96322291589182552	-2.88448878610708492	2.81004014863320473
337443416.201093673706	2836699.974825515877	-1770942.361352177337	-1464959.226389383199	1.96320771299963326	-2.88448299490900828	2.81004688967942418
337443416.217931151390	2836716.341957020573	-1770960.655401596101	-1464906.558670324506	1.96319318884032090	-2.88447673075413435	2.81005295069061845
337443416.234768688679	2836732.708419539500	-1770978.949045892339	-1464853.890425954480	1.96317866462302137	-2.88447046668183571	2.81005901182211115
337443416.251606166363	2836749.074050138239	-1770997.242275590077	-1464801.222004155396	1.96316414034809950	-2.88446420268875325	2.81006507307246389
337443416.268443644047	2836765.438934331294	-1771015.535068108700	-1464748.553201049101	1.96314961601518911	-2.88445793877824830	2.81007113444311507
337443416.285281181335	2836781.803152632900	-1771033.827554737916	-1464695.883859792026	1.96313509152170407	-2.88445167490370036	2.81007719597600536
337443416.302118659019	2836798.166585431434	-1771052.119526042603	-1464643.214319711318	1.96312029556549605	-2.88444565723927893	2.81008361583003285
337443416.318956136703	2836814.529212904163	-1771070.411136690527	-1464590.544407607289	1.96310497392472572	-2.88444011607913131	2.81009072934597270
337443416.335793673992	2836830.891195249278	-1771088.702379411785	-1464537.873958536657	1.96308965222706822	-2.88443457501822609	2.81009784297547238
337443416.352631151676	2836847.252367087174	-1771106.993233056040	-1464485.203332265606	1.96307433047252311	-2.88442903405656637	2.81010495671853056
337443416.369468629360	2836863.612783635966	-1771125.283648153767	-1464432.532336571021	1.96305900866072536	-2.88442349319751390	2.81011207057658519
337443416.386306166649	2836879.972500388976	-1771143.573707625037	-1464379.860790384468	1.96304368668344242	-2.88441795239956633	2.81011918459902832
337443416.403143644333	2836896.331432666630	-1771161.863294495502	-1464327.189032307127	1.96302877547449128	-2.88441219724983799	2.81012595390916742
337443416.419981181622	2836912.689640515484	-1771180.152607165044	-1464274.516733247787	1.96301430863095794	-2.88440621009024545	2.81013235026216401
337443416.436818659306	2836929.047085858881	-1771198.441367379623	-1464221.844285726082	1.96299984173014330	-2.88440022302101085	2.81013874673231090
337443416.453656136990	2836945.403765074909	-1771216.729795151856	-1464169.171442643506	1.96298537477314361	-2.88439423603205292	2.81014514331529464
337443416.470493674278	2836961.759742051829	-1771235.017855617218	-1464116.498060951475	1.96297090765668258	-2.88438824908879221	2.81015154005974299
337443416.487331151962	2836978.114886334166	-1771253.305445456412	-1464063.824453842826	1.96295644058657959	-2.88438226226711425	2.81015793687127546
337443416.504168629646	2836994.469343322329	-1771271.592664596392	-1464011.150550935417	1.96294149862501954	-2.88437646563234606	2.81016472634919090
337443416.521006166935	2837010.823072523810	-1771289.879544449737	-1463958.476048361743	1.96292594705697421	-2.88437091311116367	2.81017201985659115
337443416.537843644619	2837027.176020244136	-1771308.165886948118	-1463905.801358848810	1.96291039542921508	-2.88436536070687710	2.81017931348530148
337443416.554681181908	2837043.528243168257	-1771326.452000050806	-1463853.126140466426	1.96289484363371258	-2.88435980836109307	2.81018660727879821
337443416.571518659592	2837059.879708461929	-1771344.737613004399	-1463800.450723489048	1.96287929188981702	-2.88435425616034857	2.81019390113718659
337443416.588356137276	2837076.230384198949	-1771363.022782479413	-1463747.774936859496	1.96286374008803532	-2.88434870405969690	2.81020119510969435
337443416.605193674564	2837092.580401531886	-1771381.307678439189	-1463695.098599010147	1.96284854068468118	-2.88434344341000415	2.81020855420829241
337443416.622031152248	2837108.929577446077	-1771399.592070824001	-1463642.422096570721	1.96283357909436895	-2.88433837949680072	2.81021595729095486
337443416.638868629932	2837125.278035887051	-1771417.876054947032	-1463589.745226350147	1.96281861745213670	-2.88433331568138840	2.81022336047529953
337443416.655706167221	2837141.625788076781	-1771436.159722699784	-1463537.067779274890	1.96280365565084081	-2.88432825193909226	2.81023076381851578
337443416.672543644905	2837157.972749151755	-1771454.442941386020	-1463484.390181362862	1.96278869390403776	-2.88432318832599588	2.81023816720909636
337443416.689381182194	2837174.319011848420	-1771472.725802311674	-1463431.712007779628	1.96277373210494877	-2.88431812481406036	2.81024557070279357
337443416.706218659878	2837190.664470924530	-1771491.008189976448	-1463379.033671249170	1.96275845557279460	-2.88431279375005101	2.81025284448747525
337443416.723056137562	2837207.009175764397	-1771509.290181776276	-1463326.354952227091	1.96274295470426474	-2.88430727202856607	2.81026002586586099
337443416.739893674850	2837223.353180836886	-1771527.571817898424	-1463273.675682714907	1.96272745366855594	-2.88430175037049485	2.81026720741008784
337443416.756731152534	2837239.696417601779	-1771545.853028382873	-1463220.996237415355	1.96271195268539689	-2.88429622885185655	2.81027438901753790
337443416.773568630219	2837256.038877336308	-1771564.133819549344	-1463168.316434574313	1.96269645164528850	-2.88429070743127935	2.81028157073808194
337443416.790406167507	2837272.380647594109	-1771582.414254292380	-1463115.636044180719	1.96268095054786507	-2.88428518611213036	2.81028875257315613
337443416.807243645191	2837288.721609986387	-1771600.694279984105	-1463062.955513647059	1.96266600360157017	-2.88427964279687821	2.81029545824639859
337443416.824081182480	2837305.061899667606	-1771618.973909206456	-1463010.274384863209	1.96265126956185254	-2.88427409104371391	2.81030198097437811
337443416.840918660164	2837321.402593879029	-1771637.252993841190	-1462957.593820851762	1.96263653557402296	-2.88426853940902950	2.81030850376186425
337443416.857756137848	2837337.741343288217	-1771655.531769847963	-1462904.912183920620	1.96262180153291599	-2.88426298786133017	2.81031502665837341
337443416.874593675137	2837354.079368680716	-1771673.810226759873	-1462852.229993898189	1.96260706743853142	-2.88425743640061638	2.81032154966390602
337443416.891431152821	2837370.416595739778	-1771692.088188893627	-1462799.547605052125	1.96259233329086857	-2.88425188502689123	2.81032807277846075
