337443409.329364240170 0.000084187500
337443409.329364240170	2829957.796349074692	-1763442.830730215646	-1486423.192118917592	1.96947855738556377	-2.88666311955287069	2.80715159147945803
337443409.346201717854	2829974.468407677021	-1763461.287628893740	-1486370.675473368494	1.96946313541650908	-2.88665777500422749	2.80715882765907132
337443409.363039255142	2829991.139760548249	-1763479.744225985603	-1486318.158264258178	1.96944771339339297	-2.88665243054721721	2.80716606394501555
337443409.379876732826	2830007.810289038345	-1763498.200323419645	-1486265.640866790898	1.96943229131437558	-2.88664708619860466	2.80717330034458667
337443409.396714210510	2830024.480102944653	-1763516.656068046577	-1486213.123076592106	1.96941685132644362	-2.88664181295529776	2.80718053425882719
337443409.413551747799	2830041.149232962634	-1763535.111460287822	-1486160.604759893846	1.96940127774226115	-2.88663707047631402	2.80718774895334366
337443409.430389225483	2830057.817552167922	-1763553.566419780254	-1486108.086253883550	1.96938570421978332	-2.88663232813218062	2.80719496369718335
337443409.447226762772	2830074.485200290103	-1763572.021008774871	-1486055.567198793637	1.96937013064936850	-2.88662758588369739	2.80720217853897758
337443409.464064240456	2830091.151983289048	-1763590.475132524502	-1486003.047928753076	1.96935455702954409	-2.88662284374427847	2.80720939348456167
337443409.480901718140	2830107.818089983892	-1763608.928857384715	-1485950.528304457664	1.96933898336141411	-2.88661810170386790	2.80721660852955734
337443409.497739255428	2830124.483489832841	-1763627.382266967557	-1485898.008103303146	1.96932339426406799	-2.88661332953836514	2.80722382494420453
337443409.514576733112	2830141.148089009803	-1763645.835227262462	-1485845.487763195299	1.96930755191493589	-2.88660805647409768	2.80723106155593882
337443409.531414210796	2830157.811926029157	-1763664.287747164490	-1485792.966992607806	1.96929170951035348	-2.88660278351763155	2.80723829828133953
337443409.548251748085	2830174.475067375228	-1763682.739977997961	-1485740.445682451595	1.96927586705142388	-2.88659751065890813	2.80724553511602970
337443409.565089225769	2830191.137429779861	-1763701.191740288399	-1485687.924221457914	1.96926002453667515	-2.88659223791134290	2.80725277206584378
337443409.581926763058	2830207.799076731782	-1763719.643143651308	-1485635.402160800062	1.96924418185455918	-2.88658696523198355	2.80726000917957208
337443409.598764240742	2830224.459929630160	-1763738.094074196648	-1485582.879900130210	1.96922845399564861	-2.88658177225052492	2.80726727547137678
337443409.615601718426	2830241.121263659094	-1763756.544524246361	-1485530.358011280186	1.96921308364849668	-2.88657682723712972	2.80727463258695042
337443409.632439255714	2830257.780673857313	-1763774.994729576400	-1485477.834829736967	1.96919771325017989	-2.88657188232690221	2.80728198980591781
337443409.649276733398	2830274.439313705079	-1763793.444512468064	-1485425.311497585848	1.96918234280069693	-2.88656693751984550	2.80728934712827627
337443409.666114211082	2830291.097175055649	-1763811.893821161939	-1485372.787759906147	1.96916697230004889	-2.88656199281595915	2.80729670455402669
337443409.682951748371	2830307.754327827133	-1763830.342890420696	-1485320.263456291752	1.96915160163892522	-2.88655704818467473	2.80730406213718719
337443409.699789226055	2830324.410747682210	-1763848.791435200023	-1485267.738992558559	1.96913620764546637	-2.88655202598917082	2.80731137425189159
337443409.716626763344	2830341.066426458303	-1763867.239659734536	-1485215.213951739715	1.96912073360085071	-2.88654673813481244	2.80731853078614657
337443409.733464241028	2830357.721306974534	-1763885.687475654297	-1485162.688733718125	1.96910525950120330	-2.88654145038799204	2.80732568743328281
337443409.750301718712	2830374.375429379288	-1763904.134800142841	-1485110.163123464212	1.96908978534726020	-2.88653616274200653	2.80733284419038220
337443409.767139256001	2830391.028901549987	-1763922.581866679015	-1485057.637011162704	1.96907431102934516	-2.88653087516050277	2.80734000110858517
337443409.783976733685	2830407.681494950317	-1763941.028432543622	-1485005.110635922989	1.96905883676717797	-2.88652558771283863	2.80734715808415114
337443409.800814211369	2830424.333419649396	-1763959.474600366084	-1484952.583942303900	1.96904371012604473	-2.88652042076944992	2.80735425663239369
337443409.817651748657	2830440.984612169676	-1763977.920449275756	-1484900.056659715483	1.96902919824091960	-2.88651546682156113	2.80736125176356488
337443409.834489226341	2830457.635025775526	-1763996.365829596063	-1484847.529226290993	1.96901468630658316	-2.88651051297270955	2.80736824699547372
337443409.851326763630	2830474.284748995677	-1764014.810899315635	-1484795.001217421843	1.96900017422090734	-2.88650555918219798	2.80737524237520208
337443409.868164241314	2830490.933647883125	-1764033.255469294032	-1484742.473020197358	1.96898566218961890	-2.88650060551801069	2.80738223780275353
337443409.885001718998	2830507.581808337476	-1764051.699649224058	-1484689.944441894535	1.96897115011022317	-2.88649565194280378	2.80738923332666657
337443409.901839256287	2830524.229255560320	-1764070.143524112646	-1484637.415286732838	1.96895636922630390	-2.88649060624037634	2.80739628198075764
337443409.918676733971	2830540.875935358461	-1764088.586911840830	-1484584.886005914537	1.96894042814550785	-2.88648516258298438	2.80740355971026956
337443409.935514211655	2830557.521868034732	-1764107.029894937528	-1484532.356294844765	1.96892448712107515	-2.88647971906207834	2.80741083750091569
337443409.952351748943	2830574.167116552126	-1764125.472570345737	-1484479.826069386443	1.96890854604002508	-2.88647427564020065	2.80741811540469133
337443409.969189226627	2830590.811516743153	-1764143.914740377804	-1484427.295618282398	1.96889260490088658	-2.88646883233076723	2.80742539342742603
337443409.986026763916	2830607.455273412634	-1764162.356599837076	-1484374.764630439226	1.96887666359178048	-2.88646338908626543	2.80743267161674614
337443410.002864241600	2830624.098216851708	-1764180.798014814965	-1484322.233465164667	1.96886085118390053	-2.88645803382242372	2.80744015440960659
337443410.019701719284	2830640.740407912061	-1764199.239046635572	-1484269.701905515278	1.96884519062467755	-2.88645278222170543	2.80744787845911814
337443410.036539256573	2830657.381906522438	-1764217.679682344198	-1484217.169796559028	1.96882953000953598	-2.88644753072498483	2.80745560261687821
337443410.053376734257	2830674.022594382986	-1764236.119885201100	-1484164.637498290744	1.96881386933700586	-2.88644227934567965	2.80746332688871414
337443410.070214211941	2830690.662528513465	-1764254.559706934495	-1484112.104830824770	1.96879820860855737	-2.88643702807037572	2.80747105126879681
337443410.087051749229	2830707.301803016104	-1764272.999168577604	-1484059.571613095701	1.96878254771135519	-2.88643177687974894	2.80747877581957095
337443410.103889226913	2830723.940241411328	-1764291.438193776878	-1484007.038193942280	1.96876697040466131	-2.88642650234041653	2.80748629225147539
337443410.120726764202	2830740.578013763297	-1764309.876869178610	-1483954.504224524600	1.96875149026505802	-2.88642120056850526	2.80749356651351167
337443410.137564241886	2830757.214982908219	-1764328.315115100006	-1483901.970079089981	1.96873601007046917	-2.88641589889924521	2.80750084088594054
337443410.154401719570	2830773.851211487781	-1764346.752914506942	-1483849.435552350013	1.96872052982015910	-2.88641059733934568	2.80750811537167344
337443410.171239256859	2830790.486748348922	-1764365.190405303380	-1483796.900475344853	1.96870504940587931	-2.88640529583894168	2.80751539001685746
337443410.188076734543	2830807.121468369383	-1764383.627428747946	-1483744.365196915111	1.96868956904596515	-2.88639999448100104	2.80752266472191359
337443410.204914212227	2830823.755441091489	-1764402.064060750417	-1483691.829549290007	1.96867408491258544	-2.88639492593835234	2.80752982660113570
337443410.221751749516	2830840.388717471622	-1764420.500316064572	-1483639.293363054981	1.96865859817190647	-2.88639001052279642	2.80753691436322317
337443410.238589227200	2830857.021196956281	-1764438.936163135106	-1483586.756951858755	1.96864311149174886	-2.88638509523412878	2.80754400217508104
337443410.255426764488	2830873.652983732987	-1764457.371656343807	-1483534.220026046736	1.96862762476161435	-2.88638018004534080	2.80755109009027137
337443410.272264242172	2830890.285234551411	-1764475.806529392255	-1483481.683607963612	1.96861213798150203	-2.88637526495643248	2.80755817810879460
337443410.289101719856	2830906.915488942526	-1764494.241159562254	-1483429.146101062885	1.96859665115104443	-2.88637034997076158	2.80756526623210600
337443410.305939257145	2830923.545022678096	-1764512.675452189054	-1483376.608030372066	1.96858115625507790	-2.88636516964202539	2.80757235516020254
337443410.322776734829	2830940.173778585158	-1764531.109318889910	-1483324.069795776391	1.96856565589578425	-2.88635980415893334	2.80757944460177811
337443410.339614212513	2830956.801791430451	-1764549.542729898589	-1483271.531169177731	1.96855015548193868	-2.88635443877247866	2.80758653415336346
337443410.356451749802	2830973.429068232886	-1764567.975841362029	-1483218.991964306682	1.96853465501317304	-2.88634907348601821	2.80759362381641475
337443410.373289227486	2830990.055582602508	-1764586.408488885965	-1483166.452610012144	1.96851915448948755	-2.88634370829955333	2.80760071359093066
337443410.390126764774	2831006.681412007660	-1764604.840772687690	-1483113.912693344057	1.96850365380065129	-2.88633834317953797	2.80760780352903305
337443410.406964242458	2831023.306430696044	-1764623.272623586003	-1483061.372587361140	1.96848864977332916	-2.88633314078835390	2.80761442855978816
337443410.423801720142	2831039.930708525237	-1764641.704072704539	-1483008.832112182630	1.96847383260384534	-2.88632799967999487	2.80762087869450783
337443410.440639257431	2831056.554294976406	-1764660.135168394074	-1482956.291074629873	1.96845901538640411	-2.88632285865130900	2.80762732892869415
337443410.457476735115	2831073.177070715930	-1764678.565831163665	-1482903.749847764149	1.96844419811953308	-2.88631771771571488	2.80763377926817048
337443410.474314212799	2831089.799089130014	-1764696.996089917840	-1482851.208227708004	1.96842938080470375	-2.88631257685979570	2.80764022970711213
337443410.491151750088	2831106.420439058449	-1764715.425987171242	-1482798.666069270810	1.96841456333505160	-2.88630743606501250	2.80764668029893860
337443410.507989227772	2831123.040989445988	-1764733.855477721663	-1482746.123758811271	1.96839914144797068	-2.88630211246575419	2.80765373408725027
337443410.524826765060	2831139.660818354227	-1764752.284574726596	-1482693.580836574547	1.96838344379682395	-2.88629670553313877	2.80766106308780383
337443410.541664242744	2831156.279869455844	-1764770.713245770195	-1482641.037750432733	1.96836774608816123	-2.88629129871215317	2.80766839220507647
337443410.558501720428	2831172.898164717946	-1764789.141479186481	-1482588.494294866920	1.96835204832234911	-2.88628589199944674	2.80767572143761246
337443410.575339257717	2831189.515768292360	-1764807.569403939182	-1482535.950289036380	1.96833635038923149	-2.88628048534776083	2.80768305083340497
337443410.592176735401	2831206.132590435445	-1764825.996879886137	-1482483.406095308485	1.96832065251059185	-2.88627507883819945	2.80769038029064166
337443410.609014213085	2831222.748607098125	-1764844.423951279605	-1482430.861517443787	1.96830520155407185	-2.88626977329983880	2.80769773269938927
337443410.625851750374	2831239.363974187523	-1764862.850677532610	-1482378.316390729044	1.96828979540275717	-2.88626448617836129	2.80770508936310748
337443410.642689228058	2831255.978547328152	-1764881.276930791093	-1482325.771064005326	1.96827438919563158	-2.88625919916699791	2.80771244613948046
337443410.659526765347	2831272.592412362806	-1764899.702870634617	-1482273.225185603835	1.96825898282423473	-2.88625391222269423	2.80771980307815205
337443410.676364243031	2831289.205486045219	-1764918.128317573108	-1482220.679144253954	1.96824357650695658	-2.88624862541814808	2.80772716007401035
337443410.693201720715	2831305.817842775956	-1764936.553399870871	-1482168.132722053910	1.96822817013496998	-2.88624333871365968	2.80773451717815359
337443410.710039258003	2831322.429450969212	-1764954.978158390848	-1482115.585709470557	1.96821264373119065	-2.88623807402489518	2.80774174358693163
337443410.726876735687	2831339.040271722712	-1764973.402404548833	-1482063.038523243042	1.96819709289685729	-2.88623281389025310	2.80774894352953686
337443410.743714213371	2831355.650353841484	-1764991.826302811271	-1482010.490990627091	1.96818154200781126	-2.88622755386095831	2.80775614358364223
337443410.760551750660	2831372.259747076314	-1765010.249859242467	-1481957.942883754149	1.96816599095456835	-2.88622229389414686	2.80776334379778447
337443410.777389228344	2831388.868361813016	-1765028.672902152641	-1481905.394613933517	1.96815043995646377	-2.88621703407219821	2.80777054407343396
337443410.794226765633	2831405.476220118348	-1765047.095665168017	-1481852.845729963621	1.96813488890548394	-2.88621177433883025	2.80777774445330630
337443410.811064243317	2831422.083345346153	-1765065.517945807194	-1481800.296720563900	1.96812016363723163	-2.88620678071248582	2.80778389773131209
337443410.827901721001	2831438.689724765252	-1765083.939803814515	-1481747.747343156720	1.96810546700706834	-2.88620179639914021	2.80779001473316381
337443410.844739258289	2831455.295368180145	-1765102.361362203723	-1481695.197387476917	1.96809077022639833	-2.88619681213921009	2.80779613188033039
337443410.861576735973	2831471.900194777641	-1765120.782455626177	-1481642.647207792848	1.96807607350540104	-2.88619182798433549	2.80780224907798059
337443410.878414213657	2831488.504317402840	-1765139.203132227762	-1481590.096696204040	1.96806137673806814	-2.88618684391708324	2.80780836637716558
337443410.895251750946	2831505.107740830164	-1765157.623496729415	-1481537.545621054480	1.96804667992586957	-2.88618185992403831	2.80781448377206599
337443410.912089228630	2831521.710361444391	-1765176.043386844685	-1481484.994357776828	1.96803103843053817	-2.88617661153151595	2.80782154268855066
337443410.928926765919	2831538.313535953872	-1765194.462794391206	-1481432.443262443412	1.96801514652935383	-2.88617129314194765	2.80782885115531622
337443410.945764243603	2831554.914645673707	-1765212.881896664388	-1481379.891259359894	1.96799925468476156	-2.88616597489484228	2.80783615968334654
337443410.962601721287	2831571.515004531946	-1765231.300584541867	-1481327.338863089215	1.96798336278449626	-2.88616065675027800	2.80784346832339748
337443410.979439258575	2831588.114701047540	-1765249.718945330475	-1481274.785940547008	1.96796747082819135	-2.88615533871160901	2.80785077707692388
337443410.996276736259	2831604.713581915479	-1765268.136852321215	-1481222.232829876477	1.96795163328861089	-2.88615004263562280	2.80785801310695371
337443411.013114213943	2831621.311704391148	-1765286.554341520416	-1481169.679312720662	1.96793659619748285	-2.88614506785138092	2.80786417887591533
337443411.029951751232	2831637.909151686821	-1765304.971524224849	-1481117.125269294716	1.96792155895352350	-2.88614009311648578	2.80787034478965847
337443411.046789228916	2831654.505796182435	-1765323.388232520083	-1481064.571037741145	1.96790652176989544	-2.88613511849921700	2.80787651075993550
337443411.063626766205	2831671.101749351714	-1765341.804587293882	-1481012.016243813094	1.96789148454075202	-2.88613014395872813	2.80788267682795967
337443411.080464243889	2831687.696903352626	-1765360.220490491018	-1480959.461285751313	1.96787644726462307	-2.88612516950843911	2.80788884299954811
337443411.097301721573	2831704.291286126710	-1765378.635996488156	-1480906.905921202851	1.96786137123016669	-2.88612015961619317	2.80789508643248942
337443411.114139258862	2831720.885015461594	-1765397.051176719600	-1480854.350018501980	1.96784579935678550	-2.88611469496025208	2.80790231801552315
337443411.130976736546	2831737.477907749824	-1765415.465877603274	-1480801.793927445076	1.96783022753770886	-2.88610923043781886	2.80790954965788497
337443411.147814214230	2831754.070066700224	-1765433.880209038965	-1480749.237454123329	1.96781465566146796	-2.88610376602135377	2.80791678141560341
337443411.164651751518	2831770.661559769884	-1765452.294161470607	-1480696.680456905160	1.96779908372953316	-2.88609830169743953	2.80792401328286223
337443411.181489229202	2831787.252214288805	-1765470.707694686949	-1480644.123243778246	1.96778351173933141	-2.88609283748956091	2.80793124526983862
337443411.198326766491	2831803.842164643575	-1765489.120894970605	-1480591.565468276385	1.96776802074893920	-2.88608743252928912	2.80793841188829019
337443411.215164244175	2831820.431345440447	-1765507.533583000768	-1480539.007517945254	1.96775283287460545	-2.88608224871386376	2.80794533388541590
337443411.232001721859	2831837.019794013817	-1765525.945915267803	-1480486.449198645074	1.96773764494925341	-2.88607706498724514	2.80795225598566844
337443411.248839259148	2831853.607534851879	-1765544.357889248291	-1480433.890315556200	1.96772245697214854	-2.88607188135614701	2.80795917819195262
337443411.265676736832	2831870.194453645032	-1765562.769419689430	-1480381.331244341331	1.96770726894365811	-2.88606669781721514	2.80796610050281492
337443411.282514214516	2831886.780608810019	-1765581.180553781800	-1480328.771802515723	1.96769208086304737	-2.88606151437716285	2.80797302292116191
337443411.299351751804	2831903.366139818914	-1765599.591346221510	-1480276.211823952850	1.96767680889838892	-2.88605633030005215	2.80797998350178357
337443411.316189229488	2831919.950833798852	-1765618.001659282949	-1480223.651657033246	1.96766118931773715	-2.88605114342866642	2.80798710195260304
337443411.333026766777	2831936.534821083769	-1765636.411656788550	-1480171.090913254768	1.96764556968375692	-2.88604595665848329	2.80799422051252634
337443411.349864244461	2831953.118000609800	-1765654.821159045212	-1480118.529982536333	1.96762994999644936	-2.88604076998950410	2.80800133918155304
337443411.366701722145	2831969.700437929481	-1765673.230290469714	-1480065.968681436498	1.96761433025544608	-2.88603558342508704	2.80800845796113530
337443411.383539259434	2831986.282220468856	-1765691.639098139247	-1480013.406867362559	1.96759871035040801	-2.88603039692624108	2.80801557690068959
337443411.400376737118	2832002.863185132854	-1765710.047427065205	-1479960.844815989258	1.96758335911514481	-2.88602508402451896	2.80802256119451243
337443411.417214214802	2832019.443406228907	-1765728.455387199530	-1479908.282419413328	1.96756855225225480	-2.88601951474145180	2.80802927257736545
337443411.434051752090	2832036.022910714149	-1765746.862987675238	-1479855.719470930286	1.96755374533513128	-2.88601394554848545	2.80803598407013233
337443411.450889229774	2832052.601613747887	-1765765.270114138722	-1479803.156286561862	1.96753893836377447	-2.88600837644562258	2.80804269567281173
337443411.467726767063	2832069.179665967822	-1765783.676894878503	-1479750.592601103708	1.96752413123249603	-2.88600280740123027	2.80804940743629761
337443411.484564244747	2832085.756885836367	-1765802.083261790685	-1479698.028738213703	1.96750932415266977	-2.88599723847858014	2.80805611925880205
337443411.501401722431	2832102.333364106715	-1765820.489170787623	-1479645.464458140777	1.96749426756439627	-2.88599172150761296	2.80806302040913414
337443411.518239259720	2832118.909105067607	-1765838.894782112679	-1479592.899624975398	1.96747860315113376	-2.88598633097726864	2.80807038267608622
337443411.535076737404	2832135.484126857948	-1765857.299935584422	-1479540.334630733356	1.96746293868040811	-2.88598094055884946	2.80807774505929331
337443411.551914215088	2832152.058347155806	-1765875.704664909746	-1479487.769241660368	1.96744727415332110	-2.88597555024229280	2.80808510755439666
337443411.568751752377	2832168.631878360640	-1765894.109094567364	-1479435.203313019825	1.96743160945811346	-2.88597015999723228	2.80809247021689679
337443411.585589230061	2832185.205890219659	-1765912.512906200951	-1479382.637916101841	1.96741594481720083	-2.88596476989447259	2.80809983294014875
337443411.602426767349	2832201.777931020595	-1765930.916530604009	-1479330.071260953089	1.96740067909909322	-2.88595917040923311	2.80810716231009616
337443411.619264245033	2832218.349177973345	-1765949.319681850728	-1479277.504405793967	1.96738589481614112	-2.88595331822537204	2.80811445141304894
337443411.636101722717	2832234.919671653304	-1765967.722406955203	-1479224.937169327401	1.96737111047322455	-2.88594746613980702	2.80812174063130193
337443411.652939260006	2832251.489486572333	-1765986.124802637845	-1479172.369382597972	1.96735632596555021	-2.88594161411219297	2.80812903001693082
337443411.669776737690	2832268.058496991638	-1766004.526799686952	-1479119.801418666262	1.96734154150306972	-2.88593576221987425	2.80813631946432896
337443411.686614215374	2832284.626720216591	-1766022.928320869105	-1479067.233061089180	1.96732675698062387	-2.88592991042586000	2.80814360902702420
337443411.703451752663	2832301.194332871120	-1766041.329567261506	-1479014.664165815804	1.96731162898265910	-2.88592430741501893	2.80815086716749596
337443411.720289230347	2832317.761078233831	-1766059.730307333171	-1478962.095093840733	1.96729605265764507	-2.88591902912142340	2.80815808425299229
337443411.737126767635	2832334.327187991701	-1766078.130724244053	-1478909.525459948694	1.96728047616679569	-2.88591375090067759	2.80816530150354193
337443411.753964245319	2832350.892440385185	-1766096.530678916490	-1478856.955624402734	1.96726489973237784	-2.88590847281193374	2.80817251881020358
337443411.770801723003	2832367.456950603984	-1766114.930262695299	-1478804.385418474907	1.96724932324289070	-2.88590319482897417	2.80817973622889783
337443411.787639260292	2832384.020781040192	-1766133.329474291997	-1478751.814675354399	1.96723374658830141	-2.88589791691216258	2.80818695380974059
337443411.804476737976	2832400.583830165211	-1766151.728236886906	-1478699.243744333042	1.96721879364493812	-2.88589268960062295	2.80819398843119838
337443411.821314215660	2832417.146111750044	-1766170.126625005389	-1478646.672430819366	1.96720431095774817	-2.88588750043652809	2.80820088513797428
337443411.838151752949	2832433.707706027199	-1766188.524637539173	-1478594.100566813955	1.96718982821999155	-2.88588231136319973	2.80820778194628051
337443411.854989230633	2832450.268517634366	-1766206.922203110764	-1478541.528540089494	1.96717534543166783	-2.88587712238063876	2.80821467885611487
337443411.871826767921	2832466.828600019682	-1766225.319416328333	-1478488.955900402507	1.96716086248975230	-2.88587193345655058	2.80822157591822918
337443411.888664245605	2832483.387908356264	-1766243.716226199875	-1478436.383120804327	1.96714637959992622	-2.88586674465888793	2.80822847303257150
337443411.905501723289	2832499.946433144622	-1766262.112583007431	-1478383.809971553041	1.96713133593455103	-2.88586140372523836	2.80823555576558803
337443411.922339260578	2832516.504293346778	-1766280.508590217447	-1478331.236224280205	1.96711545027678381	-2.88585583431612847	2.80824291716548879
337443411.939176738262	2832533.061354136094	-1766298.904190496309	-1478278.662324983627	1.96709956455987744	-2.88585026501369679	2.80825027868351507
337443411.956014215946	2832549.617657782976	-1766317.299384018639	-1478226.088055077009	1.96708367878309809	-2.88584469582465664	2.80825764032256897
337443411.972851753235	2832566.173257657327	-1766335.694199707825	-1478173.513210686622	1.96706779283458899	-2.88583912670395426	2.80826500213233521
337443411.989689230919	2832582.728094148915	-1766354.088537500240	-1478120.938203575555	1.96705190693916299	-2.88583355773163852	2.80827236400908653
337443412.006526768208	2832599.282252605073	-1766372.482633357635	-1478068.362645243295	1.96703647001201509	-2.88582819602885188	2.80827948873631739
337443412.023364245892	2832615.835597282741	-1766390.876246732660	-1478015.786751493113	1.96702125911252979	-2.88582293875061691	2.80828649411812359
337443412.040201723576	2832632.388183454052	-1766409.269408030203	-1477963.210648677777	1.96700604816118152	-2.88581768155921559	2.80829349960315744
337443412.057039260864	2832648.940042946953	-1766427.662226076238	-1477910.633943596156	1.96699083704758748	-2.88581242444200736	2.80830050525164321
337443412.073876738548	2832665.491115828510	-1766446.054619083181	-1477858.057063914603	1.96697562599030973	-2.88580716744441901	2.80830751095183651
337443412.090714216232	2832682.041451960802	-1766464.446588097373	-1477805.479826920666	1.96696041487933315	-2.88580191055045265	2.80831451676250943
337443412.107551753521	2832698.591068609618	-1766482.838262050878	-1477752.902013067855	1.96694495205396636	-2.88579662011623705	2.80832175215814406
337443412.124389231205	2832715.139968739823	-1766501.229458151385	-1477700.324075201526	1.96692937000893919	-2.88579131386767740	2.80832909632784977
337443412.141226768494	2832731.688083595596	-1766519.620345238363	-1477647.745509660570	1.96691378779788284	-2.88578600768702787	2.80833644066129473
337443412.158064246178	2832748.235456899274	-1766538.010706100380	-1477595.166795883793	1.96689820564167595	-2.88578070164726030	2.80834378505354687
337443412.174901723862	2832764.782033426221	-1766556.400708295172	-1477542.587698200252	1.96688262343024678	-2.88577539570853592	2.80835112955561961
337443412.191739261150	2832781.327951945830	-1766574.790318988264	-1477490.008051439887	1.96686704116322808	-2.88577008987421202	2.80835847416896200
337443412.208576738834	2832797.873047071509	-1766593.179517085664	-1477437.428215365857	1.96685173103824695	-2.88576477752250149	2.80836554170657804
337443412.225414216518	2832814.417440820020	-1766611.568309796974	-1477384.848035504576	1.96683648176670656	-2.88575946379025039	2.80837254733063624
337443412.242251753807	2832830.962344196625	-1766629.956631454639	-1477332.267972998554	1.96682123233343709	-2.88575415011861169	2.80837955311359400
337443412.259089231491	2832847.505223656073	-1766648.344613081310	-1477279.687029338442	1.96680598295460607	-2.88574883658066339	2.80838655895531408
337443412.275926768780	2832864.047365861945	-1766666.732296923874	-1477227.105532585178	1.96679073352286404	-2.88574352313315607	2.80839356490296277
337443412.292764246464	2832880.588763936423	-1766685.119474424282	-1477174.523850534577	1.96677548403674196	-2.88573820978951812	2.80840057096234075
337443412.309601724148	2832897.129373103380	-1766703.506251845974	-1477121.941785762087	1.96675987517227457	-2.88573280693290046	2.80840771852933546
337443412.326439261436	2832913.669316414744	-1766721.892679141136	-1477069.359170726733	1.96674417663650858	-2.88572738182794053	2.80841490148500839
337443412.343276739120	2832930.208421024960	-1766740.278702774551	-1477016.776378260227	1.96672847815669960	-2.88572195685293842	2.80842208449903064
337443412.360114216805	2832946.746786314994	-1766758.664322279859	-1476964.193191419356	1.96671277961974944	-2.88571653198735323	2.80842926762997536
337443412.376951754093	2832963.284504764713	-1766777.049576495774	-1476911.609492790420	1.96669708102712537	-2.88571110721776014	2.80843645087204097
337443412.393789231777	2832979.821388689801	-1766795.434391844086	-1476859.025567559060	1.96668138237735945	-2.88570568255758886	2.80844363423102727
337443412.410626769066	2832996.357585016172	-1766813.818876319565	-1476806.441103946418	1.96666622620066756	-2.88570053795028381	2.80845063973240672
337443412.427464246750	2833012.892992972396	-1766832.202834456926	-1476753.856453391956	1.96665110626950623	-2.88569541215106762	2.80845763341737342
337443412.444301724434	2833029.427620588336	-1766850.586438637460	-1476701.271420344710	1.96663598628807756	-2.88569028643793901	2.80846462720267409
337443412.461139261723	2833045.961558082607	-1766868.969729314325	-1476648.685834433651	1.96662086625454635	-2.88568516082768278	2.80847162109555848
337443412.477976739407	2833062.494716861751	-1766887.352553497069	-1476596.100075106835	1.96660574617038053	-2.88568003530687633	2.80847861509022545
337443412.494814217091	2833079.027126414236	-1766905.734929437982	-1476543.513946357183	1.96659062603411217	-2.88567490988894759	2.80848560919247348
337443412.511651754379	2833095.558836891316	-1766924.116993049625	-1476490.927254047245	1.96657508335245623	-2.88566958182485767	2.80849287950803772
337443412.528489232063	2833112.089757237118	-1766942.498606189620	-1476438.340385720134	1.96655949036263888	-2.88566422973139147	2.80850018279880498
337443412.545326769352	2833128.619978509843	-1766960.879906993359	-1476385.752953832736	1.96654389731759704	-2.88565887773505914	2.80850748619880974
337443412.562164247036	2833145.149389680941	-1766979.260700701736	-1476333.165346886730	1.96652830421623004	-2.88565352584593438	2.80851478971240054
337443412.579001724720	2833161.678046233021	-1766997.641099205473	-1476280.577357447939	1.96651271105853720	-2.88564817406401941	2.80852209333957648
337443412.595839262009	2833178.206058024429	-1767016.021217868431	-1476227.988830087241	1.96649710380877174	-2.88564282160397045	2.80852938912244854
337443412.612676739693	2833194.733220729511	-1767034.400787966326	-1476175.400090146810	1.96648126562662551	-2.88563745692376994	2.80853655212545261
337443412.629514217377	2833211.259638536721	-1767052.780020177830	-1476122.811003818642	1.96646542738857999	-2.88563209234687257	2.80854371524230517
337443412.646351754665	2833227.785374033265	-1767071.158899992239	-1476070.221343234181	1.96644958909536904	-2.88562672786656549	2.80855087847010676
337443412.663189232349	2833244.310291573871	-1767089.537314089015	-1476017.631506404839	1.96643375074589200	-2.88562136349292286	2.80855804181320412
337443412.680026769638	2833260.834564698860	-1767107.915403537918	-1475965.041119539412	1.96641791222752715	-2.88561599919240752	2.80856520532423160
337443412.696864247322	2833277.357988407835	-1767126.292989199050	-1475912.450532209361	1.96640208051557908	-2.88561063258622097	2.80857237188264319
337443412.713701725006	2833293.880702926312	-1767144.670210795011	-1475859.859599904856	1.96638641567144368	-2.88560520576125867	2.80857961244630117
337443412.730539262295	2833310.402676597238	-1767163.047111706110	-1475807.268090514001	1.96637075077139878	-2.88559977903294884	2.80858685312096412
337443412.747376739979	2833326.923890863545	-1767181.423515162664	-1475754.676407708321	1.96635508581434393	-2.88559435241136431	2.80859409391097881
337443412.764214217663	2833343.444323720410	-1767199.799550901400	-1475702.084329112433	1.96633942080064528	-2.88558892589314997	2.80860133481489482
337443412.781051754951	2833359.964102248661	-1767218.175217888085	-1475649.491725433618	1.96632375561854222	-2.88558349944768722	2.80860857588734358
337443412.797889232635	2833376.483057437465	-1767236.550472180592	-1475596.898932441603	1.96630816316906887	-2.88557820440709145	2.80861581020591800
337443412.814726769924	2833393.001334291417	-1767254.925352092367	-1475544.305577074410	1.96629290260991141	-2.88557350902451848	2.80862301351131904
337443412.831564247608	2833409.518786778674	-1767273.299776565516	-1475491.712045463035	1.96627764200299571	-2.88556881374211160	2.80863021691493842
337443412.848401725292	2833426.035493564792	-1767291.673807139508	-1475439.118119476829	1.96626238134795606	-2.88556411856322947	2.80863742041822295
337443412.865239262581	2833442.551539597567	-1767310.047479258850	-1475386.523668405600	1.96624712053662742	-2.88555942345571648	2.80864462407264126
337443412.882076740265	2833459.066729402170	-1767328.420731695835	-1475333.929002613528	1.96623185978643877	-2.88555472847382077	2.80865182777090849
337443412.898914217949	2833475.582472439855	-1767346.793377267430	-1475281.334725726629	1.96621659595957343	-2.88555002918596859	2.80865903231562042
337443412.915751755238	2833492.096246909350	-1767365.165875985753	-1475228.739152358379	1.96620079425699545	-2.88554454763731494	2.80866636982534423
337443412.932589232922	2833508.609235182870	-1767383.537904737517	-1475176.143392278347	1.96618499249648271	-2.88553906619441758	2.80867370745100908
337443412.949426710606	2833525.121472498402	-1767401.909561061300	-1475123.547273699427	1.96616919067766838	-2.88553358486063605	2.80868104519406137
337443412.966264247894	2833541.633006118704	-1767420.280839411542	-1475070.950580634642	1.96615338868892309	-2.88552810359489209	2.80868838310547231
337443412.983101725578	2833558.143729273695	-1767438.651684423676	-1475018.353698257124	1.96613758675423811	-2.88552262247263513	2.80869572108040133
337443412.999939262867	2833574.653785260394	-1767457.022181266220	-1474965.756290795980	1.96612188422406309	-2.88551729719004912	2.80870294930055664
337443413.016776740551	2833591.163032216020	-1767475.392213682411	-1474913.158695207676	1.96610644183802807	-2.88551237943683692	2.80870989020991413
337443413.033614218235	2833607.671541349962	-1767493.761810777010	-1474860.560706430580	1.96609099940216803	-2.88550746178438278	2.80871683122373872
337443413.050451755524	2833624.179334696848	-1767512.131135507720	-1474807.962164788507	1.96607555680739865	-2.88550254419559860	2.80872377239019144
337443413.067289233208	2833640.686316557694	-1767530.499984144932	-1474755.363446902251	1.96606011427262128	-2.88549762673795218	2.80873071361005122
337443413.084126710892	2833657.192607447505	-1767548.868397527374	-1474702.764374533668	1.96604467168838615	-2.88549270937771229	2.80873765493292682
337443413.100964248180	2833673.698157520499	-1767567.236490167910	-1474650.164725078503	1.96602919843524826	-2.88548766255231159	2.80874463764704796
337443413.117801725864	2833690.202919981442	-1767585.604143898701	-1474597.564887723885	1.96601364805472656	-2.88548228972518572	2.80875172440507281
337443413.134639263153	2833706.706965977792	-1767603.971437711269	-1474544.964498463785	1.96599809750807042	-2.88547691696810826	2.80875881132863414
337443413.151476740837	2833723.210258692037	-1767622.338268495863	-1474492.363947898615	1.96598254701717723	-2.88547154434156106	2.80876589831065582
337443413.168314218521	2833739.712781522889	-1767640.704712943407	-1474439.763026724104	1.96596699647109885	-2.88546617181530607	2.80877298540467368
337443413.185151755810	2833756.214578864630	-1767659.070827678544	-1474387.161516580265	1.96595144587020143	-2.88546079938598776	2.80878007260923956
337443413.201989233494	2833772.715635794215	-1767677.436458758544	-1474334.559845133452	1.96593606743451432	-2.88545539513468219	2.80878706853981042
337443413.218826711178	2833789.215913950466	-1767695.801702147350	-1474281.957814958878	1.96592092483379233	-2.88544994724671477	2.80879393940676314
337443413.235664248466	2833805.715489462484	-1767714.166610266082	-1474229.355197229423	1.96590578207140099	-2.88544449941575332	2.80880081043316965
337443413.252501726151	2833822.214279972482	-1767732.531059543835	-1474176.752428663895	1.96589063936236297	-2.88543905171341608	2.80880768151935500
337443413.269339263439	2833838.712351429742	-1767750.895168790827	-1474124.149071129505	1.96587549659898375	-2.88543360410557437	2.80881455271587921
337443413.286176741123	2833855.209660730790	-1767769.258813638706	-1474071.545564173721	1.96586035378126223	-2.88542815659223217	2.80882142402274182
337443413.303014218807	2833871.706170069054	-1767787.622032007901	-1474018.941637206357	1.96584508584527962	-2.88542270666672707	2.80882844249274166
337443413.319851756096	2833888.202046186198	-1767805.984951877268	-1473966.337197495159	1.96582963122833920	-2.88541725306005681	2.80883568043399290
337443413.336689233780	2833904.697090465575	-1767824.347412820440	-1473913.732568242354	1.96581417666434288	-2.88541179959286564	2.80884291843650713
337443413.353526711464	2833921.191395578906	-1767842.709440454375	-1473861.127570980228	1.96579872204412109	-2.88540634622427294	2.80885015655054726
337443413.370364248753	2833937.685027061496	-1767861.071159196785	-1473808.522022268269	1.96578326736730680	-2.88540089295763691	2.80885739477755925
337443413.387201726437	2833954.177830603905	-1767879.432399577927	-1473755.916273318930	1.96576781263389977	-2.88539543979295976	2.80886463311754264
337443413.404039263725	2833970.669939112384	-1767897.793305528816	-1473703.309972691815	1.96575236231020156	-2.88539009966150806	2.80887166330679428
337443413.420876741409	2833987.161225765478	-1767916.153767607175	-1473650.703483937308	1.96573691626323033	-2.88538486380443304	2.80887850148280727
337443413.437714219093	2834003.651824021712	-1767934.513803491835	-1473598.096651395317	1.96572147016269572	-2.88537962805331061	2.80888533977175792
337443413.454551756382	2834020.141677515116	-1767952.873540555127	-1473545.489229885163	1.96570602401116323	-2.88537439238463822	2.80889217816351744
337443413.471389234066	2834036.630743914749	-1767971.232762279455	-1473492.881657310529	1.96569057780570078	-2.88536915682528061	2.80889901666965924
337443413.488226711750	2834053.119083540048	-1767989.591606422793	-1473440.273679892533	1.96567513154850770	-2.88536392135509212	2.80890585528150227
337443413.505064249039	2834069.606731764972	-1768007.950138956076	-1473387.665174790658	1.96565953219563649	-2.88535862284746036	2.80891282618341043
337443413.521901726723	2834086.093536736909	-1768026.308202069718	-1473335.056481333449	1.96564378229730763	-2.88535326232410716	2.80891992725928530
337443413.538739264011	2834102.579677332193	-1768044.665912811644	-1473282.447212432977	1.96562803234277772	-2.88534790190925650	2.80892702845119002
337443413.555576741695	2834119.066242775880	-1768063.023019740591	-1473229.838486909634	1.96561228233351293	-2.88534254158947823	2.80893412975333678
337443413.572414219379	2834135.550847764593	-1768081.379856808810	-1473177.228673983831	1.96559653226804665	-2.88533718137820694	2.80894123117151207
337443413.589251756668	2834152.034735977184	-1768099.736378695350	-1473124.618321262533	1.96558078203548248	-2.88533182123186238	2.80894833275356648
337443413.606089234352	2834168.517872331664	-1768118.092435417464	-1473072.007782059256	1.96556550539452446	-2.88532661618466557	2.80895537400023532
337443413.622926712036	2834185.000210999977	-1768136.448090510909	-1473019.396872015437	1.96555046856071547	-2.88532148972277325	2.80896238475802029
337443413.639764249325	2834201.481863543857	-1768154.803412490292	-1472966.785398411565	1.96553543156823807	-2.88531636332827857	2.80896939567300796
337443413.656601727009	2834217.962700689677	-1768173.158280249219	-1472914.173736681696	1.96552039463171746	-2.88531123705817238	2.80897640663920489
337443413.673439264297	2834234.442850686610	-1768191.512772146845	-1472861.561524459161	1.96550535764384060	-2.88530611088396105	2.80898341770960736
337443413.690276741982	2834250.922206693329	-1768209.866835352499	-1472808.949124337174	1.96549032060460749	-2.88530098480564723	2.80899042888421357
337443413.707114219666	2834267.400819676463	-1768228.220484614605	-1472756.336366904667	1.96547503278349267	-2.88529562344318213	2.80899761267721004
337443413.723951756954	2834283.878754058853	-1768246.573804160813	-1472703.723059208831	1.96545960876491566	-2.88529013443840432	2.80900489022969957
337443413.740789234638	2834300.355865534395	-1768264.926666060928	-1472651.109550087713	1.96544418479853022	-2.88528464557375486	2.80901216784365237
337443413.757626712322	2834316.832221123390	-1768283.279134634184	-1472598.495683654444	1.96542876077538420	-2.88527915680810043	2.80901944556961203
337443413.774464249611	2834333.307910981122	-1768301.631252865540	-1472545.881266958080	1.96541333669511009	-2.88527366814480013	2.80902672340902404
337443413.791301727295	2834349.782785451505	-1768319.982916853391	-1472493.266662135022	1.96539791255770835	-2.88526817958385706	2.80903400136188708
337443413.808139264584	2834366.256961296313	-1768338.334223517450	-1472440.651481639128	1.96538305687067694	-2.88526289609779951	2.80904110433013887
337443413.824976742268	2834382.730318950489	-1768356.685109077021	-1472388.036137011833	1.96536835604284810	-2.88525766854522159	2.80904815966297328
337443413.841814219952	2834399.202973131556	-1768375.035564100137	-1472335.420399423689	1.96535365516183913	-2.88525244109712542	2.80905521510396294
337443413.858651757240	2834415.674896665383	-1768393.385681784013	-1472282.804135107901	1.96533895423021510	-2.88524721373000448	2.80906227064298708
337443413.875489234924	2834432.146043068264	-1768411.735328148352	-1472230.187694776803	1.96532425324504367	-2.88524198647072883	2.80906932629161066
337443413.892326712608	2834448.616424567066	-1768430.084611384198	-1472177.570860071573	1.96530955220852399	-2.88523675929914880	2.80907638204115839
337443413.909164249897	2834465.086151835974	-1768448.433525697794	-1472124.953500282718	1.96529412261928105	-2.88523122326939019	2.80908360659029777
337443413.926001727581	2834481.554991501849	-1768466.781982107554	-1472072.335901549552	1.96527822930066365	-2.88522549067542666	2.80909093857851566
337443413.942839264870	2834498.023250191938	-1768485.130115976557	-1472019.717815481359	1.96526233592073640	-2.88521975819110699	2.80909827068937012
337443413.959676742554	2834514.490610962734	-1768503.477821663488	-1471967.099501165561	1.96524644247986502	-2.88521402581307429	2.80910560292141476
337443413.976514220238	2834530.957246922422	-1768521.825042244978	-1471914.480820027646	1.96523054897804927	-2.88520829354133124	2.80911293527464823
337443413.993351757526	2834547.423234333750	-1768540.172002211912	-1471861.861611661967	1.96521465530191120	-2.88520256134309827	2.80912026780434099
337443414.010189235210	2834563.888381348923	-1768558.518459530082	-1471809.242190948222	1.96519941127791609	-2.88519747382094272	2.80912749816882101
337443414.027026712894	2834580.352806774899	-1768576.864528391277	-1471756.622413149104	1.96518425951940978	-2.88519247800017897	2.80913471411025206
337443414.043864250183	2834596.816511836834	-1768595.210259169340	-1471704.002071562223	1.96516910771065723	-2.88518748227234934	2.80914193015167202
337443414.060701727867	2834613.279434785713	-1768613.555497828871	-1471651.381555144908	1.96515395585019292	-2.88518248665089061	2.80914914629886026
337443414.077539265156	2834629.741629507858	-1768631.900439791381	-1471598.760473752394	1.96513880383135531	-2.88517749109480315	2.80915636260048318
337443414.094376742840	2834646.203096421435	-1768650.244922144338	-1471546.139243167127	1.96512365186893256	-2.88517249567265743	2.80916357895342550
337443414.111214220524	2834662.663762069307	-1768668.588979951572	-1471493.517617749516	1.96510826158587726	-2.88516717001480627	2.80917069206214043
337443414.128051757812	2834679.123774532694	-1768686.932711546775	-1471440.895454181125	1.96509284081294333	-2.88516180226210706	2.80917779208075435
337443414.144889235497	2834695.582921987399	-1768705.276021909900	-1471388.273087773938	1.96507741998500007	-2.88515643460907123	2.80918489221044920
337443414.161726713181	2834712.041352109052	-1768723.618879566900	-1471335.650341474218	1.96506199910168089	-2.88515106705906099	2.80919199245266826
337443414.178564250469	2834728.499094771687	-1768741.961406097515	-1471283.027056793682	1.96504657805405314	-2.88514569957180100	2.80919909285670277
337443414.195401728153	2834744.956061415840	-1768760.303474985296	-1471230.403609395958	1.96503116580765669	-2.88514032863434400	2.80920620171180246
337443414.212239265442	2834761.413512566127	-1768778.645066588186	-1471177.780289820861	1.96501607358272534	-2.88513482666369470	2.80921361778647327
337443414.229076743126	2834777.868956384249	-1768796.986322428100	-1471125.156090507982	1.96500098130044587	-2.88512932479525519	2.80922103397273704
337443414.245914220810	2834794.323667143472	-1768815.327208333183	-1471072.531508929329	1.96498588896045190	-2.88512382303238590	2.80922845027203838
337443414.262751758099	2834810.777657556813	-1768833.667756123701	-1471019.906363562215	1.96497079645613670	-2.88511832133386248	2.80923586673590675
337443414.279589235783	2834827.230856985785	-1768852.007810410112	-1470967.281055249041	1.96495570400144581	-2.88511281977542300	2.80924328325839223
337443414.296426713467	2834843.683305845130	-1768870.347449802561	-1470914.655353746144	1.96494060779882007	-2.88510731859439318	2.80925069872808431
337443414.313264250755	2834860.135105156340	-1768888.686785791535	-1470862.029138084035	1.96492508651185971	-2.88510184959215676	2.80925798039362151
337443414.330101728439	2834876.586026963778	-1768907.025676330319	-1470809.402707474539	1.96490956516778259	-2.88509638069297836	2.80926526217293615
337443414.346939265728	2834893.036305923946	-1768925.364210898755	-1470756.775728015229	1.96489404365621234	-2.88509091186258360	2.80927254411949567
337443414.363776743412	2834909.485765664838	-1768943.702310549328	-1470704.148571124999	1.96487852219753445	-2.88508544317288651	2.80927982612781024
337443414.380614221096	2834925.934486330021	-1768962.039976736298	-1470651.521046226611	1.96486300068210618	-2.88507997458289456	2.80928710824845673
337443414.397451758385	2834942.382512044162	-1768980.377308345865	-1470598.892969650449	1.96484760505660194	-2.88507455426771342	2.80929431533136098
337443414.414289236069	2834958.829709915444	-1768998.714161427924	-1470546.264692835743	1.96483292198750559	-2.88506940660446043	2.80930109731335520
337443414.431126713753	2834975.276215507649	-1769017.050610127626	-1470493.636060352670	1.96481823886796669	-2.88506425903495112	2.80930787939885818
337443414.447964251041	2834991.721963629127	-1769035.386777937645	-1470441.006861479254	1.96480355559427489	-2.88505911152046668	2.80931466163490962
337443414.464801728725	2835008.166962573770	-1769053.722460540943	-1470388.377513184911	1.96478887237458144	-2.88505396413172921	2.80932144392454175
337443414.481639266014	2835024.611270461697	-1769072.057789138984	-1470335.747602515621	1.96477418910554280	-2.88504881682666259	2.80932822631334922
337443414.498476743698	2835041.054722621571	-1769090.392652984243	-1470283.117465013638	1.96475939550965273	-2.88504363409619957	2.80933506087033003
337443414.515314221382	2835057.497473263182	-1769108.727155899163	-1470230.486995836953	1.96474371003102588	-2.88503816418109382	2.80934231658292788
337443414.532151758671	2835073.939497502055	-1769127.061286156299	-1470177.855950761586	1.96472802438355987	-2.88503269433544940	2.80934957246369255
337443414.548989236355	2835090.380739676300	-1769145.394924218999	-1470125.224730854388	1.96471233878996432	-2.88502722463119232	2.80935682840750589
337443414.565826714039	2835106.821266390383	-1769163.728208237560	-1470072.593165975297	1.96469665313906749	-2.88502175503068292	2.80936408446620289
337443414.582664251328	2835123.261052401271	-1769182.061171300476	-1470019.961024010088	1.96468096743160148	-2.88501628552720524	2.80937134063689609
337443414.599501729012	2835139.700051348656	-1769200.393621393014	-1469967.328708400950	1.96466537540038688	-2.88501074476357866	2.80937846844120953
337443414.616339266300	2835156.138348879758	-1769218.725776194595	-1469914.695814748993	1.96465003354917744	-2.88500501347000249	2.80938525326259736
337443414.633176743984	2835172.575857968070	-1769237.057420090307	-1469862.062772633508	1.96463469175081840	-2.88499928229692815	2.80939203814633398
337443414.650014221668	2835189.012639040127	-1769255.388714751462	-1469809.429347067140	1.96461934989400833	-2.88499355122837908	2.80939882315102363
337443414.666851758957	2835205.448686925229	-1769273.719691867707	-1469756.795357712777	1.96460400798131141	-2.88498782024084255	2.80940560826656327
337443414.683689236641	2835221.883952095173	-1769292.050089207478	-1469704.161194486078	1.96458866600979620	-2.88498208936119616	2.80941239350449790
337443414.700526714325	2835238.318430253305	-1769310.380216395482	-1469651.526634512236	1.96457327566853257	-2.88497642515117780	2.80941927984883222
337443414.717364251614	2835254.752287505660	-1769328.709936709842	-1469598.891562752891	1.96455774210562506	-2.88497095817059801	2.80942646540212904
337443414.734201729298	2835271.185295181349	-1769347.039197722683	-1469546.256302637979	1.96454220859757944	-2.88496549131588687	2.80943365101203923
337443414.751039266586	2835287.617624287028	-1769365.368157882942	-1469493.620465893764	1.96452667503246903	-2.88496002456622058	2.80944083673711686
337443414.767876744270	2835304.049158478156	-1769383.696646438679	-1469440.984454320744	1.96451114141066130	-2.88495455791824318	2.80944802257591686
337443414.784714221954	2835320.479920472018	-1769402.024736738764	-1469388.348084020428	1.96449560773178855	-2.88494909137531552	2.80945520852988251
337443414.801551759243	2835336.910011815373	-1769420.352455782238	-1469335.711164641893	1.96448044867211458	-2.88494355567605698	2.80946216437468532
337443414.818389236927	2835353.339322147425	-1769438.679725324037	-1469283.074057366233	1.96446587407377238	-2.88493791217013706	2.80946876121086708
337443414.835226714611	2835369.767814519349	-1769457.006610250799	-1469230.436565956101	1.96445129942160479	-2.88493226874795106	2.80947535815511307
337443414.852064251900	2835386.195650140755	-1769475.333146026824	-1469177.798512399429	1.96443672471524522	-2.88492662541285805	2.80948195520886568
337443414.868901729584	2835402.623977914453	-1769493.659089789260	-1469125.161027856870	1.96442214995469366	-2.88492098216486115	2.80948855237212447
337443414.885739266872	2835419.050331590232	-1769511.984777903650	-1469072.522248978727	1.96440757503590846	-2.88491533897181318	2.80949514969494851
337443414.902576744556	2835435.475865735672	-1769530.310075827641	-1469019.883304781048	1.96439270249945785	-2.88490971621541492	2.80950192439000856
337443414.919414222240	2835451.900653348304	-1769548.634936780203	-1468967.243979277322	1.96437672481508274	-2.88490416899071800	2.80950935747491126
337443414.936251759529	2835468.324763478711	-1769566.959510585759	-1468914.604090442415	1.96436074707193309	-2.88489862186772639	2.80951679067544235
337443414.953089237213	2835484.748040907551	-1769585.283582450822	-1468861.964025135385	1.96434476926854473	-2.88489307485988045	2.80952422399737145
337443414.969926714897	2835501.170591828413	-1769603.607244950254	-1468809.323603929952	1.96432879140601568	-2.88488752795710290	2.80953165743636912
337443414.986764252186	2835517.592478143517	-1769621.930599666433	-1468756.682619392406	1.96431281337000541	-2.88488198113129002	2.80953909104985655
337443415.003601729870	2835534.013545346912	-1769640.253490357660	-1468704.041483791079	1.96429724111005410	-2.88487673523616017	2.80954640095514918
337443415.020439267159	2835550.433916844428	-1769658.575990389334	-1468651.399748524418	1.96428210087253952	-2.88487180977840829	2.80955357915895521
337443415.037276744843	2835566.853456313256	-1769676.898076019483	-1468598.757835828234	1.96426696058494765	-2.88486688441968253	2.80956075746431777
337443415.054114222527	2835583.272309998982	-1769695.219746859977	-1468546.115567462286	1.96425182024654776	-2.88486195916670285	2.80956793587412079
337443415.070951759815	2835599.690451929346	-1769713.541125634918	-1468493.472735536285	1.96423667975149097	-2.88485703397224613	2.80957511443388430
337443415.087789237499	2835616.107765158173	-1769731.861980462214	-1468440.829739019973	1.96422153931293741	-2.88485210891732624	2.80958229304679685
337443415.104626715183	2835632.524327523075	-1769750.182465090184	-1468388.186361426255	1.96420618487020326	-2.88484693605327713	2.80958949751928122
337443415.121464252472	2835648.940216766670	-1769768.502595748752	-1468335.542420271784	1.96419061206163281	-2.88484151035368486	2.80959672839172159
337443415.138301730156	2835665.355310767889	-1769786.822299558902	-1468282.898316399893	1.96417503919726522	-2.88483608475000430	2.80960395937459051
337443415.155139267445	2835681.769684855361	-1769805.141620308859	-1468230.253636627924	1.96415946616526127	-2.88483065921834791	2.80961119052531583
337443415.171976745129	2835698.183260183316	-1769823.460488799494	-1468177.608792722458	1.96414389318710225	-2.88482523382665468	2.80961842173769005
337443415.188814222813	2835714.596095077693	-1769841.778954780428	-1468124.963579621864	1.96412832015241356	-2.88481980853759890	2.80962565306337320
337443415.205651760101	2835731.008251485415	-1769860.097090838477	-1468072.317816258641	1.96411297417220543	-2.88481457890633175	2.80963217050765257
337443415.222489237785	2835747.419599078596	-1769878.414762108820	-1468019.671864768490	1.96409775858345781	-2.88480946168689822	2.80963827797658450
337443415.239326715469	2835763.830216305796	-1769896.732043378055	-1467967.025568078039	1.96408254294648410	-2.88480434455445822	2.80964438555123808
337443415.256164252758	2835780.240098149050	-1769915.048982111039	-1467914.378658425063	1.96406732715380450	-2.88479922747050832	2.80965049327387950
337443415.273001730442	2835796.649184864480	-1769933.365491401637	-1467861.731608631322	1.96405211142110869	-2.88479411050533896	2.80965660105709336
337443415.289839267731	2835813.057597348001	-1769951.681606532540	-1467809.083985768724	1.96403689564128414	-2.88478899361708807	2.80966270894170300
337443415.306676745415	2835829.465212108102	-1769969.997312120860	-1467756.436185703147	1.96402144984342364	-2.88478369124994849	2.80966949328578686
337443415.323514223099	2835845.872077961452	-1769988.312540016603	-1467703.788042579545	1.96400585994715593	-2.88477827274477727	2.80967670138109460
337443415.340351760387	2835862.278249966912	-1770006.627475930844	-1467651.139334711479	1.96399026988327652	-2.88477285431144814	2.80968390964406067
337443415.357189238071	2835878.683573838789	-1770024.941950369161	-1467598.490413307445	1.96397467987423813	-2.88476743601107666	2.80969111796592186
337443415.374026715755	2835895.088210569229	-1770043.256012047175	-1467545.841161414515	1.96395908980881462	-2.88476201781310593	2.80969832640105777
337443415.390864253044	2835911.492132050451	-1770061.569756203564	-1467493.191344546620	1.96394349968700554	-2.88475659971753906	2.80970553494946751
337443415.407701730728	2835927.895259699784	-1770079.883071393473	-1467440.541339780437	1.96392809483211517	-2.88475084753262268	2.80971231394119991
337443415.424539268017	2835944.297652128618	-1770098.196012448519	-1467387.890770996455	1.96391275049841618	-2.88474498596579920	2.80971895239514424
337443415.441376745701	2835960.699283992406	-1770116.508486689534	-1467335.240027613472	1.96389740621542219	-2.88473912453166825	2.80972559092040131
337443415.458214223385	2835977.100167982746	-1770134.820525958436	-1467282.588928102981	1.96388206187474323	-2.88473326318645507	2.80973222956299606
337443415.475051760674	2835993.500358135905	-1770153.132273228606	-1467229.937263846397	1.96386671736652496	-2.88472740189983057	2.80973886837471687
337443415.491889238358	2836009.899750990793	-1770171.443537112558	-1467177.285436642356	1.96385137290937650	-2.88472154074254306	2.80974550725630667
337443415.508726716042	2836026.298376619816	-1770189.754425958497	-1467124.633226946229	1.96383582761943210	-2.88471589871327927	2.80975257872186868
337443415.525564253330	2836042.697542607319	-1770208.064838876249	-1467071.981171898311	1.96382020229324383	-2.88471034403620008	2.80975982257489632
337443415.542401731014	2836059.094710632227	-1770226.374872237444	-1467019.328213116387	1.96380457690819310	-2.88470478946901698	2.80976706654682529
337443415.559239268303	2836075.491145271808	-1770244.684630175587	-1466966.674725236371	1.96378895135426501	-2.88469923496676817	2.80977431068652717
337443415.576076745987	2836091.886797952931	-1770262.993895745836	-1466914.021062526619	1.96377332585295217	-2.88469368060593956	2.80978155489049541
337443415.592914223671	2836108.281668302603	-1770281.302781985840	-1466861.366968151648	1.96375770029387375	-2.88468812634493066	2.80978879920904134
337443415.609751760960	2836124.675866785925	-1770299.611296355259	-1466808.712372458074	1.96374276052952590	-2.88468212681272185	2.80979578784834194
337443415.626589238644	2836141.069271456450	-1770317.919381725136	-1466756.057588866446	1.96372791814239966	-2.88467606410138711	2.80980274026610344
337443415.643426716328	2836157.461962559260	-1770336.227036989992	-1466703.402449378278	1.96371307569408216	-2.88467000148724395	2.80980969280432236
337443415.660264253616	2836173.853916661814	-1770354.534393979004	-1466650.746756796259	1.96369823307973546	-2.88466393892509299	2.80981664551124855
337443415.677101731300	2836190.245078755543	-1770372.841246066382	-1466598.090865392238	1.96368339051013163	-2.88465787649525351	2.80982359828606221
337443415.693939268589	2836206.635547029786	-1770391.147806122433	-1466545.434409241891	1.96366854787970047	-2.88465181415924921	2.80983055117989267
337443415.710776746273	2836223.025196623988	-1770409.453857219545	-1466492.777789915213	1.96365310025090967	-2.88464626782009859	2.80983771962918594
337443415.727614223957	2836239.414087899029	-1770427.759534599958	-1466440.120776214870	1.96363755021524589	-2.88464080886487340	2.80984492464091851
337443415.744451761246	2836255.802333996166	-1770446.064844135661	-1466387.463225547923	1.96362200001186826	-2.88463534998090010	2.80985212982074950
337443415.761289238930	2836272.189748129342	-1770464.369739154354	-1466334.805497452384	1.96360644986266575	-2.88462989122986579	2.80985933505996588
337443415.778126716614	2836288.576400476508	-1770482.674206038238	-1466282.147399932845	1.96359089965669442	-2.88462443258092760	2.80986654041292239
337443415.794964253902	2836304.962411269080	-1770500.978327909950	-1466229.488789440366	1.96357534939395340	-2.88461897403408907	2.80987374587961902
337443415.811801731586	2836321.347562476993	-1770519.282006790861	-1466176.829940234311	1.96356081151480844	-2.88461321846830865	2.80988087062958769
337443415.828639268875	2836337.732079853769	-1770537.585330837639	-1466124.170530296862	1.96354628053370606	-2.88460746088886744	2.80988799498009945
337443415.845476746559	2836354.115753930993	-1770555.888227334013	-1466071.510966694215	1.96353174959811039	-2.88460170344005773	2.80989511939005121
337443415.862314224243	2836370.498672674876	-1770574.190685361624	-1466018.851033669664	1.96351721860429307	-2.88459594608892544	2.80990224391322485
337443415.879151761532	2836386.880912982859	-1770592.492813373217	-1465966.190550381318	1.96350268755335100	-2.88459018882538798	2.80990936854530160
337443415.895989239216	2836403.262350983452	-1770610.794466168154	-1465913.529878965579	1.96348815644382046	-2.88458443166289147	2.80991649329203952
337443415.912826716900	2836419.643063577358	-1770629.095752196619	-1465860.868838584516	1.96347257808698750	-2.88457879319912047	2.80992382432345655
337443415.929664254189	2836436.023051055614	-1770647.396676530596	-1465808.207258179551	1.96345677284078945	-2.88457318048736200	2.80993120016516151
337443415.946501731873	2836452.402252622880	-1770665.697130420245	-1465755.545491063036	1.96344096764761389	-2.88456756791392088	2.80993857606978592
337443415.963339269161	2836468.780747879297	-1770683.997268054402	-1465702.883147089276	1.96342516239471054	-2.88456195544686711	2.80994595209289422
337443415.980176746845	2836485.158419062383	-1770702.296949745622	-1465650.220626870869	1.96340935708207920	-2.88455634308620334	2.80995332823448463
337443415.997014224529	2836501.535389219411	-1770720.596225465415	-1465597.557762865908	1.96339359796228430	-2.88455073096981485	2.80996068978711122
337443416.013851761818	2836517.911659550853	-1770738.895145611372	-1465544.894348370610	1.96337845836688119	-2.88454512071943991	2.80996785443922681
337443416.030689239502	2836534.287136480212	-1770757.193591869203	-1465492.230733865174	1.96336331882123893	-2.88453951060652569	2.80997501915372361
337443416.047526717186	2836550.661828445271	-1770775.491660305532	-1465439.566760633141	1.96334817921841731	-2.88453390058907777	2.80998218398035160
337443416.064364254475	2836567.035863765515	-1770793.789379410911	-1465386.902225256665	1.96333303955805083	-2.88452829067045835	2.80998934892054875
337443416.081201732159	2836583.409081090707	-1770812.086677065119	-1465334.237525746226	1.96331789984050453	-2.88452268084730834	2.80999651397287575
337443416.098039269447	2836599.781597539783	-1770830.383605377981	-1465281.572262447327	1.96330271527469535	-2.88451707953534120	2.81000367492125980
337443416.114876747131	2836616.153287326451	-1770848.680097633507	-1465228.906785841798	1.96328713118847964	-2.88451155383797975	2.81001079771852735
337443416.131714224815	2836632.524310796522	-1770866.976114983205	-1465176.240979932481	1.96327154704432405	-2.88450602824840852	2.81001792063376277
337443416.148551762104	2836648.894561590161	-1770885.271860156441	-1465123.574619517429	1.96325596284405690	-2.88450050274982361	2.81002504365977046
337443416.165389239788	2836665.264039378148	-1770903.567114210688	-1465070.908072390826	1.96324037858584877	-2.88449497735903559	2.81003216680374290
337443416.182226717472	2836681.633976322133	-1770921.861850657267	-1465018.241860979004	1.96322479427116314	-2.88448945206259832	2.81003929005992603
337443416.199064254761	2836698.002062181477	-1770940.156344465911	-1464965.574407691834	1.96320946359119630	-2.88448374992784329	2.81004615915275213
337443416.215901732445	2836714.369292114396	-1770958.450418053893	-1464912.906739683356	1.96319493943846313	-2.88447748576678498	2.81005222015105849
337443416.232739269733	2836730.735838743858	-1770976.744138231734	-1464860.238545177039	1.96318041522810849	-2.88447122168493886	2.81005828126822532
337443416.249576747417	2836747.101566595025	-1770995.037380939815	-1464807.570138550829	1.96316589096013216	-2.88446495768230715	2.81006434250425174
337443416.266414225101	2836763.466555282474	-1771013.330232134089	-1464754.901398606831	1.96315136663416689	-2.88445869376225561	2.81007040386057616
337443416.283251762390	2836779.830845182296	-1771031.622770459857	-1464702.232095101615	1.96313684214762740	-2.88445242987815886	2.81007646537914058
337443416.300089240074	2836796.194321324117	-1771049.914852056652	-1464649.562578290934	1.96312214227703286	-2.88444632512077703	2.81008275844635769
337443416.316926717758	2836812.557053290308	-1771068.206521386281	-1464596.892729347572	1.96310682064311903	-2.88444078394866787	2.81008987194861026
337443416.333764255047	2836828.919094722252	-1771086.497791618342	-1464544.222305919044	1.96309149895231783	-2.88443524287580066	2.81009698556442267
337443416.350601732731	2836845.280387814622	-1771104.788663905812	-1464491.551732112421	1.96307617720462990	-2.88442970190217718	2.81010409929379357
337443416.367439210415	2836861.640896345489	-1771123.079113494838	-1464438.880787467584	1.96306085539968844	-2.88442416103116361	2.81011121313816092
337443416.384276747704	2836878.000706098042	-1771141.369250201155	-1464386.209279262694	1.96304553342926225	-2.88441862022125362	2.81011832714691723
337443416.401114225388	2836894.359730356839	-1771159.658871566877	-1464333.537572234636	1.96303051915749749	-2.88441291888613049	2.81012518296492120
337443416.417951762676	2836910.718059461098	-1771177.948202879168	-1464280.865325639956	1.96301605232078025	-2.88440693171645712	2.81013157930414437
337443416.434789240360	2836927.075548145454	-1771196.237073387485	-1464228.192901387345	1.96300158542678127	-2.88440094463714214	2.81013797576051783
337443416.451626718044	2836943.432320768945	-1771214.525504588382	-1464175.520110540325	1.96298711847696383	-2.88439495763474074	2.81014437232829062
337443416.468464255333	2836959.788412524387	-1771232.813622997608	-1464122.846754947677	1.96297265136658705	-2.88438897068812317	2.81015076906184103
337443416.485301733017	2836976.143637071364	-1771251.101279139286	-1464070.173234765185	1.96295818430366631	-2.88438298385300218	2.81015716585816211
337443416.502139210701	2836992.498191311024	-1771269.388511290774	-1464017.499347030884	1.96294337304965638	-2.88437713488266123	2.81016384727095714
337443416.518976747990	2837008.851984236855	-1771287.675484236097	-1463964.824881024426	1.96292782148863165	-2.88437158234901059	2.81017114076442942
337443416.535814225674	2837025.205032826867	-1771305.961862581782	-1463912.150230679195	1.96291226986789336	-2.88436602993225488	2.81017843437921133
337443416.552651762962	2837041.557380622253	-1771324.248017171863	-1463859.475088752806	1.96289671807941213	-2.88436047757399994	2.81018572815878009
337443416.569489240646	2837057.908911446109	-1771342.533647316741	-1463806.799697417766	1.96288116634217147	-2.88435492536414895	2.81019302200467802
337443416.586326718330	2837074.259664844256	-1771360.818903001025	-1463754.123960653087	1.96286561454777719	-2.88434937324766594	2.81020031596182029
337443416.603164255619	2837090.609774156474	-1771379.103833460016	-1463701.447673852788	1.96285034399965053	-2.88434405376952441	2.81020766192264704
337443416.620001733303	2837106.959063451272	-1771397.388285882305	-1463648.771222691517	1.96283538241564037	-2.88433898984412851	2.81021506499288032
337443416.636839210987	2837123.307602378540	-1771415.672323055100	-1463596.094378342852	1.96282042077971020	-2.88433392601652505	2.81022246816479582
337443416.653676748276	2837139.655446546152	-1771433.956025310792	-1463543.416982316179	1.96280545898471659	-2.88432886226203600	2.81022987149558334
337443416.670514225960	2837156.002479217015	-1771452.239295697538	-1463490.739422156708	1.96279049724421473	-2.88432379863674804	2.81023727487373565
337443416.687351763248	2837172.348833892029	-1771470.522191124503	-1463438.061299623689	1.96277553545142824	-2.88431873511261871	2.81024467835500413
337443416.704189240932	2837188.694381326903	-1771488.804590454325	-1463385.382990150480	1.96276032388655652	-2.88431345928916105	2.81025197892458767
337443416.721026718616	2837205.039182782173	-1771507.086682331283	-1463332.704333103262	1.96274482302493469	-2.88430793755545301	2.81025916028916845
337443416.737864255905	2837221.383288722951	-1771525.368354306091	-1463280.025102756917	1.96272932199613392	-2.88430241588515646	2.81026634181959079
337443416.754701733589	2837237.726597079542	-1771543.649616498034	-1463227.345695210155	1.96271382101988290	-2.88429689435429237	2.81027352341323677
337443416.771539211273	2837254.069170193281	-1771561.930467701750	-1463174.665943648899	1.96269831998668276	-2.88429137292149207	2.81028070511997630
337443416.788376748562	2837270.411003154702	-1771580.210952800233	-1463121.985602889676	1.96268281889616758	-2.88428585159011730	2.81028788694124598
337443416.805214226246	2837286.752075304277	-1771598.491015694570	-1463069.305099641439	1.96266777947719828	-2.88428031195052625	2.81029467207598005
337443416.822051763535	2837303.092448071577	-1771616.770678069908	-1463016.624033790315	1.96265304544390196	-2.88427476018687790	2.81030119479081852
337443416.838889241219	2837319.433276046067	-1771635.049805542221	-1462963.943534353748	1.96263831146249390	-2.88426920854170943	2.81030771756516407
337443416.855726718903	2837335.772076662630	-1771653.328650462208	-1462911.261921877973	1.96262357742780869	-2.88426365698352516	2.81031424044853306
337443416.872564256191	2837352.110211813822	-1771671.607144575799	-1462858.579759140499	1.96260884333984564	-2.88425810551232775	2.81032076344092463
337443416.889401733875	2837368.447510465048	-1771689.885158417514	-1462805.897408047225	1.96259410919860433	-2.88425255412811721	2.81032728654233921
