422143653.073797702789 0.000084312500
422143653.073797702789	1352866.427297255024	-3369749.319589596707	-447199.815798699972	2.06560264039861385	-1.87712980752942338	2.55901898099311520
422143653.090660214424	1352862.696624941193	-3369758.976700838655	-447142.620641887246	2.06555809546301639	-1.87712110914080732	2.55905940784162222
422143653.107522726059	1352858.965683394577	-3369768.632931321859	-447085.425347582728	2.06551410229570287	-1.87711200551930868	2.55909943779939253
422143653.124385178089	1352855.234325068071	-3369778.288342446554	-447028.230159499566	2.06547010697578770	-1.87710290248248968	2.55913946996154262
422143653.141247689724	1352851.502630371600	-3369787.942876853514	-446971.034647875291	2.06542610885030875	-1.87709379991976544	2.55917950492650403
422143653.158110201359	1352847.770565016195	-3369797.596579269506	-446913.839026766946	2.06538210825380819	-1.87708469788170018	2.55921954238659932
422143653.174972712994	1352844.038164725294	-3369807.249462986831	-446856.643276710063	2.06533810518621141	-1.87707559636834076	2.55925958234190265
422143653.191835224628	1352840.305386861553	-3369816.901492927223	-446799.447442579083	2.06529405000314847	-1.87706652400955165	2.55929964671112842
422143653.208697676659	1352836.572259808425	-3369826.552606665995	-446742.251704944239	2.06524952428451947	-1.87705772213059707	2.55933992015863732
422143653.225560188293	1352832.838760947576	-3369836.202984546311	-446685.055621913285	2.06520499615359832	-1.87704892078564067	2.55938019604271094
422143653.242422699928	1352829.104913459159	-3369845.852461347356	-446627.859446266724	2.06516046560485922	-1.87704011997793208	2.55942047436914111
422143653.259285211563	1352825.370699691121	-3369855.501130620018	-446570.663143086014	2.06511593264370363	-1.87703131970431536	2.55946075513225813
422143653.276147723198	1352821.636141664814	-3369865.148923280649	-446513.466729238746	2.06507139726460576	-1.87702251996804081	2.55950103833785514
422143653.293010175228	1352817.901230738265	-3369874.795869276859	-446456.270414255094	2.06502752859390348	-1.87701384823550455	2.55954078091569803
422143653.309872686863	1352814.165920229629	-3369884.441974802874	-446399.073800912360	2.06498582395470986	-1.87700558964755948	2.55957876770762205
422143653.326735198498	1352810.431632235879	-3369894.087746951263	-446341.876795175718	2.06494411717295812	-1.87699733154049553	2.55961675666499744
422143653.343597710133	1352806.695633999072	-3369903.732154451776	-446284.679930331069	2.06490240827588689	-1.87698907389833769	2.55965474775925284
422143653.360460221767	1352802.959272983018	-3369913.375762481708	-446227.482964542811	2.06486069723069754	-1.87698081674034301	2.55969274102478472
422143653.377322673798	1352799.222542577889	-3369923.018465490080	-446170.286101193051	2.06481898405917264	-1.87697256005373792	2.55973073643874427
422143653.394185185432	1352795.485501741059	-3369932.660346095916	-446113.088901959476	2.06477691925217499	-1.87696425947567258	2.55976903799452460
422143653.411047697067	1352791.748015916441	-3369942.301430937834	-446055.891613897285	2.06473030533777191	-1.87695538220620128	2.55981129654108086
422143653.427910208702	1352788.010258445051	-3369951.941660803743	-445998.694171704643	2.06468368885063347	-1.87694650553649822	2.55985355768659595
422143653.444772720337	1352784.272082299227	-3369961.581027167849	-445941.496663492231	2.06463706981798900	-1.87693762945060016	2.55989582140251093
422143653.461635231972	1352780.533586528152	-3369971.219530182425	-445884.299020616570	2.06459044821795601	-1.87692875396137282	2.55993808771177100
422143653.478497684002	1352776.794707262423	-3369980.857167861890	-445827.101481363701	2.06454382406685211	-1.87691987905925828	2.55998035659725964
422143653.495360195637	1352773.055517582223	-3369990.493983131368	-445769.903606228821	2.06449809793332406	-1.87691108687717856	2.56002173417947176
422143653.512222707272	1352769.315882931929	-3370000.130002628081	-445712.705642263114	2.06445385590919006	-1.87690243079286523	2.56006163871653536
422143653.529085218906	1352765.575955737848	-3370009.765146245714	-445655.507536279620	2.06440961151309121	-1.87689377524349954	2.56010154565045189
422143653.545947730541	1352761.835620282451	-3370019.399456204381	-445598.309365461522	2.06436536475588239	-1.87688512022271992	2.56014145496983536
422143653.562810182571	1352758.094998579472	-3370029.032873821910	-445541.111240319558	2.06432111595754275	-1.87687646578751610	2.56018136638501659
422143653.579672694206	1352754.353939752560	-3370038.665472427383	-445483.912837469717	2.06427686448340619	-1.87686781182083906	2.56022128046977215
422143653.596535205841	1352750.612606312148	-3370048.297255753074	-445426.714286201342	2.06423224257316917	-1.87685916082690341	2.56026156841458841
422143653.613397717476	1352746.870851754211	-3370057.928201365750	-445369.515652274247	2.06418694245347023	-1.87685051486150156	2.56030254083494091
422143653.630260229111	1352743.128767206101	-3370067.558253768831	-445312.316882501240	2.06414163991566735	-1.87684186945183074	2.56034351569806962
422143653.647122681141	1352739.386313879164	-3370077.187472022139	-445255.118223474710	2.06409633495425826	-1.87683322460114277	2.56038449300974236
422143653.663985192776	1352735.643480088562	-3370086.815905444790	-445197.919255157700	2.06405102758009296	-1.87682458030307808	2.56042547275857757
422143653.680847704411	1352731.900335412938	-3370096.443439397961	-445140.720149582194	2.06400571779312392	-1.87681593655768397	2.56046645494462144
422143653.697710216045	1352728.156754825264	-3370106.070143237244	-445083.520968702273	2.06396098820907081	-1.87680761162367538	2.56050671686099518
422143653.714572727680	1352724.412909481442	-3370115.695990746841	-445026.321632279200	2.06391680072527528	-1.87679958456532026	2.56054630581456077
422143653.731435179710	1352720.668662198819	-3370125.320988124236	-444969.122418715211	2.06387261139005851	-1.87679155807643161	2.56058589667501035
422143653.748297691345	1352716.924013625365	-3370134.945202889387	-444911.922883980209	2.06382841955872021	-1.87678353205524617	2.56062549002299367
422143653.765160202980	1352713.179094573716	-3370144.568472675048	-444854.723224094778	2.06378422552902485	-1.87677550656713255	2.56066508559396411
422143653.782022714615	1352709.433768060757	-3370154.190963990986	-444797.523469209613	2.06374002932274925	-1.87676748159931295	2.56070468336508350
422143653.798885226250	1352705.688078970881	-3370163.812617000658	-444740.323598901334	2.06369551214317637	-1.87675912533582379	2.56074485347713265
422143653.815747678280	1352701.942014418542	-3370173.433398378547	-444683.123826272553	2.06365068934125517	-1.87675045394745710	2.56078556834360782
422143653.832610189915	1352698.195657928474	-3370183.053318979219	-444625.923722518550	2.06360586412908020	-1.87674178310861617	2.56082628564488513
422143653.849472701550	1352694.448908879654	-3370192.672476621810	-444568.723492410732	2.06356103652294154	-1.87673311280973354	2.56086700536387868
422143653.866335213184	1352690.701769431820	-3370202.290753268171	-444511.523184402555	2.06351620650644385	-1.87672444306047148	2.56090772751777873
422143653.883197724819	1352686.954321563011	-3370211.908166550100	-444454.322746259801	2.06347137408497616	-1.87671577385767230	2.56094845210093114
422143653.900060176849	1352683.207822471391	-3370221.525177606847	-444397.122154467739	2.06342686223415717	-1.87670767582982978	2.56098834442488643
422143653.916922688484	1352679.459635282634	-3370231.140930832829	-444339.921510656714	2.06338251803009154	-1.87669987914738234	2.56102779924439217
422143653.933785200119	1352675.711012348998	-3370240.755815121811	-444282.720777061302	2.06333817171524858	-1.87669208298165024	2.56106725619803344
422143653.950647711754	1352671.962126441533	-3370250.369847098365	-444225.519901220105	2.06329382326236921	-1.87668428734870152	2.56110671531439360
422143653.967510223389	1352668.212853468489	-3370259.983050594572	-444168.318909952184	2.06324947269866144	-1.87667649223255095	2.56114617656493992
422143653.984372675419	1352664.463254789822	-3370269.595394852571	-444111.118010195030	2.06320511999687772	-1.87666869764926725	2.56118563997824333
422143654.001235187054	1352660.713248073356	-3370279.206895887386	-444053.916800194304	2.06316046055939406	-1.87666037130852081	2.56122581107124248
422143654.018097698689	1352656.962908313610	-3370288.817582195625	-443996.715474539786	2.06311563440655421	-1.87665175831148545	2.56126636523075568
422143654.034960210323	1352653.212199228583	-3370298.427369587589	-443939.514044389944	2.06307080587363689	-1.87664314585518022	2.56130692179447950
422143654.051822721958	1352649.461150874617	-3370308.036352551542	-443882.312517823710	2.06302597494425211	-1.87663453394927027	2.56134748077959884
422143654.068685173988	1352645.709737702971	-3370317.644478030968	-443825.111051645305	2.06298114196428362	-1.87662592263761385	2.56138804186901892
422143654.085547685623	1352641.957960004220	-3370327.251782990061	-443767.909288291296	2.06293630626360436	-1.87661731181980729	2.56142860567422703
422143654.102410197258	1352638.205810068408	-3370336.858251856640	-443710.707402158529	2.06289154181031087	-1.87660907740513694	2.56146881915967528
422143654.119272708893	1352634.453325740993	-3370346.463841810357	-443653.505412713799	2.06284679764988255	-1.87660095873974653	2.56150892683548159
422143654.136135220528	1352630.700485733571	-3370356.068592098542	-443596.303306431510	2.06280205126377059	-1.87659284060458176	2.56154903676060286
422143654.152997732162	1352626.947276298422	-3370365.672482265625	-443539.101110134856	2.06275730263016888	-1.87658472301251189	2.56158914895790257
422143654.169860184193	1352623.193727951730	-3370375.275569277816	-443481.898961883213	2.06271255176537505	-1.87657660595396236	2.56162926341028907
422143654.186722695827	1352619.439777552616	-3370384.877795313019	-443424.696546621271	2.06266779866935712	-1.87656848942897514	2.56166938011779344
422143654.203585207462	1352615.685476909624	-3370394.479178091511	-443367.494015936449	2.06262257469516719	-1.87655990742443146	2.56171029458691546
422143654.220447719097	1352611.930832256330	-3370404.079707308207	-443310.291350589774	2.06257722186241477	-1.87655120024435385	2.56175142612520412
422143654.237310230732	1352608.175857144641	-3370413.679419097025	-443253.088562233897	2.06253186659179155	-1.87654249361916148	2.56179256012571654
422143654.254172682762	1352604.420503346017	-3370423.278206696268	-443195.885909080040	2.06248650919477994	-1.87653378761582745	2.56183369630725499
422143654.271035194397	1352600.664757685503	-3370432.876269548200	-443138.682916468941	2.06244114903738396	-1.87652508210696189	2.56187483524377368
422143654.287897706032	1352596.908698701765	-3370442.473435570486	-443081.479793955281	2.06239578643107357	-1.87651637715954167	2.56191597665408644
422143654.304760217667	1352593.152272789739	-3370452.069715659600	-443024.276598066092	2.06235263678870551	-1.87650829597671231	2.56195524557963905
422143654.321622729301	1352589.395478920778	-3370461.665222910699	-442967.073275825242	2.06230964319839272	-1.87650025980253421	2.56199438278794833
422143654.338485181332	1352585.638323812047	-3370471.259818799794	-442909.870050080703	2.06226664746632027	-1.87649222413160133	2.56203352216065738
422143654.355347692966	1352581.880814820295	-3370480.853608315345	-442852.666489867261	2.06222364959245219	-1.87648418896395408	2.56207266369780129
422143654.372210204601	1352578.122935384745	-3370490.446565748192	-442795.462820169865	2.06218064958218816	-1.87647615429642611	2.56211180739371747
422143654.389072716236	1352574.364709266694	-3370500.038626051508	-442738.259071157954	2.06213764741917860	-1.87646812013868014	2.56215095326554598
422143654.405935227871	1352570.606146566570	-3370509.629902337678	-442681.055194379471	2.06209226736352358	-1.87645942948468791	2.56219218197082332
422143654.422797679901	1352566.847201801836	-3370519.220269476529	-442623.851402215194	2.06204617849809768	-1.87645054402794020	2.56223403176818776
422143654.439660191536	1352563.087877386715	-3370528.809883815702	-442566.647294589959	2.06200008676914948	-1.87644165908637928	2.56227588442427834
422143654.456522703171	1352559.328205626458	-3370538.398568929173	-442509.443113818183	2.06195399248787670	-1.87643277473146375	2.56231773965857323
422143654.473385214806	1352555.569551192690	-3370547.986947400030	-442452.238515246310	2.06190789567597754	-1.87642389095041384	2.56235959744831598
422143654.490247726440	1352551.809165112441	-3370557.573969967663	-442395.034066338092	2.06186206656081206	-1.87641500504276948	2.56240121788245245
422143654.507110178471	1352548.048381520901	-3370567.160143692512	-442337.829746229574	2.06181968428054674	-1.87640608515119323	2.56243977846068072
422143654.523972690105	1352544.287331396947	-3370576.745501959696	-442280.625064829132	2.06177729964646739	-1.87639716575461613	2.56247834141666742
422143654.540835201740	1352540.525870765094	-3370586.329990370199	-442223.420311467838	2.06173491267480902	-1.87638824684345806	2.56251690673338484
422143654.557697713375	1352536.764079128159	-3370595.913652361836	-442166.215417272469	2.06169252336005204	-1.87637932842097066	2.56255547441661635
422143654.574560225010	1352533.001875122311	-3370605.496479264926	-442109.010452302638	2.06165013170212275	-1.87637041048719677	2.56259404446643480
422143654.591422677040	1352529.239389343653	-3370615.078415108379	-442051.805538952758	2.06160759656826631	-1.87636150675197722	2.56263273710582018
422143654.608285188675	1352525.476501667174	-3370624.659513061866	-441994.600334595598	2.06156212690070184	-1.87635288644970033	2.56267393029373558
422143654.625147700310	1352521.713203069288	-3370634.239863221068	-441937.395023124758	2.06151665481824420	-1.87634426670100951	2.56271512592061645
422143654.642010211945	1352517.949629868614	-3370643.819266992155	-441880.189580565435	2.06147118029366627	-1.87633564752199677	2.56275632401500841
422143654.658872723579	1352514.185638284544	-3370653.397830287460	-441822.984047990758	2.06142570335409392	-1.87632702889666669	2.56279752454846488
422143654.675735175610	1352510.421356851002	-3370662.975547587499	-441765.778587456094	2.06138022397230181	-1.87631841084111284	2.56283872754953101
422143654.692597687244	1352506.656662628520	-3370672.552496090066	-441708.572823575407	2.06133494734734146	-1.87630983091509784	2.56287977764082031
422143654.709460198879	1352502.891652617604	-3370682.128550416324	-441651.366937144892	2.06129045867327587	-1.87630139632174009	2.56292023173909200
422143654.726322710514	1352499.126219870523	-3370691.703739792109	-441594.160978753644	2.06124596768364388	-1.87629296225998687	2.56296068817617817
422143654.743185222149	1352495.360489326762	-3370701.278118713293	-441536.954867417982	2.06120147435666601	-1.87628452874272056	2.56300114697491255
422143654.760047674179	1352491.594344084151	-3370710.851620255969	-441479.748885112058	2.06115697903578488	-1.87627609581251975	2.56304160781897039
422143654.776910185814	1352487.827899178723	-3370720.424290345516	-441422.542553625361	2.06111248073395315	-1.87626766331615702	2.56308207161193469
422143654.793772697449	1352484.061069769319	-3370729.996168014593	-441365.336113842670	2.06106791982016535	-1.87625918679850967	2.56312256796525029
422143654.810635209084	1352480.293912326451	-3370739.567156420089	-441308.129551510909	2.06102312131436660	-1.87625053773856587	2.56316318512902397
422143654.827497720718	1352476.526337134186	-3370749.137313304469	-441250.922916988202	2.06097832042538531	-1.87624188921281121	2.56320380469948716
422143654.844360232353	1352472.758428439964	-3370758.706646433100	-441193.716148988286	2.06093351712600770	-1.87623324123734059	2.56324442670517172
422143654.861222684383	1352468.990179443965	-3370768.275065938011	-441136.509489366726	2.06088871175098731	-1.87622459386266827	2.56328505084000646
422143654.878085196018	1352465.221555743832	-3370777.842658130918	-441079.302507387649	2.06084390365239312	-1.87621594697506611	2.56332567769350117
422143654.894947707653	1352461.452564108651	-3370787.409454324748	-441022.095423052844	2.06079937388679912	-1.87620746754824275	2.56336592113273420
422143654.911810219288	1352457.683247006033	-3370796.975358565338	-440964.888208814256	2.06075539042014722	-1.87619931481665181	2.56340541291266977
422143654.928672730923	1352453.913561297115	-3370806.540434715804	-440907.680898390245	2.06071140473583991	-1.87619116260701668	2.56344490693429394
422143654.945535182953	1352450.143497400917	-3370816.104701977689	-440850.473667361948	2.06066741685012911	-1.87618301090975059	2.56348440318056481
422143654.962397694588	1352446.373101759236	-3370825.668093738146	-440793.266118733736	2.06062342674668431	-1.87617485973452558	2.56352390166860156
422143654.979260206223	1352442.602316603297	-3370835.230636506807	-440736.058486033231	2.06057943443090164	-1.87616670907817462	2.56356340239274472
422143654.996122717857	1352438.831235562917	-3370844.792334033642	-440678.850699204544	2.06053500468557171	-1.87615841077424772	2.56360340449283930
422143655.012985229492	1352435.059686952503	-3370854.353226419538	-440621.642860836466	2.06048972533747587	-1.87614982454434553	2.56364438066418998
422143655.029847681522	1352431.287868234329	-3370863.913190704770	-440564.435080258467	2.06044444389921910	-1.87614123893164053	2.56368535898081351
422143655.046710193157	1352427.516985503724	-3370873.472845845390	-440507.226745002961	2.06039915972701149	-1.87613265381686034	2.56372634002582656
422143655.063572704792	1352423.744436472189	-3370883.031181876548	-440450.018539710960	2.06035387314266538	-1.87612406925971498	2.56376732350775249
422143655.080435216427	1352419.971481995191	-3370892.588681446388	-440392.810262229410	2.06030858416241625	-1.87611548525062033	2.56380830940956539
422143655.097297728062	1352416.198200292420	-3370902.145346940961	-440335.601832033019	2.06026443509863455	-1.87610669858814272	2.56384820250198286
422143655.114160180092	1352412.424561781343	-3370911.701102363877	-440278.393504273728	2.06022162320153646	-1.87609767413872142	2.56388681366332527
422143655.131022691727	1352408.650582392933	-3370921.256055404898	-440221.184859869478	2.06017880891655292	-1.87608865018283022	2.56392542723667027
422143655.147885203362	1352404.876217884943	-3370930.810183908325	-440163.976113339013	2.06013599224359956	-1.87607962672051420	2.56396404322210270
422143655.164747714996	1352401.101518116891	-3370940.363461480476	-440106.767244027869	2.06009317318259288	-1.87607060375181889	2.56400266161970602
422143655.181610226631	1352397.326403664891	-3370949.915867797099	-440049.558296815783	2.06005035173887752	-1.87606158127357681	2.56404128242387097
422143655.198472678661	1352393.550997712184	-3370959.467424050905	-439992.349408348789	2.06000634814987649	-1.87605269996535040	2.56408106704877614
422143655.215335190296	1352389.775254582753	-3370969.018170295283	-439935.140191353974	2.05996107312280152	-1.87604397031945824	2.56412210334930224
422143655.232197701931	1352385.999101066729	-3370978.568046631292	-439877.930902400287	2.05991579565219185	-1.87603524122529963	2.56416314211770224
422143655.249060213566	1352382.222585234558	-3370988.117084550206	-439820.721498021856	2.05987051573256208	-1.87602651268613574	2.56420418335972489
422143655.265922725201	1352378.445734835695	-3370997.665303618647	-439763.511964692734	2.05982523336928214	-1.87601778469880243	2.56424522706973557
422143655.282785177231	1352374.668504275847	-3371007.212617507670	-439706.302529272973	2.05977994855144431	-1.87600905726977230	2.56428627325916780
422143655.299647688866	1352370.890926636523	-3371016.759139302187	-439649.092796447570	2.05973665127774641	-1.87600080927799784	2.56432556738676709
422143655.316510200500	1352367.113003438106	-3371026.304803422652	-439591.882915664290	2.05969453767932897	-1.87599284713203573	2.56436381816716530
422143655.333372712135	1352363.334705402842	-3371035.849626604933	-439534.672981927753	2.05965242198988374	-1.87598488547339937	2.56440207106135931
422143655.350235223770	1352359.556031131884	-3371045.393635372631	-439477.462895476725	2.05961030423648817	-1.87597692428606844	2.56444032604095673
422143655.367097675800	1352355.777061418397	-3371054.936709451023	-439420.252911462274	2.05956818468608738	-1.87596896364459265	2.56447858286781161
422143655.383960187435	1352351.997675424675	-3371064.479045416694	-439363.042611986515	2.05952606277214567	-1.87596100341925576	2.56451684205243691
422143655.400822699070	1352348.217965043383	-3371074.020438217558	-439305.832226070284	2.05948179484515403	-1.87595274711098625	2.56455702443543210
422143655.417685210705	1352344.437853788724	-3371083.561065241694	-439248.621701919765	2.05943489603646013	-1.87594412775271890	2.56459956451849092
422143655.434547722340	1352340.657419510651	-3371093.100813275203	-439191.411078985780	2.05938799471568235	-1.87593550899353945	2.56464210713902352
422143655.451410174370	1352336.876641501440	-3371102.639701500535	-439134.200528322253	2.05934109088820216	-1.87592689083028774	2.56468465229138554
422143655.468272686005	1352333.095472141868	-3371112.177781623788	-439076.989687838242	2.05929418454855728	-1.87591827326622695	2.56472719998130128
422143655.485135197639	1352329.313930110307	-3371121.714993462432	-439019.778730744263	2.05924727571296806	-1.87590965629177231	2.56476975019176257
422143655.501997709274	1352325.532084791921	-3371131.251414064318	-438962.567657768202	2.05920188313450847	-1.87590154718469826	2.56481023926360630
422143655.518860220909	1352321.749810164794	-3371140.786932182498	-438905.356499765709	2.05915695867022652	-1.87589359569763103	2.56485009149964815
422143655.535722732544	1352317.967247726629	-3371150.321598752402	-438848.145181692205	2.05911203199985149	-1.87588564475093467	2.56488994596672493
422143655.552585184574	1352314.184293996310	-3371159.855421780609	-438790.934011656675	2.05906710345899757	-1.87587769439017960	2.56492980236420820
422143655.569447696209	1352310.400974337012	-3371169.388443264179	-438733.722507152590	2.05902217239805196	-1.87586974451149802	2.56496966127068893
422143655.586310207844	1352306.617333617993	-3371178.920574095100	-438676.510878685920	2.05897723914177622	-1.87586179516689033	2.56500952239691538
422143655.603172719479	1352302.833308538422	-3371188.451912445948	-438619.299141921161	2.05893207881461482	-1.87585329798521205	2.56505030127818090
422143655.620035231113	1352299.050243435428	-3371197.982893576380	-438562.087063582789	2.05888683676198081	-1.87584460797525110	2.56509140547756953
422143655.636897683144	1352295.265503002098	-3371207.512452637311	-438504.875325944799	2.05884159227453534	-1.87583591851724751	2.56513251213591786
422143655.653760194778	1352291.480403363472	-3371217.041247616056	-438447.663266904303	2.05879634534680322	-1.87582722961446380	2.56517362125896220
422143655.670622706413	1352287.694937121123	-3371226.569179679267	-438390.451110493683	2.05875109597873074	-1.87581854126694880	2.56521473284675627
422143655.687485218048	1352283.909183769487	-3371236.096292271279	-438333.238787842332	2.05870584416484981	-1.87580985347796303	2.56525584690502972
422143655.704347729683	1352280.122945660492	-3371245.622548028361	-438276.026437876688	2.05866114805138567	-1.87580122468314214	2.56529647015068418
422143655.721210181713	1352276.336415470345	-3371255.147921596654	-438218.814152827719	2.05861651392835165	-1.87579260319849772	2.56533703890414388
422143655.738072693348	1352272.549530965509	-3371264.672456601635	-438161.601539481373	2.05857187708245881	-1.87578398220404141	2.56537761037663525
422143655.754935204983	1352268.762305751676	-3371274.196183021180	-438104.388816422783	2.05852723784718616	-1.87577536175009385	2.56541818426254942
422143655.771797716618	1352264.974672869314	-3371283.719059925061	-438047.175990051765	2.05848259623872210	-1.87576674182706049	2.56545876054491107
422143655.788660228252	1352261.186710868264	-3371293.241091235075	-437989.963060140901	2.05843795222993808	-1.87575812245105755	2.56549933925215745
422143655.805522680283	1352257.398373091361	-3371302.762218674179	-437932.750234082167	2.05839273298942249	-1.87574950830026732	2.56554037469349572
422143655.822385191917	1352253.609736510087	-3371312.282546678092	-437875.537052671891	2.05834744554133131	-1.87574089523847420	2.56558146475350224
422143655.839247703552	1352249.820696438197	-3371321.802065312862	-437818.323788374197	2.05830215567266706	-1.87573228273200687	2.56562255725847566
422143655.856110215187	1352246.031308287987	-3371331.320705798455	-437761.110407468106	2.05825686338337910	-1.87572367078091395	2.56566365220846748
422143655.872972726822	1352242.241514228750	-3371340.838500793558	-437703.896936549107	2.05821156867883115	-1.87571505938202865	2.56570474959784978
422143655.889835178852	1352238.451409629313	-3371350.355428808369	-437646.683549780864	2.05816629289457609	-1.87570645300606764	2.56574584454777588
422143655.906697690487	1352234.660933601204	-3371359.871597643942	-437589.469841612736	2.05812148521298255	-1.87569794585583383	2.56578683935127616
422143655.923560202122	1352230.870100855129	-3371369.386862505227	-437532.256028948817	2.05807667515708514	-1.87568943925386944	2.56582783655274804
422143655.940422713757	1352227.078904166818	-3371378.901284867432	-437475.042087565584	2.05803186273765970	-1.87568093319379159	2.56586883614089167
422143655.957285225391	1352223.287359224400	-3371388.414844753686	-437417.828068049857	2.05798704792759724	-1.87567242769172049	2.56590983814412432
422143655.974147677422	1352219.495481162565	-3371397.927535844035	-437360.614107509027	2.05794223074850002	-1.87566392273484439	2.56595084253979655
422143655.991010189056	1352215.703224787489	-3371407.439445959870	-437303.399850973627	2.05789738912920495	-1.87565541652701651	2.56599185439348476
422143656.007872700691	1352211.910600116942	-3371416.950489103328	-437246.185483774520	2.05785188555744325	-1.87564685697092659	2.56603301976732379
422143656.024735212326	1352208.117600808619	-3371426.460714375600	-437188.971039626515	2.05780637956002233	-1.87563829798004322	2.56607418759190065
422143656.041597723961	1352204.324248093646	-3371435.970088189933	-437131.756453461654	2.05776087116395079	-1.87562973953833900	2.56611535783889755
422143656.058460175991	1352200.530596455326	-3371445.478558007162	-437074.541957622394	2.05771536066561866	-1.87562118172139902	2.56615653024381718
422143656.075322687626	1352196.736527297413	-3371454.986225481145	-437017.327158665576	2.05766984709991263	-1.87561262434767428	2.56619770567975758
422143656.092185199261	1352192.942124793772	-3371464.493045988027	-436960.112250224571	2.05762480376739365	-1.87560413184609187	2.56623842008269865
422143656.109047710896	1352189.147323326208	-3371473.999042773619	-436902.897226361325	2.05758232594648360	-1.87559598915985903	2.56627661871314983
422143656.125910222530	1352185.352218009997	-3371483.504216190428	-436845.682092786417	2.05753984596985973	-1.87558784696686542	2.56631481952309315
422143656.142772674561	1352181.556722290581	-3371493.008454510011	-436788.467055937392	2.05749736417201090	-1.87557970530437723	2.56635302220663908
422143656.159635186195	1352177.760883935960	-3371502.511902022641	-436731.251727622992	2.05745487991629306	-1.87557156407868630	2.56639122734166403
422143656.176497697830	1352173.964677393902	-3371512.014505668543	-436674.036264645576	2.05741239353176741	-1.87556342333027715	2.56642943462796813
422143656.193360209465	1352170.169437813107	-3371521.516773894895	-436616.820434687019	2.05736939681758368	-1.87555520878297766	2.56646816366560726
422143656.210222721100	1352166.372514872812	-3371531.017671181355	-436559.604758917878	2.05732404830707960	-1.87554665133771681	2.56650929722265531
422143656.227085173130	1352162.575269186171	-3371540.517706386279	-436502.389167302696	2.05727869738163749	-1.87553809445199482	2.56655043321925591
422143656.243947684765	1352158.777639189735	-3371550.016955214553	-436445.173260457523	2.05723334405202607	-1.87552953811942791	2.56659157164411722
422143656.260810196400	1352154.979665476829	-3371559.515327214263	-436387.957242945267	2.05718798831278837	-1.87552098234327969	2.56663271250295644
422143656.277672708035	1352151.181276087184	-3371569.012894729152	-436330.741142543266	2.05714263016927923	-1.87551242712038269	2.56667385579015850
422143656.294535219669	1352147.382578034885	-3371578.509566623718	-436273.524918179202	2.05709843320140262	-1.87550395107075651	2.56671390578940306
422143656.311397731304	1352143.583520275075	-3371588.005436144304	-436216.308585517691	2.05705672097313386	-1.87549564354639564	2.56675161611858593
422143656.328260183334	1352139.784107868792	-3371597.500383853912	-436159.092330114159	2.05701500690895012	-1.87548733653879718	2.56678932833373841
422143656.345122694969	1352135.984309232328	-3371606.994556832127	-436101.875784659584	2.05697329038847787	-1.87547902994870519	2.56682704300012521
422143656.361985206604	1352132.184186065337	-3371616.487869840115	-436044.659103129467	2.05693157172451491	-1.87547072382419966	2.56686475983237106
422143656.378847718239	1352128.383679676801	-3371625.980339130852	-435987.442356762127	2.05688985090078758	-1.87546241817496973	2.56690247884753386
422143656.395710229874	1352124.582840856398	-3371635.471977839712	-435930.225456267653	2.05684740387076292	-1.87545405460175418	2.56694088086355166
422143656.412572681904	1352120.781603587558	-3371644.962726504076	-435873.008672921278	2.05680103210541887	-1.87544537527858846	2.56698297346944226
422143656.429435193539	1352116.980042224517	-3371654.452669119462	-435815.791578871780	2.05675465783403766	-1.87543669654069256	2.56702506860653124
422143656.446297705173	1352113.178124984261	-3371663.941762931645	-435758.574350160547	2.05670828106737691	-1.87542801838168427	2.56706716626353737
422143656.463160216808	1352109.375810520723	-3371673.430013906676	-435701.357043318101	2.05666190180539132	-1.87541934080161443	2.56710926644050641
422143656.480022728443	1352105.573159165448	-3371682.917448624037	-435644.139614879095	2.05661552003722070	-1.87541066380696786	2.56715136914881947
422143656.496885180473	1352101.770163518377	-3371692.403968250379	-435586.922288879810	2.05656941282229555	-1.87540205300447327	2.56719332249367849
422143656.513747692108	1352097.966829175595	-3371701.889673742931	-435529.704621057375	2.05652363424847140	-1.87539352123125203	2.56723509706656428
422143656.530610203743	1352094.163070550188	-3371711.374548913445	-435472.486882457568	2.05647785324738219	-1.87538499002507897	2.56727687409066307
422143656.547472715378	1352090.359002115205	-3371720.858595302794	-435415.269014907477	2.05643206980818238	-1.87537645939243669	2.56731865357734135
422143656.564335227013	1352086.554581440752	-3371730.341762139462	-435358.051024808665	2.05638628393623168	-1.87536792933015661	2.56736043552097737
422143656.581197679043	1352082.749802360311	-3371739.824053568300	-435300.833138331654	2.05634049562608467	-1.87535939984150613	2.56740221992727768
422143656.598060190678	1352078.944647613214	-3371749.305561294314	-435243.614948505186	2.05629455291299923	-1.87535090684935146	2.56744406130386293
422143656.614922702312	1352075.139144922141	-3371758.786190814339	-435186.396642072650	2.05624840660397101	-1.87534246199163457	2.56748597729735417
422143656.631785213947	1352071.333231575321	-3371768.266049263533	-435129.178252521320	2.05620225788277589	-1.87533401770408914	2.56752789572697004
422143656.648647725582	1352067.527025587857	-3371777.744999529328	-435071.959727124311	2.05615610672237725	-1.87532557400285338	2.56756981662104877
422143656.665510177612	1352063.720436675707	-3371787.223084216937	-435014.741305349395	2.05610995348316816	-1.87531713092731733	2.56761173964745604
422143656.682372689247	1352059.913533634273	-3371796.700344917830	-434957.522541748884	2.05606379747666068	-1.87530868837953779	2.56765366543659823
422143656.699235200882	1352056.106195935514	-3371806.176745434292	-434900.303706189326	2.05601867826146023	-1.87530023625151743	2.56769457066862827
422143656.716097712517	1352052.298558858223	-3371815.652347008232	-434843.084742863779	2.05597426062609667	-1.87529177780053824	2.56773478532652222
422143656.732960224152	1352048.490522254724	-3371825.127092726529	-434785.865670286759	2.05592984066859374	-1.87528331987531427	2.56777500232993461
422143656.749822676182	1352044.682183170691	-3371834.600942015648	-434728.646699917153	2.05588541836190819	-1.87527486249198172	2.56781522170720899
422143656.766685187817	1352040.874728707131	-3371844.074504547287	-434671.427182225685	2.05584099373837947	-1.87526640563127689	2.56785544342444449
422143656.783547699451	1352037.065684568835	-3371853.546676685102	-434614.207772660593	2.05579656677096700	-1.87525794930933687	2.56789566750998199
422143656.800410211086	1352033.256177523639	-3371863.018068007194	-434556.988293504925	2.05575134157660067	-1.87524940665376816	2.56793658081075149
422143656.817272722721	1352029.446409902535	-3371872.488572052214	-434499.768670918711	2.05570556826643580	-1.87524080501293544	2.56797796749704244
422143656.834135174751	1352025.636225486407	-3371881.958224358503	-434442.549160724389	2.05565979284314704	-1.87523220399304935	2.56801935635184542
422143656.850997686386	1352021.825723279500	-3371891.427060287446	-434385.329320588091	2.05561401463979099	-1.87522360348428219	2.56806074798102779
422143656.867860198021	1352018.014817881165	-3371900.895047966391	-434328.109383082250	2.05556823400864497	-1.87521500353035742	2.56810214206193921
422143656.884722709656	1352014.203606353840	-3371910.362176101655	-434270.889328737801	2.05552245092267549	-1.87520640414741813	2.56814353862291300
422143656.901585221291	1352010.392028511735	-3371919.828464349732	-434213.669153029623	2.05547772959334552	-1.87519799385951758	2.56818441995764424
422143656.918447673321	1352006.580042396206	-3371929.293880432379	-434156.449125590618	2.05543338672973430	-1.87518965157748463	2.56822511840479795
422143656.935310184956	1352002.767749093473	-3371938.758494301699	-434099.228730918549	2.05538904156020052	-1.87518130983008113	2.56826581918071772
422143656.952172696590	1351998.955066631082	-3371948.222259026952	-434042.008252174128	2.05534469407930320	-1.87517296862057159	2.56830652229110523
422143656.969035208225	1351995.142055387143	-3371957.685139269568	-433984.787655407446	2.05530034429239539	-1.87516462794578120	2.56834722773034585
422143656.985897719860	1351991.328653194709	-3371967.147228257731	-433927.566951755551	2.05525599218864308	-1.87515628781219457	2.56838793550979494
422143657.002760231495	1351987.514928264078	-3371976.608438143041	-433870.346149321704	2.05521095974940771	-1.87514785615447810	2.56842899672293346
422143657.019622683525	1351983.700806338573	-3371986.068822113797	-433813.125451693719	2.05516567300514019	-1.87513939084495029	2.56847019065582360
422143657.036485195160	1351979.886343387421	-3371995.528355790768	-433755.904405116336	2.05512038355236415	-1.87513092603236076	2.56851138729242567
422143657.053347706795	1351976.071555169765	-3372004.987013043370	-433698.683267110377	2.05507509169674574	-1.87512246178522424	2.56855258635670225
422143657.070210218430	1351972.256355772493	-3372014.444890222047	-433641.462028162554	2.05502979745981307	-1.87511399809070989	2.56859378782608561
422143657.087072730064	1351968.440839883871	-3372023.901877989527	-433584.240671191306	2.05498450083612472	-1.87510553495208598	2.56863499170627740
422143657.103935182095	1351964.624934990657	-3372033.358033569064	-433527.019413086236	2.05493918012017840	-1.87509690983786759	2.56867682817627596
422143657.120797693729	1351960.808695056243	-3372042.813321109861	-433469.797849264753	2.05489385310254669	-1.87508825648335309	2.56871877881412614
422143657.137660205364	1351956.992101789219	-3372052.267795917112	-433412.576157907082	2.05484852362461723	-1.87507960369564297	2.56876073193572507
422143657.154522716999	1351953.175146469381	-3372061.721409046557	-433355.354375123046	2.05480319168634340	-1.87507095147478564	2.56880268754111807
422143657.171385228634	1351949.357810752699	-3372071.174221957102	-433298.132472157711	2.05475785728766880	-1.87506229982083150	2.56884464563036241
422143657.188247680664	1351945.540130876470	-3372080.626119726803	-433240.910671629419	2.05471252075619137	-1.87505364879072700	2.56888660589938489
422143657.205110192299	1351941.722108067712	-3372090.077178838197	-433183.688547329570	2.05466684414472045	-1.87504513730908839	2.56892824310618151
422143657.221972703934	1351937.903701105155	-3372099.527422226965	-433126.466338728031	2.05462111491311550	-1.87503664708616813	2.56896983425000514
422143657.238835215569	1351934.084926021984	-3372108.976860472932	-433069.244009946706	2.05457538325838662	-1.87502815743289575	2.56901142784148240
422143657.255697727203	1351930.265767991776	-3372118.425416132435	-433012.021601849352	2.05452964919126924	-1.87501966834287903	2.56905302386935919
422143657.272560179234	1351926.446357577341	-3372127.873095180839	-432954.799227317621	2.05448391269016550	-1.87501117982904897	2.56909462235626984
