422143653.077764987946 0.000084312500
422143653.077764987946	1352865.549570674542	-3369751.591726823710	-447186.359373584564	2.06559215022484821	-1.87712776845060381	2.55902849944392807
422143653.094627499580	1352861.818870551884	-3369761.248619446065	-447129.164178252744	2.06554774530194152	-1.87711896726258720	2.55906882556639470
422143653.111490011215	1352858.087807728210	-3369770.904673810583	-447071.968867497169	2.06550375155202515	-1.87710986376525257	2.55910885611250416
422143653.128352463245	1352854.356392101152	-3369780.559842720628	-447014.773641123844	2.06545975564949025	-1.87710076085260846	2.55914888886300984
422143653.145214974880	1352850.624607489444	-3369790.214189830702	-446957.578111632960	2.06541575694137025	-1.87709165841407088	2.55918892441634815
422143653.162077486515	1352846.892479286063	-3369799.867692424450	-446900.382465305040	2.06537175576221310	-1.87708255650020339	2.55922896246483500
422143653.178939998150	1352843.159968242515	-3369809.520391069818	-446843.186685499386	2.06532775211739850	-1.87707345510785117	2.55926900300282512
422143653.195802509785	1352839.427108434029	-3369819.172227440868	-446785.990827561589	2.06528357454341460	-1.87706445312144998	2.55930912172624492
422143653.212664961815	1352835.693929136032	-3369828.823155522812	-446728.795027413056	2.06523904826142068	-1.87705565136567731	2.55934939574262588
422143653.229527473450	1352831.960362458602	-3369838.473300141282	-446671.598919389129	2.06519451955619804	-1.87704685015031880	2.55938967220704106
422143653.246389985085	1352828.226377757266	-3369848.122613362502	-446614.402739174606	2.06514998844952435	-1.87703804946261155	2.55942995109664517
422143653.263252496719	1352824.492131211562	-3369857.771030576900	-446557.206397704955	2.06510545490858100	-1.87702924932181725	2.55947023244585603
422143653.280115008354	1352820.757433425868	-3369867.418662339915	-446500.009986643388	2.06506091896059907	-1.87702044971197157	2.55951051622610981
422143653.296977460384	1352817.022473860066	-3369877.065391938202	-446442.813621259469	2.06501771682825597	-1.87701190517598282	2.55954971797228126
422143653.313839972019	1352813.288421154022	-3369886.711797733326	-446385.616719252081	2.06497601168754841	-1.87700364669966557	2.55958770527098078
422143653.330702483654	1352809.552686965559	-3369896.356892314740	-446328.419954562152	2.06493430440427073	-1.87699538870423877	2.55962569473514234
422143653.347564995289	1352805.816576041747	-3369906.001126389951	-446271.223085148667	2.06489259500566336	-1.87698713117372695	2.55966368633619457
422143653.364427506924	1352802.080157731893	-3369915.644492202438	-446214.026081073622	2.06485088345892809	-1.87697887412738673	2.55970168010853261
422143653.381289958954	1352798.343364567729	-3369925.287018505391	-446156.829168506898	2.06480916978584261	-1.87697061755244632	2.55973967602931252
422143653.398152470589	1352794.606206755387	-3369934.928724335972	-446099.631958763755	2.06476595250603090	-1.87696217084775330	2.55977898004033566
422143653.415014982224	1352790.868667931063	-3369944.569568309002	-446042.434638353589	2.06471933799019070	-1.87695329371712560	2.55982123919431093
422143653.431877493858	1352787.130799641134	-3369954.209589974955	-445985.237190405547	2.06467272090705656	-1.87694441718307514	2.55986350094153803
422143653.448740005493	1352783.392537273467	-3369963.848761418834	-445928.039652444364	2.06462610126749180	-1.87693554123924877	2.55990576527062075
422143653.465602517128	1352779.653947993647	-3369973.487107870169	-445870.841979592107	2.06457947907144135	-1.87692666588569823	2.55994803218161371
422143653.482464969158	1352775.915009576129	-3369983.124538102187	-445813.644403235929	2.06453285431339406	-1.87691779112568002	2.55999030168029362
422143653.499327480793	1352772.175690664910	-3369992.761183516588	-445756.446517589560	2.06448768921560344	-1.87690905029038269	2.56003112240354413
422143653.516189992428	1352768.436042426387	-3370002.396967816167	-445699.248489926045	2.06444344663052881	-1.87690039433361999	2.56007102750754445
422143653.533052504063	1352764.695993896108	-3370012.031912186183	-445642.050391486438	2.06439920167893209	-1.87689173890861172	2.56011093500268982
422143653.549915015697	1352760.955609812867	-3370021.666005742736	-445584.852170267142	2.06435495436621119	-1.87688308401220039	2.56015084488331546
422143653.566777467728	1352757.214871138800	-3370031.299248582218	-445527.654034616135	2.06431070501234970	-1.87687442970137486	2.56019075685974862
422143653.583639979362	1352753.473768660333	-3370040.931664223317	-445470.455581135408	2.06426645298812694	-1.87686577585588377	2.56023067150005446
422143653.600502490997	1352749.732290497283	-3370050.563253206201	-445413.257032883645	2.06422158491691565	-1.87685712662005910	2.56027120788008800
422143653.617365002632	1352745.990457744803	-3370060.193935702555	-445356.058372779924	2.06417628423375943	-1.87684848078219702	2.56031218086943690
422143653.634227514267	1352742.248290092917	-3370069.823861388490	-445298.859574211529	2.06413098112158178	-1.87683983550648570	2.56035315631301108
422143653.651089966297	1352738.505744446767	-3370079.452856216580	-445241.660890193773	2.06408567559669232	-1.87683119078335992	2.56039413419370332
422143653.667952477932	1352734.762874291278	-3370089.081068314612	-445184.461871476960	2.06404036764813181	-1.87682254661927717	2.56043511452300354
422143653.684814989567	1352731.019573245198	-3370098.708421813790	-445127.262786740612	2.06399505729765753	-1.87681390300146789	2.56047609727809089
422143653.701677501202	1352727.275992022129	-3370108.334917619824	-445070.063535992871	2.06395059230547862	-1.87680572303079196	2.56051603085478874
422143653.718540012836	1352723.531990385149	-3370117.960607795045	-445012.864196414419	2.06390640431378669	-1.87679769609236358	2.56055562032159356
422143653.735402464867	1352719.787683965405	-3370127.585397720803	-444955.664945745084	2.06386221445976403	-1.87678966972982031	2.56059521170672255
422143653.752264976501	1352716.042982407613	-3370137.209371611010	-444898.465378662222	2.06381802211506349	-1.87678164383178614	2.56063480557367518
422143653.769127488136	1352712.297946392559	-3370146.832466614898	-444841.265708267863	2.06377382757200234	-1.87677361846683310	2.56067440166361937
422143653.785989999771	1352708.552525701001	-3370156.454769274686	-444784.065929575590	2.06372963085234984	-1.87676559362218520	2.56071399995372317
422143653.802852511406	1352704.806792283664	-3370166.076207227074	-444726.866014807252	2.06368496678546975	-1.87675708514850181	2.56075443234852118
422143653.819714963436	1352701.060624899110	-3370175.696774128824	-444669.666230484378	2.06364014341776869	-1.87674841388866498	2.56079514778648942
422143653.836577475071	1352697.314162657596	-3370185.316543080844	-444612.466096749587	2.06359531765069804	-1.87673974317195547	2.56083586564784538
422143653.853439986706	1352693.567335296888	-3370194.935476404149	-444555.265854949073	2.06355048946785935	-1.87673107300803466	2.56087658594978240
422143653.870302498341	1352689.820112193935	-3370204.553555438761	-444498.065509836830	2.06350565889099125	-1.87672240338413121	2.56091730866950051
422143653.887165009975	1352686.073902952485	-3370214.171252171509	-444440.864808439277	2.06346082589824409	-1.87671373431311217	2.56095803382990983
422143653.904027462006	1352682.325981173199	-3370223.787603810430	-444383.664438228123	2.06341642945734183	-1.87670584143563168	2.56099762686167276
422143653.920889973640	1352678.577694762265	-3370233.403111817781	-444326.463794834563	2.06337208474865896	-1.87669804487946323	2.56103708219168125
422143653.937752485275	1352674.829054656439	-3370243.017791642807	-444269.262985427747	2.06332773793463797	-1.87669024883681423	2.56107653965012050
422143653.954614996910	1352671.080078868195	-3370252.631636307575	-444212.062091718719	2.06328338898257746	-1.87668245332695882	2.56111599927128220
422143653.971477508545	1352667.330730214017	-3370262.244635922369	-444154.861057407514	2.06323903791968766	-1.87667465833391067	2.56115546102663005
422143653.988339960575	1352663.581005928107	-3370271.856779574417	-444097.660159252409	2.06319468471871392	-1.87666686387373938	2.56119492494474388
422143654.005202472210	1352659.830951287411	-3370281.468096289318	-444040.458892679657	2.06314991441701956	-1.87665834485608207	2.56123535212871678
422143654.022064983845	1352656.080525253899	-3370291.078564545605	-443983.257561270846	2.06310508769749035	-1.87664973199022178	2.56127590686092477
422143654.038927495480	1352652.329730657395	-3370300.688189094421	-443926.056095200009	2.06306025860331488	-1.87664111966189706	2.56131646399164747
422143654.055790007114	1352648.578610916622	-3370310.296969521791	-443868.854531530116	2.06301542711266173	-1.87663250788397806	2.56135702354377504
422143654.072652459145	1352644.827086267062	-3370319.904854704160	-443811.653065770515	2.06297059357141954	-1.87662389670032259	2.56139758520020866
422143654.089514970779	1352641.075241547776	-3370329.511981596705	-443754.451247258519	2.06292575737468287	-1.87661528634380681	2.56143814925974489
422143654.106377482414	1352637.323024441721	-3370339.118226155639	-443697.249353957188	2.06288101494093201	-1.87660716725844523	2.56147825518960248
422143654.123239994049	1352633.570419560652	-3370348.723672059365	-443640.047341889702	2.06283627025974692	-1.87659904871610062	2.56151836339158523
422143654.140102505684	1352629.817493363516	-3370358.328227412421	-443582.845205857535	2.06279152334197979	-1.87659093071040539	2.56155847385431068
422143654.156965017319	1352626.064173138235	-3370367.931909367908	-443525.643003807112	2.06274677418760710	-1.87658281324140175	2.56159858657780060
422143654.173827469349	1352622.310553404968	-3370377.534793843981	-443468.440818454139	2.06270202279659287	-1.87657469630913432	2.56163870156209095
422143654.190689980984	1352618.556543886894	-3370387.136812421493	-443411.238366088597	2.06265725560357183	-1.87656656642207942	2.56167884183519323
422143654.207552492619	1352614.802167573478	-3370396.737991312053	-443354.035792358452	2.06261190463925193	-1.87655785881524628	2.56171997148622355
422143654.224415004253	1352611.047428683378	-3370406.338308743201	-443296.833127199090	2.06256655123166066	-1.87654915176646786	2.56176110360514286
422143654.241277515888	1352607.292324372334	-3370415.937850661110	-443239.630328331958	2.06252119539162493	-1.87654044526937969	2.56180223818059494
422143654.258139967918	1352603.536942893639	-3370425.536442745011	-443182.427612664702	2.06247583741431040	-1.87653173940057405	2.56184337494849279
422143654.275002479553	1352599.781096282648	-3370435.134256341960	-443125.224607175798	2.06243047668747970	-1.87652303401983533	2.56188451445997245
422143654.291864991188	1352596.024963980541	-3370444.731231476180	-443068.021472736960	2.06238551372298939	-1.87651444180068827	2.56192531774210774
422143654.308727502823	1352592.268436090322	-3370454.327375408262	-443010.818210992496	2.06234252177595589	-1.87650640523848455	2.56196445328955935
422143654.325590014458	1352588.511557826772	-3370463.922629832756	-442953.614881813584	2.06229952768174973	-1.87649836918270241	2.56200359100708841
422143654.342452466488	1352584.754317218438	-3370473.517062873114	-442896.411620147526	2.06225653144577237	-1.87649033363017526	2.56204273088902923
422143654.359314978123	1352580.996713314438	-3370483.110608511139	-442839.208066292689	2.06221353306255306	-1.87648229858415072	2.56208187294111589
422143654.376177489758	1352577.238779735053	-3370492.703391921241	-442782.004359262937	2.06217053254837257	-1.87647426403504736	2.56212101714627405
422143654.393040001392	1352573.480455174344	-3370502.295262207277	-442724.800580502255	2.06212751133813166	-1.87646622486727654	2.56216017976735744
422143654.409902513027	1352569.721804552013	-3370511.886339522898	-442667.596660679439	2.06208142407350747	-1.87645733891397470	2.56220202791538076
422143654.426764965057	1352565.962759404443	-3370521.476528296247	-442610.392863944988	2.06203533460601340	-1.87644845359617451	2.56224387832097955
422143654.443627476692	1352562.203377749072	-3370531.065900400281	-442553.188718029996	2.06198924228041580	-1.87643956879036655	2.56228573157962236
422143654.460489988327	1352558.444941012887	-3370540.654899747577	-442495.984261892794	2.06194314740248297	-1.87643068457121576	2.56232758741647926
422143654.477352499962	1352554.684863251634	-3370550.242586647626	-442438.779891073878	2.06189704999390955	-1.87642180092594235	2.56236944580879777
422143654.494215011597	1352550.924367076717	-3370559.829433084466	-442381.575430240191	2.06185209539475345	-1.87641290638901115	2.56241028990465214
422143654.511077463627	1352547.163555133855	-3370569.415379202925	-442324.371053789509	2.06180971255239065	-1.87640398661879715	2.56244885105101528
422143654.527939975262	1352543.402371452888	-3370579.000543124508	-442267.166379932198	2.06176732737250923	-1.87639506733396888	2.56248741455804918
422143654.544802486897	1352539.640851719538	-3370588.584824068937	-442209.961589465151	2.06172493984415173	-1.87638614854098607	2.56252598043723889
422143654.561664998531	1352535.878957960755	-3370598.168303659651	-442152.756677405618	2.06168254998355671	-1.87637723023026703	2.56256454867155359
422143654.578527510166	1352532.116717634723	-3370607.750909226015	-442095.551662034704	2.06164015776889453	-1.87636831241468927	2.56260311928387763
422143654.595389962196	1352528.354098379146	-3370617.332673840690	-442038.346732231264	2.06159689902819121	-1.87635947857936913	2.56264242850546964
422143654.612252473831	1352524.591093776515	-3370626.913596996106	-441981.141517363547	2.06155142878991526	-1.87635085840884153	2.56268362226988478
422143654.629114985466	1352520.827772988006	-3370636.493686124217	-441923.936154307507	2.06150595613129806	-1.87634223879511985	2.56272481847897637
422143654.645977497101	1352517.064109936124	-3370646.072902571410	-441866.730693880294	2.06146048103598289	-1.87633361974787904	2.56276601714989338
422143654.662840008736	1352513.300029178383	-3370655.651310631074	-441809.525137269229	2.06141500353110008	-1.87632500125112345	2.56280721825418345
422143654.679702460766	1352509.535684280796	-3370665.228795996401	-441752.319657685584	2.06136952357311909	-1.87631638333057249	2.56284842183748962
422143654.696564972401	1352505.770891627995	-3370674.805554477498	-441695.113864055777	2.06132448059496021	-1.87630784643912119	2.56288929516637554
422143654.713427484035	1352502.005787476199	-3370684.381420129910	-441637.907953818154	2.06127999137355200	-1.87629941197234129	2.56292974981758315
422143654.730289995670	1352498.240260588704	-3370693.956420830451	-441580.701971620321	2.06123549983656806	-1.87629097803717659	2.56297020680761500
422143654.747152507305	1352494.474437774392	-3370703.530576305464	-441523.495835290523	2.06119100596765881	-1.87628254464330069	2.56301066615361073
422143654.764014959335	1352490.708238407504	-3370713.103903818410	-441466.289815651427	2.06114650977221459	-1.87627411178754877	2.56305112784991618
422143654.780877470970	1352486.941699361661	-3370722.676385232713	-441409.083460358961	2.06110201125018744	-1.87626567946996770	2.56309159189657798
422143654.797739982605	1352483.174802205991	-3370732.248029615264	-441351.876995584229	2.06105738017947049	-1.87625715186392328	2.56313212384901501
422143654.814602494240	1352479.407538361615	-3370741.818834266160	-441294.670409447106	2.06101258111458030	-1.87624850292871059	2.56317274157733266
422143654.831465005875	1352475.639845572179	-3370751.388784258626	-441237.463770584320	2.06096777965562739	-1.87623985453411768	2.56321336172374759
422143654.848327517509	1352471.871888234513	-3370760.957877845503	-441180.256976177334	2.06092297579169514	-1.87623120668661092	2.56325398429970353
422143654.865189969540	1352468.103599321097	-3370770.526106747799	-441123.050254042610	2.06087816985211436	-1.87622255943991223	2.56329460900481543
422143654.882052481174	1352464.334858703194	-3370780.093524136581	-441065.843261553731	2.06083336118894467	-1.87621391268029525	2.56333523642860106
422143654.898914992809	1352460.565800007666	-3370789.660119131207	-441008.636146057397	2.06078902598427671	-1.87620554938907547	2.56337521226286613
422143654.915777504444	1352456.796365990303	-3370799.225848565809	-440951.428921307728	2.06074504199715225	-1.87619739677952735	2.56341470456886666
422143654.932640016079	1352453.026588695589	-3370808.790733356960	-440894.221579720324	2.06070105580322238	-1.87618924468552506	2.56345419910517869
422143654.949502468109	1352449.256469325162	-3370818.354762407951	-440837.014323699812	2.06065706738616061	-1.87618109311674242	2.56349369588891962
422143654.966364979744	1352445.485971577931	-3370827.917971760035	-440779.806757206330	2.06061307676764827	-1.87617294206037988	2.56353319489735298
422143654.983227491379	1352441.715127411764	-3370837.480330178514	-440722.599063407164	2.06056908392592764	-1.87616479152932225	2.56357269615328942
422143655.000090003014	1352437.943912833929	-3370847.041833349038	-440665.391284121724	2.06052435191815198	-1.87615639061995187	2.56361304483887276
422143655.016952514648	1352434.172332210932	-3370856.602505739778	-440608.183401293354	2.06047907199842273	-1.87614780452367391	2.56365402158788758
422143655.033814966679	1352430.400371378753	-3370866.162272970192	-440550.975616376032	2.06043378999938165	-1.87613921903818248	2.56369500047079946
422143655.050677478313	1352426.629442511126	-3370875.721747806761	-440493.767237844877	2.06038850525551620	-1.87613063405704961	2.56373598209350062
422143655.067539989948	1352422.856814159313	-3370885.279887554236	-440436.559001391288	2.06034321811035959	-1.87612204962714091	2.56377696614174022
422143655.084402501583	1352419.083773531718	-3370894.837192175910	-440379.350694160617	2.06029792855843175	-1.87611346575171622	2.56381795262126122
422143655.101265013218	1352415.310403859243	-3370904.393635566812	-440322.142244914430	2.06025436285543062	-1.87610457533680619	2.56385728642525956
422143655.118127465248	1352411.536687777145	-3370913.949198739603	-440264.933899288939	2.06021155039110937	-1.87609555100670544	2.56389589815976215
422143655.134989976883	1352407.762614265317	-3370923.503963097464	-440207.725231077231	2.06016873554430902	-1.87608652716693514	2.56393451230059810
422143655.151852488518	1352403.988174130442	-3370933.057887698058	-440150.516441500280	2.06012591830951930	-1.87607750382075067	2.56397312885354189
422143655.168715000153	1352400.213375875494	-3370942.610952118877	-440093.307566436823	2.06008309868665851	-1.87606848096819689	2.56401174781867258
422143655.185577511787	1352396.438232037472	-3370952.163158876821	-440036.098543414962	2.06004027668649492	-1.87605945860289580	2.56405036918469698
422143655.202439963818	1352392.662733709672	-3370961.714530479629	-439978.889644436771	2.05999569639586166	-1.87605064607331706	2.56409072154509543
422143655.219302475452	1352388.886831845855	-3370971.265060116537	-439921.680441156903	2.05995042080346868	-1.87604191655156138	2.56413175841620244
422143655.236164987087	1352385.110619258601	-3370980.814728974365	-439864.471115097927	2.05990514275125092	-1.87603318759118509	2.56417279777226170
422143655.253027498722	1352381.334024796961	-3370990.363602695521	-439807.261673383298	2.05985986226627293	-1.87602445917618010	2.56421383958489502
422143655.269890010357	1352377.557096229866	-3370999.911620542407	-439750.052104365081	2.05981457931593503	-1.87601573132586319	2.56425488388827727
422143655.286752462387	1352373.779775765492	-3371009.458723975811	-439692.842675075110	2.05976929392187902	-1.87600700402743747	2.56429593065971551
422143655.303614974022	1352370.002131155925	-3371019.005067684688	-439635.632887092012	2.05972674329063121	-1.87599893596254752	2.56433456655719727
422143655.320477485657	1352366.224082332803	-3371028.550508053508	-439578.423031905433	2.05968462920280793	-1.87599097392972491	2.56437281783223447
422143655.337339997292	1352362.445735821733	-3371038.095137926750	-439521.213023773744	2.05964251302394752	-1.87598301238423759	2.56441107122107637
422143655.354202508926	1352358.666976018110	-3371047.638960707001	-439464.002925395558	2.05960039478112478	-1.87597505131006481	2.56444932669533410
422143655.371064960957	1352354.887904216070	-3371057.181852369104	-439406.792923515488	2.05955827474671693	-1.87596709077854285	2.56448758401116583
422143655.387927472591	1352351.108456053073	-3371066.723912649788	-439349.582585982513	2.05951615233791374	-1.87595913066959330	2.56452584369614733
422143655.404789984226	1352347.328633140773	-3371076.265155106317	-439292.372171502153	2.05947076106805316	-1.87595071916121614	2.56456703272216746
422143655.421652495861	1352343.548446872272	-3371085.805587190669	-439235.161622130836	2.05942386167503511	-1.87594209993992522	2.56460957339519924
422143655.438515007496	1352339.767918485450	-3371095.345146535430	-439177.950975387124	2.05937695976450019	-1.87593348132094673	2.56465211661140113
422143655.455377459526	1352335.987068468472	-3371104.883800114505	-439120.740393792861	2.05933005534183788	-1.87592486330111941	2.56469466236511900
422143655.472239971161	1352332.205809967127	-3371114.421724989079	-439063.529529271356	2.05928314841783955	-1.87591624587407146	2.56473721064503701
422143655.489102482796	1352328.424204507843	-3371123.958704878576	-439006.318553128280	2.05923623898704822	-1.87590762904306585	2.56477976145687414
422143655.505964994431	1352324.642239876557	-3371133.494914542884	-438949.107462516869	2.05919131384247489	-1.87589967636976485	2.56481961519759993
422143655.522827506065	1352320.859914841363	-3371143.030251001474	-438891.896255297295	2.05914638885629220	-1.87589172501152901	2.56485946796154973
422143655.539690017700	1352317.077271164628	-3371152.564732930623	-438834.684931239986	2.05910146166943075	-1.87588377419046104	2.56489932295085721
422143655.556552469730	1352313.294237534981	-3371162.098350699991	-438777.473712217121	2.05905653261208599	-1.87587582395534436	2.56493917987057651
422143655.573414981365	1352309.510819405317	-3371171.631159024779	-438720.262201960140	2.05901160103464376	-1.87586787420231182	2.56497903929929816
422143655.590277493000	1352305.727045923006	-3371181.163150696550	-438663.050550870947	2.05896666727270006	-1.87585992497693721	2.56501890093641194
422143655.607140004635	1352301.942965398775	-3371190.694250826258	-438605.838789114729	2.05892143482321988	-1.87585125341519188	2.56505997174434874
422143655.624002516270	1352298.159816711210	-3371200.225034316536	-438548.626673672523	2.05887619220188967	-1.87584256353262924	2.56510107651791452
422143655.640864968300	1352294.375007381430	-3371209.754426935222	-438491.414906055725	2.05883094713489800	-1.87583387420846281	2.56514218376181358
422143655.657727479935	1352290.589815509971	-3371219.282998452429	-438434.202822023071	2.05878569963844260	-1.87582518543310095	2.56518329345906260
422143655.674589991570	1352286.804290211760	-3371228.810723034199	-438376.990628508327	2.05874044969080217	-1.87581649721944532	2.56522440563242915
422143655.691452503204	1352283.018359650625	-3371238.337634226307	-438319.778338809439	2.05869527963006771	-1.87580781817614262	2.56526544750975738
422143655.708315014839	1352279.232114840765	-3371247.863715348765	-438262.565914218954	2.05865064700604972	-1.87579919622474001	2.56530601471768316
422143655.725177466869	1352275.445531828096	-3371257.388871134259	-438205.353572827764	2.05860601232088047	-1.87579057486724610	2.56534658403893445
422143655.742039978504	1352271.658530369867	-3371266.913208197337	-438148.140972965397	2.05856137491283731	-1.87578195399995229	2.56538715607923296
422143655.758902490139	1352267.871190144448	-3371276.436725023668	-438090.928238210385	2.05851673512081490	-1.87577333366996513	2.56542773052729123
422143655.775765001774	1352264.083498136606	-3371285.959371323697	-438033.715398731700	2.05847209294476041	-1.87576471387733035	2.56546830738316123
422143655.792627513409	1352260.295429173391	-3371295.481209891383	-437976.502427190542	2.05842736391714354	-1.87575609531799659	2.56550895364017872
422143655.809489965439	1352256.507037312957	-3371305.002163285855	-437919.289563797065	2.05838207831468312	-1.87574748183477658	2.56555004183616076
422143655.826352477074	1352252.718279565452	-3371314.522315116599	-437862.076365935965	2.05833679029710215	-1.87573886890363184	2.56559113247139603
422143655.843214988708	1352248.929151556222	-3371324.041611636523	-437804.863082587428	2.05829149986435045	-1.87573025652461056	2.56563222554593473
422143655.860077500343	1352245.139673604164	-3371333.560064775869	-437747.649683813739	2.05824620700554650	-1.87572164470418934	2.56567332107118151
422143655.876940011978	1352241.349821178010	-3371343.077684373129	-437690.436169618100	2.05820091173146924	-1.87571303343598683	2.56571441903583253
422143655.893802464008	1352237.559648880502	-3371352.594379083719	-437633.222757859796	2.05815575109153226	-1.87570445145928866	2.56575548928343533
422143655.910664975643	1352233.769076339202	-3371362.110323104542	-437576.009018758778	2.05811094285674745	-1.87569594443482890	2.56579648464543331
422143655.927527487278	1352229.978188839974	-3371371.625381828286	-437518.795174932282	2.05806613223682167	-1.87568743796507831	2.56583748241676401
422143655.944389998913	1352226.186879567569	-3371381.139630715363	-437461.581228979048	2.05802131925876974	-1.87567893203401104	2.56587848256910256
422143655.961252510548	1352222.395267684245	-3371390.653012504335	-437404.367154304637	2.05797650389006748	-1.87567042666096206	2.56591948513654300
422143655.978114962578	1352218.603299823357	-3371400.165516246576	-437347.153175897780	2.05793168615232114	-1.87566192183311853	2.56596049009643234
422143655.994977474213	1352214.810967779253	-3371409.677199326456	-437289.938900314155	2.05788668360472027	-1.87565340265039238	2.56600153925726060
422143656.011839985847	1352211.018253311049	-3371419.188055122271	-437232.724515248148	2.05784117946481793	-1.87564484322576286	2.56604270520501743
422143656.028702497482	1352207.225166145479	-3371428.698081395589	-437175.510028055229	2.05779567290465737	-1.87563628436313623	2.56608387359784906
422143656.045565009117	1352203.431718671927	-3371438.207234422676	-437118.295424253098	2.05775016393500998	-1.87562772605613071	2.56612504442446143
422143656.062427461147	1352199.637995732948	-3371447.715501671191	-437061.080891310005	2.05770465286850790	-1.87561916837068399	2.56616621740332729
422143656.079289972782	1352195.843849719968	-3371457.223008965142	-437003.866068315343	2.05765913873461326	-1.87561061112846583	2.56620739341323345
422143656.096152484417	1352192.049340863014	-3371466.729645693675	-436946.651136070024	2.05761481009822544	-1.87560221605178246	2.56624740697393161
422143656.113014996052	1352188.254475999624	-3371476.235410520807	-436889.436093156284	2.05757233176854726	-1.87559407348253759	2.56628560611882195
422143656.129877507687	1352184.459274179302	-3371485.740359118208	-436832.220928648429	2.05752985129396393	-1.87558593140011087	2.56632380743187349
422143656.146739959717	1352180.663709584391	-3371495.244430988561	-436775.005861821701	2.05748736898733053	-1.87557778985462842	2.56636201062987457
422143656.163602471352	1352176.867810451891	-3371504.747666978277	-436717.790483104647	2.05744488423362881	-1.87556964873952325	2.56640021626803261
422143656.180464982986	1352173.071509827394	-3371514.250081924722	-436660.574996321520	2.05740239734570363	-1.87556150810492372	2.56643842406314526
422143656.197327494621	1352169.276161288610	-3371523.752145932522	-436603.359173905570	2.05735872777554629	-1.87555319540243803	2.56647784104292498
422143656.214190006256	1352165.479188644327	-3371533.252893637400	-436546.143442749686	2.05731337869815079	-1.87554463808806027	2.56651897517259409
422143656.231052458286	1352161.681800215738	-3371542.752699671779	-436488.927852966532	2.05726802720580615	-1.87553608133323291	2.56656011174182686
422143656.247914969921	1352157.884121636627	-3371552.251708937809	-436431.711919714638	2.05722267330927977	-1.87552752513157150	2.56660125073933232
422143656.264777481556	1352154.086035355693	-3371561.749907454476	-436374.495897631743	2.05717731700311424	-1.87551896948634100	2.56664239217082946
422143656.281639993191	1352150.287562406156	-3371571.247277318034	-436317.279760127130	2.05713195829807738	-1.87551041439115562	2.56668353602502641
422143656.298502504826	1352146.488801038126	-3371580.743740370031	-436260.063492718269	2.05708861965436940	-1.87550199649685334	2.56672277779764313
422143656.315365016460	1352142.689641227713	-3371590.239427457098	-436202.847142190789	2.05704690692596159	-1.87549368907955061	2.56676048863202855
422143656.332227468491	1352138.890159953386	-3371599.734208714683	-436145.630856808682	2.05700519235081680	-1.87548538218545180	2.56679820136372738
422143656.349089980125	1352135.090256845113	-3371609.228163137566	-436088.414286362182	2.05696347533558477	-1.87547707569921962	2.56683591652967591
422143656.365952491760	1352131.290036995895	-3371618.721267003100	-436031.197612373042	2.05692175615522466	-1.87546876969144938	2.56687363388416578
422143656.382815003395	1352127.489492689259	-3371628.213534019887	-435973.980778315512	2.05688003483130544	-1.87546046414931400	2.56691135340458265
422143656.399677515030	1352123.688522136305	-3371637.704982375260	-435916.763898661069	2.05683649409320513	-1.87545201254438165	2.56695078387043552
422143656.416539967060	1352119.887222158490	-3371647.195531163830	-435859.547090092849	2.05679012173953524	-1.87544333335815216	2.56699287707051038
422143656.433402478695	1352116.085603714688	-3371656.685254635755	-435802.329933760804	2.05674374687981665	-1.87543465475720494	2.56703497280179427
422143656.450264990330	1352112.283573911525	-3371666.174174961168	-435745.112700480153	2.05669736952480831	-1.87542597673515754	2.56707707105300642
422143656.467127501965	1352108.481207260862	-3371675.662217108067	-435687.895355117682	2.05665098967986282	-1.87541729928884338	2.56711917181853266
422143656.483990013599	1352104.678465452278	-3371685.149432383012	-435630.677914985863	2.05660460731792050	-1.87540862243439777	2.56716127512673564
422143656.500852465630	1352100.875367161818	-3371694.635760603938	-435573.460553296085	2.05655864260027066	-1.87540004566260476	2.56720315068232141
422143656.517714977264	1352097.071920260321	-3371704.121292609256	-435516.242880903301	2.05651286345411055	-1.87539151402354731	2.56724492583323949
422143656.534577488899	1352093.268132231897	-3371713.605945081450	-435459.025090488489	2.05646708188607663	-1.87538298294833128	2.56728670342971732
422143656.551440000534	1352089.463964771014	-3371723.089769325685	-435401.807199360977	2.05642129786911987	-1.87537445245309264	2.56732848350010867
422143656.568302512169	1352085.659419274190	-3371732.572767592501	-435344.589204691350	2.05637551143020270	-1.87536592252179379	2.56737026601614637
422143656.585164964199	1352081.854571336415	-3371742.054892564658	-435287.371288235823	2.05632972254227830	-1.87535739317056982	2.56741205100617931
422143656.602027475834	1352078.049351464026	-3371751.536164292600	-435230.153066063649	2.05628369617752416	-1.87534891995252262	2.56745392276007145
422143656.618889987469	1352074.243744866690	-3371761.016646144446	-435172.934742949088	2.05623754929844083	-1.87534047523046099	2.56749583932937719
422143656.635752499104	1352070.437778064748	-3371770.496254707687	-435115.716303227120	2.05619140000178335	-1.87533203108180024	2.56753775834047504
422143656.652615010738	1352066.631483502220	-3371779.974950752221	-435058.497764949629	2.05614524827131007	-1.87532358751624328	2.56757967981038737
422143656.669477462769	1352062.824809181504	-3371789.452872551046	-435001.279307254881	2.05609909446202366	-1.87531514457639648	2.56762160341263090
422143656.686339974403	1352059.017802162096	-3371798.929962464143	-434944.060550969443	2.05605293788543131	-1.87530670216431794	2.56766352977761647
422143656.703202486038	1352055.210379055468	-3371808.406200089958	-434886.841679490113	2.05600822822311846	-1.87529824616302387	2.56770403185985074
422143656.720064997673	1352051.402622714639	-3371817.881590703502	-434829.622698528518	2.05596381004428297	-1.87528978783403222	2.56774424706657900
422143656.736927509308	1352047.594558464363	-3371827.356117753778	-434772.403587434732	2.05591938953249986	-1.87528133003724284	2.56778446463015397
422143656.753789961338	1352043.786098251119	-3371836.829790851567	-434715.184600613487	2.05587496667692005	-1.87527287277913768	2.56782468456194568
422143656.770652472973	1352039.978599591414	-3371846.303138282616	-434657.965038460388	2.05583054150448241	-1.87526441604367133	2.56786490683371271
422143656.787514984608	1352036.169414077885	-3371855.775145415682	-434600.745618387009	2.05578611399894839	-1.87525595984054272	2.56790513146247346
422143656.804377496243	1352032.359905863879	-3371865.246296581812	-434543.526075533940	2.05574057259398213	-1.87524738287450021	2.56794631773928961
422143656.821240007877	1352028.549985682825	-3371874.716612483375	-434486.306461905304	2.05569479870884386	-1.87523878136645106	2.56798770500637064
422143656.838102459908	1352024.739788432838	-3371884.186038519256	-434429.086905836826	2.05564902271057370	-1.87523018047935941	2.56802909444197036
422143656.854964971542	1352020.929166968213	-3371893.654663484544	-434371.867048064829	2.05560324393761684	-1.87522158010017992	2.56807048664630955
422143656.871827483177	1352017.118206861196	-3371903.122445011977	-434314.647079394374	2.05555746272606399	-1.87521298028229233	2.56811188131370338
422143656.888689994812	1352013.306878497126	-3371912.589398304466	-434257.427014540299	2.05551167906507848	-1.87520438103218257	2.56815327845550856
422143656.905552506447	1352009.495194338262	-3371922.055502757896	-434200.206815025711	2.05546729715019394	-1.87519603109865329	2.56819399496752920
422143656.922414958477	1352005.683172008954	-3371931.520697469823	-434142.986737185623	2.05542295373740291	-1.87518768894637633	2.56823469396955817
422143656.939277470112	1352001.870788946515	-3371940.985123973805	-434085.766324648168	2.05537860802407168	-1.87517934732552050	2.56827539529471149
422143656.956139981747	1351998.058018592885	-3371950.448666564189	-434028.545826852322	2.05533426000476283	-1.87517100623934985	2.56831609894868595
422143656.973002493382	1351994.244899169076	-3371959.911397781223	-433971.325207461312	2.05528990967403580	-1.87516266569112866	2.56835680493718188
422143656.989865005016	1351990.431410836289	-3371969.373268666677	-433914.104498057684	2.05524555702106548	-1.87515432568734042	2.56839751327154353
422143657.006727516651	1351986.617606736487	-3371978.834305356257	-433856.883640465967	2.05520030516433128	-1.87514586443545528	2.56843868837306299
422143657.023589968681	1351982.803435662063	-3371988.294440784492	-433799.662898608658	2.05515501785317234	-1.87513739925989387	2.56847988287876339
422143657.040452480316	1351978.988864461659	-3371997.753802314866	-433742.441853402648	2.05510972783888324	-1.87512893457806284	2.56852108008253754
422143657.057314991951	1351975.173982200911	-3372007.212270850316	-433685.220691589871	2.05506443542174289	-1.87512047046169639	2.56856227971399509
422143657.074177503586	1351971.358715835260	-3372016.669946793467	-433627.999421478307	2.05501914062327495	-1.87511200689796387	2.56860348175057274
422143657.091040015221	1351967.543092964217	-3372026.126718675718	-433570.778046871710	2.05497384127560334	-1.87510352767950916	2.56864474904724727
422143657.107902467251	1351963.727113124682	-3372035.582679287065	-433513.556763545494	2.05492851614478678	-1.87509487388835749	2.56868669778008840
422143657.124764978886	1351959.910795776872	-3372045.037797662895	-433456.335157862981	2.05488318854292729	-1.87508622067041175	2.56872864900794307
422143657.141627490520	1351956.094072747976	-3372054.492070450913	-433399.113462166279	2.05483785848615019	-1.87507756801606185	2.56877060271390700
422143657.158490002155	1351952.277029549237	-3372063.945461440366	-433341.891660329362	2.05479252597440354	-1.87506891592535752	2.56881255889803084
422143657.175352513790	1351948.459666207898	-3372073.398055676837	-433284.669718845631	2.05474719099146652	-1.87506026440800744	2.56885451757731476
422143657.192214965820	1351944.641867087688	-3372082.849742474034	-433227.447900680534	2.05470181292246057	-1.87505163039357670	2.56889643885399188
422143657.209077477455	1351940.823765599402	-3372092.300676160492	-433170.225753529987	2.05465608552895507	-1.87504313974396664	2.56893802814167405
422143657.225939989090	1351937.005270827562	-3372101.750720527954	-433113.003501883126	2.05461035573391726	-1.87503464965108635	2.56897961985438128
422143657.242802500725	1351933.186396678677	-3372111.199913496617	-433055.781173519325	2.05456462350496594	-1.87502616013430656	2.56902121402605088
422143657.259665012360	1351929.367234554375	-3372120.648291819263	-432998.558683439682	2.05451888886900313	-1.87501767117757367	2.56906281062848318
422143657.276527464390	1351925.547662951052	-3372130.095756894443	-432941.336329977261	2.05447315179904644	-1.87500918279703810	2.56910440968995646
