219232467.998088750000 0.000082187500
219232467.998088750000	-3521984.882886846500	294970.797079435430	-928524.239448106850	-1.29361189236793450	-0.14465298924919318	-2.99875647791435410
219232468.039182480000	-3522020.346678263500	294990.677133053190	-928388.511373274610	-1.29365072011979440	-0.14465819465307733	-2.99875768417053520
219232468.080276250000	-3522055.805193949000	295010.556970185020	-928252.781804002590	-1.29368836803289630	-0.14466290891883429	-2.99875895305811600
219232468.121369990000	-3522091.258384139300	295030.436598299710	-928117.050964087130	-1.29372601609553820	-0.14466762317096662	-2.99876022223851720
219232468.162463750000	-3522126.706271660000	295050.315959128840	-927981.318625455370	-1.29376479159123340	-0.14467290247763442	-2.99876167861799600
219232468.203557490000	-3522162.148281587800	295070.195435819220	-927845.584637766120	-1.29380401108134910	-0.14467840424704051	-2.99876320892118950
219232468.244651260000	-3522197.585554735300	295090.074382886990	-927709.849564462670	-1.29384315723098920	-0.14468411339195023	-2.99876479574360480
219232468.285744990000	-3522233.017483920300	295109.953057233130	-927574.113179178680	-1.29388213407228330	-0.14469030002522471	-2.99876651227799850
219232468.326838760000	-3522268.444124767100	295129.831520432490	-927438.375329866540	-1.29392111107890330	-0.14469648663469609	-2.99876822917409310
219232468.367932500000	-3522303.865448795700	295149.709771926810	-927302.636198029390	-1.29396020746396870	-0.14470202939858678	-2.99876959503656960
219232468.409026240000	-3522339.281446369400	295169.587762426820	-927166.895657519110	-1.29399932490275990	-0.14470745890968043	-2.99877089942565080
219232468.450120000000	-3522374.692171163900	295189.465570594820	-927031.153658443010	-1.29403808230770800	-0.14471266305576455	-2.99877206747053780
219232468.491213740000	-3522410.097000095500	295209.343441168840	-926895.409994151210	-1.29407635100203610	-0.14471756146688583	-2.99877305040089710
219232468.532307510000	-3522445.497097851200	295229.220759385150	-926759.665225715140	-1.29411461973756770	-0.14472245986936949	-2.99877403362985580
219232468.573401240000	-3522480.891831655500	295249.097841415500	-926623.919169061930	-1.29415480561585470	-0.14472782022390787	-2.99877571457643110
219232468.614495010000	-3522516.281293765200	295268.974728118860	-926488.171653841160	-1.29419516561306610	-0.14473322250787377	-2.99877745922075300
219232468.655588750000	-3522551.665416639300	295288.851342472070	-926352.422833290420	-1.29423441359381750	-0.14473866717798581	-2.99877773390090810
219232468.696682480000	-3522587.044237862800	295308.727740607630	-926216.672652048520	-1.29427281736680390	-0.14474414411123332	-2.99877689254537530
219232468.737776250000	-3522622.417230209800	295328.604259279960	-926080.920597953720	-1.29431132582952580	-0.14474961649095688	-2.99877630023145380
219232468.778869990000	-3522657.785412348800	295348.480197359170	-925945.167634056760	-1.29435062948281180	-0.14475505392482121	-2.99877759604100770
219232468.819963750000	-3522693.148300409300	295368.355935764380	-925809.413199482140	-1.29438993329671550	-0.14476049134877503	-2.99877889218391940
219232468.861057490000	-3522728.505883192600	295388.231381669350	-925673.657484980770	-1.29442874596660310	-0.14476563189446445	-2.99878044257501890
219232468.902151260000	-3522763.858143731500	295408.106635704050	-925537.900281045000	-1.29446735019212180	-0.14477064632597197	-2.99878210114345430
219232468.943244990000	-3522799.205084604200	295427.981667788120	-925402.141813110790	-1.29450616377663600	-0.14477569886571026	-2.99878375101067450
219232468.984338760000	-3522834.546749810200	295447.856482371860	-925266.381850737500	-1.29454563898843980	-0.14478087188493782	-2.99878537276086870
219232469.025432500000	-3522869.882531303900	295467.731384495510	-925130.620247138660	-1.29458511436070010	-0.14478604488061303	-2.99878699483631550
219232469.066526230000	-3522905.213540704000	295487.605730515850	-924994.857623978050	-1.29462378426428760	-0.14479166725046311	-2.99878775312608110
219232469.107620000000	-3522940.539255466800	295507.479826744060	-924859.093519443410	-1.29466229426270820	-0.14479737887741359	-2.99878834013891100
219232469.148713740000	-3522975.859625826600	295527.353680648320	-924723.328157330510	-1.29470107833290470	-0.14480302835385073	-2.99878931873399960
219232469.189807500000	-3523011.174724539300	295547.227369822620	-924587.561292944130	-1.29474030544852800	-0.14480857723338894	-2.99879093057489500
219232469.230901240000	-3523046.484468540600	295567.100782011290	-924451.793172164240	-1.29477953261192140	-0.14481412608306365	-2.99879254274700190
219232469.271995010000	-3523081.788920807200	295586.973953832170	-924316.023551483060	-1.29481804570748580	-0.14482033647663314	-2.99879185323686270
219232469.313088740000	-3523117.087551537900	295606.847272477990	-924180.252300729510	-1.29485653359686290	-0.14482657020091536	-2.99879108305780710
219232469.354182510000	-3523152.381382697300	295626.719996693430	-924044.479928029350	-1.29489539692126470	-0.14483231290335116	-2.99879151709453230
219232469.395276250000	-3523187.669845802700	295646.592476594960	-923908.706260463340	-1.29493461643429050	-0.14483758938658486	-2.99879309429549770
219232469.436369990000	-3523222.953057343100	295666.464742073210	-923772.931263073930	-1.29497361279376370	-0.14484291171663499	-2.99879460691410760
219232469.477463750000	-3523258.230954226100	295686.336769239690	-923637.154753674400	-1.29501055175322670	-0.14484865699190910	-2.99879552154149210
219232469.518557490000	-3523293.503514159500	295706.208578627090	-923501.377004038890	-1.29504749064949260	-0.14485440225265436	-2.99879643648388770
219232469.559651260000	-3523328.770807128400	295726.080167462820	-923365.597748080040	-1.29508650953460380	-0.14486001810797508	-2.99879757544920400
219232469.600744990000	-3523364.032189318000	295745.951838254110	-923229.816832139740	-1.29512708720051920	-0.14486553698994348	-2.99879888238987080
219232469.641838760000	-3523399.288837007700	295765.822952294780	-923094.034830581280	-1.29516716051115900	-0.14487083192172232	-2.99880024684678310
219232469.682932500000	-3523434.540143223500	295785.693833022260	-922958.251552915780	-1.29520556966270320	-0.14487538785927631	-2.99880180031385410
219232469.724026230000	-3523469.786157598700	295805.564481149080	-922822.466902677550	-1.29524397896645490	-0.14487994377138350	-2.99880335407429270
219232469.765120000000	-3523505.026886622900	295825.434926134070	-922686.680769880190	-1.29528316887577550	-0.14488515852230394	-2.99880523918637690
219232469.806213740000	-3523540.262229186900	295845.305087774350	-922550.893355284700	-1.29532257957017790	-0.14489055952410887	-2.99880721823333250
219232469.847307500000	-3523575.492322163700	295865.175048683010	-922415.104465005800	-1.29536117224428700	-0.14489593122445221	-2.99880878640647810
219232469.888401240000	-3523610.716512335900	295885.045109767120	-922279.313932086690	-1.29539835035140110	-0.14490125230603165	-2.99880964397579270
219232469.929495010000	-3523645.935953762400	295904.914613669970	-922143.522289558780	-1.29543552860852710	-0.14490657339796270	-2.99881050185397280
219232469.970588740000	-3523681.150098532900	295924.783892174130	-922007.729395141710	-1.29547465262161210	-0.14491173726242179	-2.99881166831402980
219232470.011682510000	-3523716.358925794700	295944.652922159990	-921871.935007242490	-1.29551398328000800	-0.14491688442494166	-2.99881286782058700
219232470.052776250000	-3523751.562427695400	295964.521740967820	-921736.139348696220	-1.29555274555353030	-0.14492218309079635	-2.99881400551522730
219232470.093869980000	-3523786.760584125800	295984.390279277980	-921600.342323768420	-1.29559093163930950	-0.14492763526699326	-2.99881508056101390
219232470.134963750000	-3523821.953462815800	296004.258624438430	-921464.543804400020	-1.29562917082954090	-0.14493308848300140	-2.99881618846147320
219232470.176057490000	-3523857.140504460300	296024.127086474560	-921328.743649495180	-1.29566854584000080	-0.14493856404765512	-2.99881799309650180
219232470.217151250000	-3523892.322764348200	296043.994981429830	-921192.942432506590	-1.29570792078402410	-0.14494403956518975	-2.99881979805411090
219232470.258244990000	-3523927.499658023500	296063.862597322210	-921057.139891427710	-1.29574659865846910	-0.14494988465506498	-2.99882127094982790
219232470.299338760000	-3523962.671284817600	296083.730016802200	-920921.335898427060	-1.29578487023730140	-0.14495594523769548	-2.99882255039004610
219232470.340432490000	-3523997.837603596500	296103.597219958490	-920785.530611017950	-1.29582328087851790	-0.14496187326613014	-2.99882384321102970
219232470.381526260000	-3524032.998593343000	296123.464166985360	-920649.723860534960	-1.29586233378549040	-0.14496718964287142	-2.99882519656394160
219232470.422620000000	-3524068.154241470200	296143.330838210590	-920513.915852472540	-1.29590138662472690	-0.14497250598199432	-2.99882655023406300
219232470.463713740000	-3524103.304060861500	296163.197677911200	-920378.106080356990	-1.29593829635111100	-0.14497892208620888	-2.99882615697566420
219232470.504807500000	-3524138.449120544400	296183.063946203560	-920242.295229041950	-1.29597450421620720	-0.14498569850041587	-2.99882519173727060
219232470.545901240000	-3524173.588822537600	296202.929947237830	-920106.483070980060	-1.29601176898095490	-0.14499208616560710	-2.99882484097405880
219232470.586995010000	-3524208.723275025400	296222.795771692180	-919970.669491635050	-1.29605227179875440	-0.14499728277125465	-2.99882637191134150
219232470.628088740000	-3524243.852331881400	296242.661295728120	-919834.854587970650	-1.29609277478143950	-0.14500247935081206	-2.99882790318438100
219232470.669182510000	-3524278.976178961800	296262.526642382200	-919699.038251372050	-1.29613186763930900	-0.14500810665865316	-2.99882845432192280
219232470.710276250000	-3524314.094633334800	296282.391723107950	-919563.220626324420	-1.29617079973751450	-0.14501378310294863	-2.99882889398022150
219232470.751369980000	-3524349.207263484100	296302.256931116750	-919427.401262400900	-1.29620992240095640	-0.14501939777670667	-2.99882992571423880
219232470.792463750000	-3524384.315088265100	296322.121569698680	-919291.580799106620	-1.29624928327165830	-0.14502493509010547	-2.99883169827214460
219232470.833557490000	-3524419.417635747700	296341.985953738560	-919155.759056112260	-1.29628865137535690	-0.14503045412265705	-2.99883346143646530
219232470.874651250000	-3524454.514878818800	296361.850115784150	-919019.935872848960	-1.29632826159234500	-0.14503535871946929	-2.99883489740450850
219232470.915744990000	-3524489.606755758200	296381.714054236950	-918884.111376190090	-1.29636787173779560	-0.14504026328675768	-2.99883633367458340
219232470.956838760000	-3524524.693346885000	296401.577763383160	-918748.285440676030	-1.29640737810210390	-0.14504522562276420	-2.99883786760234460
219232470.997932490000	-3524559.774070291800	296421.441569910380	-918612.457844220100	-1.29644680509368680	-0.14505023200077541	-2.99883947610639860
219232471.039026260000	-3524594.850046864200	296441.304809257270	-918476.629163330890	-1.29648604045988790	-0.14505535289525254	-2.99884118029018550
219232471.080120000000	-3524629.920699224300	296461.167823442720	-918340.799211796020	-1.29652427998995010	-0.14506106894366869	-2.99884338039138900
219232471.121213730000	-3524664.986005113000	296481.030568799180	-918204.967893877300	-1.29656251945830970	-0.14506678493030173	-2.99884558081409040
219232471.162307500000	-3524700.046052841900	296500.893114371810	-918069.135112155110	-1.29660159690519010	-0.14507226755571406	-2.99884745972792820
219232471.203401240000	-3524735.100729221900	296520.755410393530	-917933.301054095970	-1.29664101630206340	-0.14507765498305331	-2.99884920770008860
219232471.244495000000	-3524770.150147987100	296540.617500132180	-917797.465532232310	-1.29667991625766430	-0.14508264959434544	-2.99885016912518450
