271642475.295953392982 0.000097562500
271642475.295953392982	1733450.240195101593	1454191.021278104046	2910069.077257611789	0.53215950608108997	2.72733484463507958	2.43056143948240111
271642475.315465867519	1733415.731986121507	1454151.323862311896	2910109.840649261139	0.53214423597663618	2.72734655305087115	2.43055768999477806
271642475.334978401661	1733381.223036165582	1454111.625946999062	2910150.603225964122	0.53212896598938908	2.72735826150636296	2.43055394073916098
271642475.354490876198	1733346.713510378730	1454071.927779680118	2910191.364726591390	0.53211371051845191	2.72736995385942382	2.43055017779545102
271642475.374003410339	1733312.203229230363	1454032.229110673536	2910232.125421298202	0.53209864009330943	2.72738143849652825	2.43054623475372455
271642475.393515884876	1733277.692363210022	1453992.530201273737	2910272.885014635045	0.53208356978166549	2.72739292317195803	2.43054229193130933
271642475.413028419018	1733243.180726998253	1453952.830797479255	2910313.643805080559	0.53206849958213587	2.72740440788386485	2.43053834932477564
271642475.432540893555	1733208.668549102033	1453913.131126936991	2910354.401526746340	0.53205342959136281	2.72741589256821371	2.43053440696958534
271642475.452053368092	1733174.155689779203	1453873.431102891220	2910395.158289546147	0.53203835961880053	2.72742737735675522	2.43053046480165280
271642475.471565902233	1733139.642047418049	1453833.730581282405	2910435.914233188611	0.53202327378963066	2.72743921086819840	2.43052632229342791
271642475.491078376770	1733105.127863367554	1453794.029792932095	2910476.669108052738	0.53200818602777300	2.72745109124415563	2.43052215307394981
271642475.510590910912	1733070.612889943179	1453754.328524961136	2910517.423160728998	0.53199309828935348	2.72746297172816421	2.43051798404547226
271642475.530103385448	1733036.097353860503	1453714.627011508448	2910558.176134244539	0.53197801067112138	2.72747485225377151	2.43051381524484356
271642475.549615919590	1733001.581040618010	1453674.924992037704	2910598.928285629954	0.53196292317582783	2.72748673282466303	2.43050964667890712
271642475.569128394127	1732967.064173463266	1453635.222732235212	2910639.679368180688	0.53194783884220875	2.72749771114136630	2.43050469436001126
271642475.588640868664	1732932.546651568729	1453595.520081924973	2910680.429508245084	0.53193275520147010	2.72750848598187634	2.43049956530355793
271642475.608153402805	1732898.028325808235	1453555.816962622572	2910721.178809801582	0.53191767168040194	2.72751926087769148	2.43049443645889651
271642475.627665877342	1732863.509448215133	1453516.113579747034	2910761.927048576064	0.53190258837297222	2.72753003576542019	2.43048930786188677
271642475.647178411484	1732828.989800902549	1453476.409713131143	2910802.674456140492	0.53188750509122951	2.72754081077183530	2.43048417944079898
271642475.666690886021	1732794.469626216218	1453436.705561889568	2910843.420820214786	0.53187246855790038	2.72755220867732273	2.43047970325973584
271642475.686203420162	1732759.948618948227	1453397.000957402168	2910884.166329516098	0.53185745939044793	2.72756397060574596	2.43047560833388365
271642475.705715894699	1732725.427068779245	1453357.296090536518	2910924.910775976256	0.53184245043554279	2.72757573250693364	2.43047151366523062
271642475.725228369236	1732690.904882144183	1453317.590837342432	2910965.654287249781	0.53182744150338657	2.72758749451602966	2.43046741918783171
271642475.744740903378	1732656.381893267389	1453277.885101379594	2911006.396960074082	0.53181243269024758	2.72759925656730395	2.43046332493808181
271642475.764253377914	1732621.858336869162	1453238.179116815329	2911047.138559733052	0.53179774234640931	2.72761094984841801	2.43045921492170569
271642475.783765912056	1732587.334015687462	1453198.472638893174	2911087.879347531591	0.53178329116722978	2.72762259157957088	2.43045509304493024
271642475.803278386593	1732552.809152193833	1453158.765896437224	2911128.619069519918	0.53176884010179659	2.72763423335000610	2.43045097138279553
271642475.822790920734	1732518.283461836632	1453119.058684994001	2911169.357942732982	0.53175438915148021	2.72764587516156620	2.43044684993872329
271642475.842303395271	1732483.757281003287	1453079.351200598991	2911210.095767700113	0.53173993840500522	2.72765751694371605	2.43044272873899025
271642475.861815869808	1732449.230363219045	1453039.643363685114	2911250.832616295666	0.53172518592625329	2.72766923598872379	2.43043879735129442
271642475.881328403950	1732414.702733364655	1452999.935006088810	2911291.568682593759	0.53170994343122402	2.72768108038910650	2.43043517419032717
271642475.900840878487	1732380.174489295343	1452960.226426066598	2911332.303634224460	0.53169470114511697	2.72769292475369296	2.43043155128262223
271642475.920353412628	1732345.645480274223	1452920.517345414264	2911373.037782964297	0.53167945887666201	2.72770476922048122	2.43042792857142276
271642475.939865887165	1732311.115961282281	1452880.807991994079	2911413.770882104523	0.53166421672355124	2.72771661372323360	2.43042430609024018
271642475.959378421307	1732276.585616169032	1452841.098174734740	2911454.503120527137	0.53164911618456889	2.72772841144880207	2.43042084438453676
271642475.978890895844	1732242.054718598723	1452801.388096109033	2911495.234299139120	0.53163431448753817	2.72774011033693631	2.43041772176709925
271642475.998403370380	1732207.523188782856	1452761.677636507899	2911535.964539536741	0.53161951280105368	2.72775180931842742	2.43041459933817849
271642476.017915904522	1732172.990827239584	1452721.966704797465	2911576.693937156815	0.53160471122011677	2.72776350832792769	2.43041147712822925
271642476.037428379059	1732138.457917481894	1452682.255517047830	2911617.422271937598	0.53158990983559207	2.72777520729455469	2.43040835515742604
271642476.056940913200	1732103.924278698396	1452642.543807440670	2911658.149802212138	0.53157506489275752	2.72778691970404852	2.43040517468354089
271642476.076453387737	1732069.390051558381	1452602.831877812278	2911698.876239972189	0.53155986004990785	2.72779874203454353	2.43040150842812031
271642476.095965921879	1732034.855042511132	1452563.119446380762	2911739.601852633059	0.53154465522640137	2.72781056446949455	2.43039784237164591
271642476.115478396416	1732000.319461666979	1452523.406761068152	2911780.326395157259	0.53152945051694678	2.72782238693911072	2.43039417654104239
271642476.134990870953	1731965.783243280370	1452483.693701100070	2911821.049999467563	0.53151424601624919	2.72783420937359944	2.43039051096323133
271642476.154503405094	1731931.246217765845	1452443.980155271245	2911861.772771325428	0.53149904153487837	2.72784603191253572	2.43038684558435847
271642476.174015879631	1731896.708648873260	1452404.266356577864	2911902.494474343490	0.53148381439946002	2.72785813280627387	2.43038237224352605
271642476.193528413773	1731862.170304918662	1452364.552080523688	2911943.215346151963	0.53146858621057724	2.72787024818028945	2.43037785722625932
271642476.213040888309	1731827.631410565227	1452324.837519886205	2911983.935164204799	0.53145335824683260	2.72788236353337421	2.43037334248373504
271642476.232553422451	1731793.091745991958	1452285.122485052329	2912024.654145047534	0.53143813031437936	2.72789447900314963	2.43036882794144660
271642476.252065896988	1731758.551500678062	1452245.407195163658	2912065.372055811808	0.53142290250806612	2.72790659451803519	2.43036431363150518
271642476.271578371525	1731724.010602726834	1452205.691543429391	2912106.089015007485	0.53140784251691553	2.72791834392679799	2.43036014025551550
271642476.291090905666	1731689.468916366575	1452165.975400550989	2912146.805155048147	0.53139280568970637	2.72793004289539898	2.43035601410916557
271642476.310603380203	1731654.926664674422	1452126.258993182098	2912187.520219008438	0.53137776898133549	2.72794174190670047	2.43035188818979009
271642476.330115914345	1731620.383661326021	1452086.542099037906	2912228.234468025621	0.53136273239041909	2.72795344095885595	2.43034776249396023
271642476.349628388882	1731585.840086321812	1452046.824958327226	2912268.947637936566	0.53134769601063603	2.72796513998282641	2.43034363705140644
271642476.369140863419	1731551.296168135479	1452007.108848064905	2912309.659510222729	0.53133318876212243	2.72797635052113607	2.43033892995037348
271642476.388653397560	1731516.751125001116	1451967.390856340760	2912350.370893199928	0.53131879756464961	2.72798745405031129	2.43033409556766955
271642476.408165872097	1731482.205571855418	1451927.672591903945	2912391.081226578448	0.53130440657591471	2.72799855756663723	2.43032926143347527
271642476.427678406239	1731447.659212750150	1451887.953837316250	2912431.790721561294	0.53129001561367772	2.72800966119721799	2.43032442747280708
271642476.447190880775	1731413.112295872066	1451848.234827718465	2912472.499156730715	0.53127562476492196	2.72802076487296707	2.43031959371287520
271642476.466703414917	1731378.564603905194	1451808.515340795508	2912513.206760693807	0.53126082592723245	2.72803213990595061	2.43031510081582480
271642476.486215889454	1731344.016370606376	1451768.795577803859	2912553.913301871158	0.53124577973657061	2.72804367950136273	2.43031081482539468
271642476.505728363991	1731309.467450506752	1451729.075467741815	2912594.618884185329	0.53123073356720685	2.72805521920431326	2.43030652901891031
271642476.525240898132	1731274.917752102017	1451689.354863425717	2912635.323641344439	0.53121568751700954	2.72806675895226602	2.43030224343736156
271642476.544753372669	1731240.367502393434	1451649.633993473602	2912676.027332751080	0.53120064167833814	2.72807829867531115	2.43029795810802973
271642476.564265906811	1731205.816451780265	1451609.912664322183	2912716.730188561138	0.53118555732159045	2.72808956320609397	2.43029365389784990
271642476.583778381348	1731171.264909052989	1451570.191031567054	2912757.432002241723	0.53117044129606095	2.72810060074080596	2.43028933418071968
271642476.603290915489	1731136.712513734354	1451530.468955335440	2912798.132953790948	0.53115532538398602	2.72811163831935266	2.43028501467694413
271642476.622803390026	1731102.159619983518	1451490.746593424818	2912838.832860182039	0.53114020967952857	2.72812267587673674	2.43028069541743941
271642476.642315864563	1731067.606039259350	1451451.023877177620	2912879.531816676725	0.53112509399296970	2.72813371354110279	2.43027637633693860
271642476.661828398705	1731033.051676131086	1451411.300668661250	2912920.229942074046	0.53110990298105021	2.72814503655707830	2.43027214578006623
271642476.681340873241	1730998.496751284227	1451371.577203186695	2912960.926991337910	0.53109458827501221	2.72815682817286742	2.43026806053497069
271642476.700853407383	1730963.941070500994	1451331.853245666949	2913001.623228685465	0.53107927359156371	2.72816861989740200	2.43026397548575579
271642476.720365881920	1730929.384795213351	1451292.129048895324	2913042.318367688451	0.53106395902608261	2.72818041166107550	2.43025989066190595
271642476.739878416061	1730894.827787836548	1451252.404341195012	2913083.012717041187	0.53104864458131473	2.72819220346756985	2.43025580607026903
271642476.759390890598	1730860.270189004485	1451212.679403899470	2913123.705970964395	0.53103356626654419	2.72820403543685819	2.43025193717489696
271642476.778903365135	1730825.711925347801	1451172.954086695798	2913164.398279431742	0.53101898828286531	2.72821595274320083	2.43024852535679159
271642476.798415899277	1730791.152892882936	1451133.228274298133	2913205.089759718627	0.53100441041019986	2.72822787008302381	2.43024511376318442
271642476.817928373814	1730756.593278168933	1451093.502227984602	2913245.780160898343	0.53098983273391864	2.72823978737858264	2.43024170240573945
271642476.837440907955	1730722.032942079240	1451053.775665446883	2913286.469763457775	0.53097525507638199	2.72825170477614298	2.43023829124398416
271642476.856953382492	1730687.472034132574	1451014.048849120038	2913327.158295879606	0.53096058423092574	2.72826360582030469	2.43023482669602275
271642476.876465916634	1730652.910347408382	1450974.321548038628	2913367.845997148659	0.53094512652100390	2.72827536870276433	2.43023091020952009
271642476.895978391171	1730618.348088989966	1450934.594000459183	2913408.532619311009	0.53092966902511129	2.72828713155467595	2.43022699398083963
271642476.915490865707	1730583.785165732726	1450894.866072983714	2913449.218296019360	0.53091421154935325	2.72829889451304997	2.43022307794964121
271642476.935003399849	1730549.221448007738	1450855.137675723992	2913489.903131193016	0.53089875419273191	2.72831065751214030	2.43021916215122902
271642476.954515874386	1730514.657201770227	1450815.409005612135	2913530.586919848341	0.53088335896569250	2.72832240214285981	2.43021517899399253
271642476.974028408527	1730480.092158008134	1450775.679856065428	2913571.269864057191	0.53086891580671214	2.72833386491751506	2.43021015632399395
271642476.993540883064	1730445.526564767351	1450735.950454928214	2913611.951751366258	0.53085447276874254	2.72834532774194161	2.43020513386609283
271642477.013053417206	1730410.960169916041	1450696.220576325664	2913652.632788284682	0.53084002985315415	2.72835679061797842	2.43020011162371130
271642477.032565891743	1730376.393231889931	1450656.490428224439	2913693.312771332916	0.53082558715274786	2.72836825348171041	2.43019508963890996
271642477.052078366280	1730341.825632827822	1450616.759915014496	2913733.991799903102	0.53081114448190414	2.72837971646095889	2.43019006782755786
271642477.071590900421	1730307.257274575531	1450577.028892875649	2913774.670022607781	0.53079619019121660	2.72839120400989188	2.43018590251175359
271642477.091103374958	1730272.688348260708	1450537.297631742666	2913815.347166153137	0.53078114822097344	2.72840269574176153	2.43018188450277028
271642477.110615909100	1730238.118634531274	1450497.565888060723	2913856.023459248710	0.53076610627243026	2.72841418758257737	2.43017786668738545
271642477.130128383636	1730203.548352262471	1450457.833894745912	2913896.698701502755	0.53075106443379605	2.72842567945720038	2.43017384908097434
271642477.149640917778	1730168.977335882606	1450418.101389384363	2913937.373119900934	0.53073602271331755	2.72843717137667419	2.43016983170408540
271642477.169153392315	1730134.405707775848	1450378.368660760811	2913978.046454864554	0.53072117150567211	2.72844874458382369	2.43016537086747908
271642477.188665866852	1730099.833452592604	1450338.635545017663	2914018.718851617537	0.53070640390513368	2.72846035361963191	2.43016071535473532
271642477.208178400993	1730065.260424308944	1450298.901928827865	2914059.390423213132	0.53069163642863293	2.72847196270670134	2.43015606006957841
271642477.227690875530	1730030.686818430666	1450259.168074636720	2914100.060918673873	0.53067686916407464	2.72848357177101608	2.43015140503469729
271642477.247203409672	1729996.112457590178	1450219.433716858970	2914140.730605246034	0.53066210192875296	2.72849518095139132	2.43014675018757309
271642477.266715884209	1729961.537481241859	1450179.699141151039	2914181.399183094036	0.53064722440629719	2.72850680646145971	2.43014258546576967
271642477.286228418350	1729926.961793878814	1450139.964040616062	2914222.066972701810	0.53063228110434313	2.72851844172927160	2.43013871335547327
271642477.305740892887	1729892.385520726675	1450100.228694808669	2914262.733672880102	0.53061733801139122	2.72853007696913918	2.43013484150002990
271642477.325253367424	1729857.808605687227	1450060.492969171610	2914303.399437872227	0.53060239493570993	2.72854171231099185	2.43013096982935695
271642477.344765901566	1729823.230867277365	1450020.756782263750	2914344.064354030415	0.53058745197453128	2.72855334769170144	2.43012709838191698
271642477.364278376102	1729788.652581750182	1449981.020335138077	2914384.728201407939	0.53057295672605553	2.72856498642332879	2.43012397690104054
271642477.383790910244	1729754.073578433832	1449941.283379357541	2914425.391250106972	0.53055880256081878	2.72857662782517663	2.43012142701755218
271642477.403303384781	1729719.493936906569	1449901.546200118260	2914466.053196196444	0.53054464848457705	2.72858826923889453	2.43011887732672971
271642477.422815918922	1729684.913551115431	1449861.808512012940	2914506.714324424975	0.53053049450420042	2.72859991067368135	2.43011632784569676
271642477.442328393459	1729650.332649514778	1449822.070567067945	2914547.374397058040	0.53051634070522358	2.72861155205716743	2.43011377858770539
271642477.461840867996	1729615.751024711644	1449782.332261371659	2914588.033512609545	0.53050182383630373	2.72862333772543497	2.43011077681075349
271642477.481353402138	1729581.168637061957	1449742.593459405703	2914628.691788040102	0.53048670713236978	2.72863536170609677	2.43010702721703664
271642477.500865876675	1729546.585698868614	1449702.854417521507	2914669.349003543612	0.53047159063751881	2.72864738564956832	2.43010327787592750
271642477.520378410816	1729512.001983460970	1449663.114877190208	2914710.005387953017	0.53045647416477637	2.72865940969973808	2.43009952873597346
271642477.539890885353	1729477.417718103621	1449623.375094776740	2914750.660709464923	0.53044135780555823	2.72867143378189514	2.43009577981775715
271642477.559403419495	1729442.833001332358	1449583.636222354369	2914791.314853649586	0.53042617899068167	2.72868348521381465	2.43009200869115150
271642477.578915894032	1729408.247396962717	1449543.895684664138	2914831.968267930206	0.53041084659796622	2.72869560373486131	2.43008818266643889
271642477.598428368568	1729373.661097806180	1449504.154787230538	2914872.620726431720	0.53039551422634723	2.72870772236110115	2.43008435684067381
271642477.617940902710	1729339.074056391837	1449464.413402228849	2914913.272366960533	0.53038018197543346	2.72871984102644749	2.43008053125203594
271642477.637453377247	1729304.486457552062	1449424.671752898954	2914953.922953675967	0.53036484993933097	2.72873195965745330	2.43007670592499814
271642477.656965911388	1729269.898095249664	1449384.929609493818	2914994.572703240905	0.53034951399137453	2.72874404040688123	2.43007293033555483
271642477.676478385925	1729235.309146403335	1449345.187226942740	2915035.221376725473	0.53033414884234187	2.72875583832820556	2.43006952370923779
271642477.695990920067	1729200.719408281613	1449305.444368427387	2915075.869208677206	0.53031878380736419	2.72876763628445307	2.43006611731597255
271642477.715503394604	1729166.129137343727	1449265.701231822604	2915116.515997138806	0.53030341897937516	2.72877943420229485	2.43006271117424033
271642477.735015869141	1729131.538209988270	1449225.957726072986	2915157.161834091414	0.53028805416561786	2.72879123221917608	2.43005930522993108
271642477.754528403282	1729096.946489703609	1449186.213736882200	2915197.806829565670	0.53027270030934481	2.72880301146684356	2.43005585355076148
271642477.774040877819	1729062.354215803789	1449146.469498143531	2915238.450762202032	0.53025750533805338	2.72881451551073928	2.43005172944947168
271642477.793553411961	1729027.761161844479	1449106.724779116688	2915279.093869623262	0.53024231038686409	2.72882601966188876	2.43004760553697796
271642477.813065886497	1728993.167562356219	1449066.979786141310	2915319.735908324365	0.53022711555179480	2.72883752385428080	2.43004348184643160
271642477.832578420639	1728958.573173579061	1449027.234317230061	2915360.377105486579	0.53021192083558999	2.72884902809159025	2.43003935838468133
271642477.852090895176	1728923.978230584878	1448987.488600944402	2915401.017242781352	0.53019672632876658	2.72886053230044467	2.43003523517116582
271642477.871603369713	1728889.382604093989	1448947.742517480394	2915441.656412358396	0.53018149842597850	2.72887206164362173	2.43003137016745896
271642477.891115903854	1728854.786240122048	1448907.995929543162	2915482.294792282395	0.53016626587511917	2.72888359459016883	2.43002754215003902
271642477.910628378391	1728820.189315092517	1448868.249089917168	2915522.932084133383	0.53015103353360704	2.72889512750759966	2.43002371438552878
271642477.930140912533	1728785.591593292775	1448828.501752116252	2915563.568543530069	0.53013580121305326	2.72890666053379993	2.43001988682151460
271642477.949653387070	1728750.993316416629	1448788.754185840953	2915604.203931062482	0.53012056900008675	2.72891819358970489	2.43001605946535371
271642477.969165921211	1728716.394245989854	1448749.006138324970	2915644.838480086997	0.53010580731080159	2.72892978419351540	2.43001284668277817
271642477.988678395748	1728681.794675832847	1448709.257809616625	2915685.471989893820	0.53009115566458220	2.72894138818416954	2.43000977759697934
271642478.008190870285	1728647.194363424089	1448669.509142265655	2915726.104514357168	0.53007650402588791	2.72895299226478238	2.43000670869247770
271642478.027703404427	1728612.593340042280	1448629.759946285514	2915766.736240202095	0.53006185249428839	2.72896459637792654	2.43000364001311375
271642478.047215878963	1728577.991730093258	1448590.010511196451	2915807.366889968049	0.53004720115286164	2.72897620044410116	2.43000057156160132
271642478.066728413105	1728543.389324537944	1448550.260618101340	2915847.996695171110	0.53003239986679240	2.72898760836213494	2.42999732401851443
271642478.086240887642	1728508.786401095800	1448510.510446976172	2915888.625444889069	0.53001750107227519	2.72899888856749584	2.42999395998692558
271642478.105753421783	1728474.182675593533	1448470.759783990681	2915929.253362154122	0.53000260238402275	2.72901016880627800	2.42999059617259761
271642478.125265896320	1728439.578404947417	1448431.008882137947	2915969.880210524891	0.52998770389074501	2.72902144900647770	2.42998723259032801
271642478.144778370857	1728404.973493966507	1448391.257586778142	2916010.506123767234	0.52997280540676073	2.72903272930105878	2.42998386918995157
271642478.164290904999	1728370.367750609992	1448351.505829067202	2916051.131188233849	0.52995805057997281	2.72904404536047895	2.42998087366930449
271642478.183803379536	1728335.761473244056	1448311.753817756195	2916091.755180833861	0.52994347403488140	2.72905540570900706	2.42997833451053502
271642478.203315913677	1728301.154417820508	1448272.001302990131	2916132.378354278393	0.52992889749321659	2.72906676614407395	2.42997579553887944
271642478.222828388214	1728266.546822092030	1448232.248552525649	2916173.000452828594	0.52991432104172453	2.72907812659318383	2.42997325676409925
271642478.242340922356	1728231.938463398721	1448192.495285805082	2916213.621745577082	0.52989974468451928	2.72908948706185317	2.42997071819647159
271642478.261853396893	1728197.329512121156	1448152.741801278200	2916254.241939867847	0.52988490949473999	2.72910100729559657	2.42996790662971796
271642478.281365871429	1728162.719900553813	1448112.987932914868	2916294.861191674601	0.52986964345663923	2.72911279346977942	2.42996464077058327
271642478.300878405571	1728128.109545046464	1448073.233546375297	2916335.479631622322	0.52985437753151876	2.72912457967849509	2.42996137514562038
271642478.320390880108	1728093.498586413683	1448033.478954608086	2916376.096973115113	0.52983911180621179	2.72913636584113428	2.42995810975874837
271642478.339903414249	1728058.886873725569	1447993.723847806221	2916416.713508744258	0.52982384609604427	2.72914815210419537	2.42995484457470345
271642478.359415888786	1728024.274593480863	1447953.968499993207	2916457.328962240368	0.52980886164904861	2.72915985648858506	2.42995142790799790
271642478.378928363323	1727989.661675508600	1447914.212777795503	2916497.943477525841	0.52979448473738922	2.72917138390854364	2.42994768378207660
271642478.398440897465	1727955.047974472633	1447874.456561854575	2916538.557154300157	0.52978010784760032	2.72918291143595715	2.42994393984863111
271642478.417953372002	1727920.433686846867	1447834.700106839184	2916579.169754998758	0.52976573106108571	2.72919443899180081	2.42994019611450840
271642478.437465906143	1727885.818619696191	1447794.943169454811	2916619.781527513638	0.52975135438196119	2.72920596658158487	2.42993645258998248
271642478.456978380680	1727851.203010017285	1447755.185967859114	2916660.392234218307	0.52973690809936702	2.72921756816357597	2.42993277508101579
271642478.476490914822	1727816.586631343234	1447715.428271328099	2916701.002112740651	0.52972195695049473	2.72922970527457887	2.42992957352718131
271642478.496003389359	1727781.969702655682	1447675.670332814334	2916741.610928368755	0.52970700590830955	2.72924184240944578	2.42992637219198260
271642478.515515863895	1727747.352133599576	1447635.912000844954	2916782.218808864243	0.52969205507008210	2.72925397950196702	2.42992317110978373
271642478.535028398037	1727712.733716613613	1447596.153228822630	2916822.825821235776	0.52967710424674497	2.72926611669190322	2.42991997022555095
271642478.554540872574	1727678.114776860224	1447556.394175674999	2916863.431784119923	0.52966215158807062	2.72927822754458882	2.42991676283453417
271642478.574053406715	1727643.495068100980	1447516.634627608815	2916904.036918819882	0.52964715422732622	2.72928973091286142	2.42991340054097327
271642478.593565881252	1727608.874810516136	1447476.874833234353	2916944.640984685160	0.52963215706460653	2.72930123424135518	2.42991003848468434
271642478.613078415394	1727574.253772792406	1447437.114558685571	2916985.244225334842	0.52961715981821467	2.72931273773176963	2.42990667658701964
271642478.632590889931	1727539.632164263865	1447397.354026228422	2917025.846389909741	0.52960216286739303	2.72932424112006533	2.42990331496196932
271642478.652103364468	1727505.009899833938	1447357.593122579157	2917066.447600003798	0.52958716602251110	2.72933574453825578	2.42989995355253052
271642478.671615898609	1727470.386869439622	1447317.831733678235	2917107.047984830104	0.52957204998294438	2.72934737558848450	2.42989649069724223
271642478.691128373146	1727435.763252860401	1447278.070096296258	2917147.647299574688	0.52955691708162567	2.72935902489565851	2.42989301347573594
271642478.710640907288	1727401.138886605389	1447238.307956522563	2917188.245796463452	0.52954178419540376	2.72937067430338276	2.42988953644905203
271642478.730153381824	1727366.513947504107	1447198.545582070015	2917228.843211216386	0.52952665141579702	2.72938232373923872	2.42988605963610782
271642478.749665915966	1727331.888249906013	1447158.782700150274	2917269.439797789324	0.52951151875103575	2.72939397321425004	2.42988258305746241
271642478.769178390503	1727297.262324301526	1447119.020993912825	2917310.034960325342	0.52949646802450134	2.72940532216571308	2.42987894421741979
271642478.788690865040	1727262.635377125349	1447079.257514568279	2917350.629525251687	0.52948143573479811	2.72941660347887316	2.42987526892654060
271642478.808203399181	1727228.007637499366	1447039.493549778592	2917391.223245727830	0.52946640355555941	2.72942788483014098	2.42987159385606555
271642478.827715873718	1727193.379397483310	1446999.729306058493	2917431.815929957200	0.52945137157768540	2.72943916614934690	2.42986791902611987
271642478.847228407860	1727158.750364414649	1446959.964579065330	2917472.407772708684	0.52943633961523950	2.72945044757130795	2.42986424438615956
271642478.866740882397	1727124.120782504790	1446920.199605797650	2917512.998546621762	0.52942108292794421	2.72946196368680027	2.42986055202006179
271642478.886253416538	1727089.490392763400	1446880.434156508185	2917553.588482086547	0.52940569125860115	2.72947362084053768	2.42985684910167654
271642478.905765891075	1727054.859464705689	1446840.668448384618	2917594.177348710131	0.52939029979998464	2.72948527796294060	2.42985314643915995
271642478.925278365612	1727020.227871031500	1446800.902362792753	2917634.765272853430	0.52937490835764534	2.72949693518790859	2.42984944397134894
271642478.944790899754	1726985.595516208326	1446761.135795146925	2917675.352365728002	0.52935951703154371	2.72950859245216026	2.42984574173567314
271642478.964303374290	1726950.962604637956	1446721.368968425319	2917715.938392851036	0.52934460301352049	2.72952010075887941	2.42984238552044296
271642478.983815908432	1726916.328889893601	1446681.601661583409	2917756.523584492039	0.52933006456852016	2.72953149193216671	2.42983930167491513
271642479.003328382969	1726881.694606530713	1446641.834125408670	2917797.107690974139	0.52931552621998490	2.72954288312697901	2.42983621802876515
271642479.022840917110	1726847.059583390597	1446602.066076492192	2917837.690982568543	0.52930098797477276	2.72955427435249698	2.42983313459912287
271642479.042353391647	1726812.423978884937	1446562.297782286303	2917878.273198084440	0.52928644991802098	2.72956566553420688	2.42983005139564678
271642479.061865866184	1726777.787737611681	1446522.529102178756	2917918.854478415567	0.52927172723470051	2.72957712568719746	2.42982681372923448
271642479.081378400326	1726743.150701649254	1446482.759952604072	2917959.434917210601	0.52925667089693684	2.72958871038739792	2.42982329673462205
271642479.100890874863	1726708.513117246330	1446442.990547341993	2918000.014293168671	0.52924161476174403	2.72960029505147883	2.42981977998458420
271642479.120403409004	1726673.874788388843	1446403.220633470453	2918040.592851265334	0.52922655864289014	2.72961187981796494	2.42981626343050694
271642479.139915883541	1726639.235853130231	1446363.450497527840	2918081.170316964388	0.52921150262868055	2.72962346461116212	2.42981274708469996
271642479.159428417683	1726604.596172219375	1446323.679857312934	2918121.746970746201	0.52919640385614208	2.72963506889765473	2.42980903618244559
271642479.178940892220	1726569.955919444561	1446283.908970862860	2918162.322545421310	0.52918113073064976	2.72964675238643872	2.42980453238828975
271642479.198453366756	1726535.314963107929	1446244.137727071298	2918202.897145024501	0.52916585763270518	2.72965843599112246	2.42980002879007628
271642479.217965900898	1726500.673279446550	1446204.365983121563	2918243.470940010156	0.52915058465742826	2.72967011964275263	2.42979552541985111
271642479.237478375435	1726466.031052180566	1446164.593986658147	2918284.043666156009	0.52913531189993446	2.72968180327237286	2.42979102230965216
271642479.256990909576	1726431.388045127271	1446124.821500669699	2918324.615573090501	0.52912005436383325	2.72969349358283475	2.42978663861371391
271642479.276503384113	1726396.744413512060	1446085.048795788782	2918365.186371355783	0.52910490857532411	2.72970523216327532	2.42978313107343968
271642479.296015918255	1726362.100090114865	1446045.275554992259	2918405.756381324492	0.52908976290146548	2.72971697078149722	2.42977962376591838
271642479.315528392792	1726327.455184737686	1446005.502071101451	2918446.325318187941	0.52907461743110629	2.72972870936086531	2.42977611670339799
271642479.335040867329	1726292.809579021297	1445965.728246811312	2918486.893273922149	0.52905947197555303	2.72974044803995008	2.42977260983395382
271642479.354553401470	1726258.163242731011	1445925.953905459028	2918527.460431093816	0.52904435953011930	2.72975217833713613	2.42976913650932724
271642479.374065876007	1726223.516324304976	1445886.179333864711	2918568.026489809155	0.52902973708651091	2.72976378329416436	2.42976615949477770
271642479.393578410149	1726188.868640170200	1445846.404271552339	2918608.591739635915	0.52901511464916684	2.72977538833984479	2.42976318266115010
271642479.413090884686	1726154.220385167282	1445806.628951431718	2918649.155913383700	0.52900049231197510	2.72978699340937636	2.42976020603801723
271642479.432603418827	1726119.571388909128	1445766.853139663115	2918689.719263221137	0.52898587007630082	2.72979859850459272	2.42975722962880303
271642479.452115893364	1726084.921788260108	1445727.077082662145	2918730.281526709441	0.52897124803191353	2.72981020355518078	2.42975425345279028
271642479.471628367901	1726050.271562766749	1445687.300650672056	2918770.842857870739	0.52895642146360489	2.72982193645397375	2.42975097398073103
271642479.491140902042	1726015.620538478019	1445647.523751221132	2918811.403341555968	0.52894156499401257	2.72983368812501759	2.42974765020096672
271642479.510653376579	1725980.968952561030	1445607.746589604067	2918851.962765485048	0.52892670872245739	2.72984543975395777	2.42974432666048301
271642479.530165910721	1725946.316635300172	1445567.968925963156	2918892.521368473303	0.52891185246789441	2.72985719148503270	2.42974100331988163
271642479.549678385258	1725911.663703719387	1445528.191027489724	2918933.078882143367	0.52889699631603770	2.72986894323969365	2.42973768018686131
271642479.569190919399	1725877.010040191934	1445488.412629166851	2918973.635577843525	0.52888235547929208	2.72988103183227881	2.42973490864828889
271642479.588703393936	1725842.355794070289	1445448.633989948547	2919014.191203407012	0.52886777161980136	2.72989320924454537	2.42973228283588893
271642479.608215868473	1725807.700916572707	1445408.854965883074	2919054.745884816628	0.52885318776836598	2.72990538674587935	2.42972965721754042
271642479.627728402615	1725773.045216069091	1445369.075478721177	2919095.299714420922	0.52883860401863680	2.72991756426797805	2.42972703182066896
271642479.647240877151	1725738.389000603696	1445329.295723368414	2919135.852491456084	0.52882402046151800	2.72992974173887060	2.42972440666584388
271642479.666753411293	1725703.731971975183	1445289.515498384368	2919176.404430039693	0.52880907893976037	2.72994186022127572	2.42972129484820920
271642479.686265885830	1725669.074404965388	1445249.735014658654	2919216.955299786758	0.52879392023252247	2.72995394287216175	2.42971788772730113
271642479.705778419971	1725634.416083929595	1445209.954023364000	2919257.505354703404	0.52877876163913085	2.72996602555574031	2.42971448083814590
271642479.725290894508	1725599.757175471867	1445170.172808145639	2919298.054311164189	0.52876360325263061	2.72997810819878284	2.42971107420265975
271642479.744803369045	1725565.097653416684	1445130.391190411756	2919338.602357672993	0.52874844488417061	2.72999019094406448	2.42970766777014413
271642479.764315903187	1725530.437300213613	1445090.609113483690	2919379.149540496524	0.52873320149800040	2.73000209635743474	2.42970444891047821
271642479.783828377724	1725495.776406831807	1445050.826784326928	2919419.695663395803	0.52871789270795899	2.73001386503938281	2.42970137468983038
271642479.803340911865	1725461.114740242716	1445011.043962377589	2919460.240952169988	0.52870258392896252	2.73002563381712138	2.42969830066895875
271642479.822853386402	1725426.452524563065	1444971.260886991862	2919500.785181076732	0.52868727525497539	2.73003740261933947	2.42969522686774919
271642479.842365920544	1725391.789521164959	1444931.477329475107	2919541.328559536021	0.52867196669010541	2.73004917145153758	2.42969215329647747
271642479.861878395081	1725357.125953910640	1444891.693525759270	2919581.870881154668	0.52865658766736168	2.73006087829155097	2.42968893614344106
271642479.881390869617	1725322.461735306308	1444851.909346901346	2919622.412251264323	0.52864108993717585	2.73007248114762913	2.42968547753506536
271642479.900903403759	1725287.796747546410	1444812.124673321610	2919662.952793191187	0.52862559232022388	2.73008408403964475	2.42968201915799842
271642479.920415878296	1725253.131205620011	1444772.339759858325	2919703.492266281508	0.52861009490750854	2.73009568689179449	2.42967856102418578
271642479.939928412437	1725218.464872125536	1444732.554349524202	2919744.030897951219	0.52859459751152205	2.73010728984833451	2.42967510309601398
271642479.959440886974	1725183.798315332737	1444692.770110856509	2919784.568108552601	0.52857914725896737	2.73011878693095156	2.42967131126218439
271642479.978953421116	1725149.130661560688	1444652.983975588111	2919825.104846116155	0.52856380270564385	2.73013004633659628	2.42966676964188455
271642479.998465895653	1725114.462431617547	1444613.197588861454	2919865.640507601202	0.52854845836682784	2.73014130572359237	2.42966222827497402
271642480.017978370190	1725079.793578572338	1444573.410820721649	2919906.175227844156	0.52853311405139847	2.73015256522465988	2.42965768709689245
271642480.037490904331	1725045.123903832864	1444533.623572354438	2919946.709115692880	0.52851776985353638	2.73016382477160047	2.42965314613648875
271642480.057003378868	1725010.453698582714	1444493.836078101071	2919987.241931618657	0.52850245141897023	2.73017511485738273	2.42964871060385557
271642480.076515913010	1724975.782719500596	1444454.048093259102	2920027.773916393984	0.52848736099730154	2.73018667773935420	2.42964521384555088
271642480.096028387547	1724941.111167890485	1444414.259864457650	2920068.304825032130	0.52847227068262503	2.73019824065150063	2.42964171730225020
271642480.115540921688	1724906.438858559821	1444374.471120658098	2920108.834918898530	0.52845718047767587	2.73020980359748711	2.42963822098080540
271642480.135053396225	1724871.765993094305	1444334.682156353258	2920149.363927490078	0.52844209047508084	2.73022136650725900	2.42963472490367538
271642480.154565870762	1724837.092429990182	1444294.892813541926	2920189.891983387992	0.52842700048545632	2.73023292951541352	2.42963122901564565
271642480.174078404903	1724802.418128011981	1444255.102991014486	2920230.419221255928	0.52841202145328126	2.73024402721405446	2.42962791439168724
271642480.193590879440	1724767.743252047105	1444215.312901118072	2920270.945380134508	0.52839704933098108	2.73025509669281075	2.42962461096899629
271642480.213103413582	1724733.067604284501	1444175.522341907257	2920311.470707745291	0.52838207721503760	2.73026616626396068	2.42962130772531504
271642480.232615888119	1724698.391423704801	1444135.731512153987	2920351.994982897304	0.52836710519735819	2.73027723586046589	2.42961800468192779
271642480.252128422260	1724663.714434808819	1444095.940212161513	2920392.518403221387	0.52835213328479069	2.73028830549149504	2.42961470185597239
271642480.271640896797	1724629.036897982704	1444056.148654455319	2920433.040757734794	0.52833717616527487	2.73029972412025490	2.42961118480313898
271642480.291153371334	1724594.358694006223	1444016.356740481686	2920473.562160738744	0.52832222122618644	2.73031119474266193	2.42960763603976293
271642480.310665905476	1724559.679744245950	1443976.564322406892	2920514.082751827314	0.52830726639721259	2.73032266540121205	2.42960408749844081
271642480.330178380013	1724525.000218886882	1443936.771650743438	2920554.602263868321	0.52829231176878322	2.73033413602458097	2.42960053919852603
271642480.349690914154	1724490.319922721712	1443896.978498190409	2920595.120947666932	0.52827735715454027	2.73034560674807025	2.42959699108758764
271642480.369203388691	1724455.639044939540	1443857.185113348300	2920635.638530042022	0.52826285135847506	2.73035674426185748	2.42959329502148380
271642480.388715863228	1724420.957514728885	1443817.391344910953	2920676.155192196369	0.52824844856774744	2.73036780538901258	2.42958956523557612
271642480.408228397369	1724386.275210245047	1443777.597095361911	2920716.671017200686	0.52823404578865540	2.73037886661330198	2.42958583562053265
271642480.427740871906	1724351.592362475581	1443737.802584007615	2920757.185779365711	0.52821964311236869	2.73038992787140389	2.42958210620709858
271642480.447253406048	1724316.908721070271	1443698.007599049946	2920797.699694054667	0.52820524054025153	2.73040098916514973	2.42957837699869872
271642480.466765880585	1724282.224536973750	1443658.212350128219	2920838.212542932481	0.52819030441433501	2.73041252614849483	2.42957484574544491
271642480.486278414726	1724247.539595565991	1443618.416621268261	2920878.724576868117	0.52817504300228446	2.73042435316100995	2.42957143518456675
271642480.505790889263	1724212.854067087639	1443578.620659152744	2920919.235518345144	0.52815978170085343	2.73043618020463308	2.42956802484875123
271642480.525303363800	1724178.167898654938	1443538.824301668676	2920959.745521723293	0.52814452060645367	2.73044800721136127	2.42956461476678998
271642480.544815897942	1724143.480930537917	1443499.027471776586	2921000.254689564928	0.52812925952761169	2.73045983431902117	2.42956120488451610
271642480.564328372478	1724108.793419721769	1443459.230377932778	2921040.762791595422	0.52811431300417588	2.73047165348471710	2.42955804216618576
271642480.583840906620	1724074.105157431914	1443419.432795722038	2921081.270075714216	0.52809963464801646	2.73048346587871871	2.42955509017973226
271642480.603353381157	1724039.416328618303	1443379.634968429804	2921121.776271757204	0.52808495648507314	2.73049527822656968	2.42955213843045570
271642480.622865915298	1724004.726676098071	1443339.836680353619	2921162.281618967652	0.52807027833236653	2.73050709066775177	2.42954918687321619
271642480.642378389835	1723970.036518397043	1443300.038117654854	2921202.785926959943	0.52805560027863718	2.73051890312885304	2.42954623552372295
271642480.661890864372	1723935.345661648083	1443260.239193711197	2921243.289262850769	0.52804076154872126	2.73053079166687374	2.42954315027211987
271642480.681403398514	1723900.654081681045	1443220.439775130711	2921283.791791094467	0.52802565136446900	2.73054280874644739	2.42953983884363156
271642480.700915873051	1723865.961898422567	1443180.640107126441	2921324.293227053247	0.52801054128911717	2.73055482585358389	2.42953652763762129
271642480.720428407192	1723831.268947374308	1443140.839967939770	2921364.793837684207	0.52799543132539961	2.73056684299194430	2.42953321666093869
271642480.739940881729	1723796.575454806676	1443101.039560486330	2921405.293376564048	0.52798032156743346	2.73057886009053252	2.42952990593834084
271642480.759453415871	1723761.881176639814	1443061.238679419504	2921445.792090233881	0.52796540661585478	2.73059084798882035	2.42952676965997760
271642480.778965890408	1723727.186384615954	1443021.437525966438	2921486.289745391347	0.52795092739774763	2.73060277039148991	2.42952402328749395
271642480.798478364944	1723692.490859018639	1442981.636035443051	2921526.786415150389	0.52793644837029197	2.73061469274604196	2.42952127715249722
271642480.817990899086	1723657.794605746632	1442941.834037721856	2921567.282289259136	0.52792196935157376	2.73062661519146932	2.42951853120893224
271642480.837503373623	1723623.097772014560	1442902.031803436810	2921607.777056002058	0.52790749043185725	2.73063853765735409	2.42951578547810909
271642480.857015907764	1723588.400201703655	1442862.229060745332	2921648.271027149167	0.52789295649632439	2.73065045782045290	2.42951297982118053
271642480.876528382301	1723553.702034198213	1442822.426087959670	2921688.763911839575	0.52787800715212674	2.73066236041920574	2.42950972091577988
271642480.896040916443	1723519.003092970932	1442782.622631965671	2921729.255956405774	0.52786305782110299	2.73067426311477490	2.42950646220387378
271642480.915553390980	1723484.303613068070	1442742.818910118891	2921769.746941104997	0.52784810859912668	2.73068616584052881	2.42950320371676209
271642480.935065865517	1723449.603471215116	1442703.014825813239	2921810.236974296160	0.52783315957796484	2.73069806852433583	2.42949994547545156
271642480.954578399658	1723414.902554844040	1442663.210253217490	2921850.726179302670	0.52781824461329174	2.73070997084147216	2.42949671868172157
271642480.974090874195	1723380.201070127543	1442623.405442080460	2921891.214305148926	0.52780387127756612	2.73072186577875220	2.42949398922505999
271642480.993603408337	1723345.498807237251	1442583.600135171786	2921931.701602868736	0.52778949804118369	2.73073376073795737	2.42949125998255377
271642481.013115882874	1723310.796004858799	1442543.794581271941	2921972.187828724738	0.52777512499239077	2.73074565564700489	2.42948853097197670
271642481.032628417015	1723276.092419455061	1442503.988528451882	2922012.673232452478	0.52776075195193783	2.73075755064638637	2.42948580215091292
271642481.052140891552	1723241.388250186574	1442464.182259351248	2922053.157537668943	0.52774637900807164	2.73076944566402124	2.42948307353713666
271642481.071653366089	1723206.683467981871	1442424.375592998695	2922093.640920993872	0.52773147178573732	2.73078101513087912	2.42947961849539773
271642481.091165900230	1723171.977888229303	1442384.568438393995	2922134.123465869576	0.52771647069596916	2.73079252752283486	2.42947603600348483
271642481.110678374767	1723137.271763734287	1442344.761043078033	2922174.604938880075	0.52770146971174414	2.73080403994417908	2.42947245372135789
271642481.130190908909	1723102.564856203971	1442304.953148857690	2922215.085589762777	0.52768646883716430	2.73081555240040386	2.42946887165929937
271642481.149703383446	1723067.857716341736	1442265.146438049618	2922255.564794288948	0.52767146816431065	2.73082706482176407	2.42946528984029353
271642481.169215917587	1723033.149465514114	1442225.337826468982	2922296.043531829957	0.52765586332971504	2.73083871040304782	2.42946120305814217
271642481.188728392124	1722998.440681431210	1442185.528950063512	2922336.521200533025	0.52763999253747063	2.73085041463029254	2.42945689404267418
271642481.208240866661	1722963.731205920689	1442145.719721854664	2922376.997913399711	0.52762412196745689	2.73086211883424301	2.42945258529338348
271642481.227753400803	1722929.020985316951	1442105.909994767047	2922417.473802413791	0.52760825132198841	2.73087382322031225	2.42944827671426378
271642481.247265875340	1722894.310192102101	1442066.100023856154	2922457.948615290225	0.52759238099887584	2.73088552751582592	2.42944396843559485
271642481.266778409481	1722859.598623933503	1442026.289574115071	2922498.422593988944	0.52757668660074053	2.73089724184737292	2.42944003126025532
271642481.286290884018	1722824.886497295229	1441986.478875507135	2922538.895496493671	0.52756110552229218	2.73090896260461591	2.42943633301336481
271642481.305803418159	1722790.173636421096	1441946.667659879895	2922579.367591524962	0.52754552455854942	2.73092068339783367	2.42943263499524420
271642481.325315892696	1722755.460181972012	1441906.856221702648	2922619.838600039016	0.52752994380650620	2.73093240415783622	2.42942893723301490
271642481.344828367233	1722720.746067730943	1441867.044405192137	2922660.308654130902	0.52751436307078858	2.73094412502115835	2.42942523966899282
271642481.364340901375	1722686.031148475595	1441827.232122662710	2922700.777872684877	0.52749916323655244	2.73095551481853294	2.42942109208172052
271642481.383853375912	1722651.315728456713	1441787.419574356172	2922741.246029644273	0.52748426226462541	2.73096664491355900	2.42941659161569978
271642481.403365910053	1722616.599522319622	1441747.606517533306	2922781.713361560833	0.52746936131448896	2.73097777511998485	2.42941209133029279
271642481.422878384590	1722581.882716956316	1441707.793253855081	2922822.179600963369	0.52745446047487832	2.73098890536673888	2.42940759124724526
271642481.442390918732	1722547.165175372502	1441667.979492547689	2922862.645016454626	0.52743955975263113	2.73100003566297422	2.42940309138369370
271642481.461903393269	1722512.447106532753	1441628.165445145918	2922903.109385485761	0.52742474136827378	2.73101146969636854	2.42939903754918429
271642481.481415867805	1722477.728302067146	1441588.351083935238	2922943.572763065342	0.52741006807758284	2.73102344040822098	2.42939577136317908
271642481.500928401947	1722443.008801302407	1441548.536181826377	2922984.035355377477	0.52739539489776011	2.73103541115352844	2.42939250540619867
271642481.520440876484	1722408.288683134830	1441508.721076052636	2923024.496838906780	0.52738072191477769	2.73104738185425200	2.42938923968901133
271642481.539953410625	1722373.567834360525	1441468.905460779322	2923064.957514905371	0.52736604894572459	2.73105935265181232	2.42938597416264024
271642481.559465885162	1722338.846376012545	1441429.089610239258	2923105.417085207533	0.52735144324655980	2.73107125110347493	2.42938296173811707
271642481.578978419304	1722304.124213524628	1441389.273250418250	2923145.875867155846	0.52733700522610771	2.73108296898431657	2.42938058050627870
271642481.598490893841	1722269.401435220614	1441349.456673185574	2923186.333540382329	0.52732256738829664	2.73109468681139367	2.42937819950041645
271642481.618003368378	1722234.677995309001	1441309.639724161476	2923226.790268096142	0.52730812955172102	2.73110640472120503	2.42937581867893337
271642481.637515902519	1722199.953828433063	1441269.822273134254	2923267.246188223362	0.52729369180775931	2.73111812264641385	2.42937343806433903
271642481.657028377056	1722165.229075390380	1441230.004577411804	2923307.701018919237	0.52727918122874495	2.73112988350587882	2.42937094093467110
271642481.676540911198	1722130.503543704050	1441190.186395434197	2923348.155015489552	0.52726410449276262	2.73114197773887524	2.42936753878777090
271642481.696053385735	1722095.777490451466	1441150.367956109811	2923388.607965433970	0.52724902786716088	2.73115407200067617	2.42936413686461883
271642481.715565919876	1722061.050611123908	1441110.549051593756	2923429.060051690787	0.52723395135330220	2.73116616629310638	2.42936073516863793
271642481.735078394413	1722026.323197896592	1441070.729884485481	2923469.511072081048	0.52721887504783282	2.73117826054835611	2.42935733373199669
271642481.754590868950	1721991.595141818281	1441030.910340251867	2923509.961160257459	0.52720385544978798	2.73119033848788773	2.42935397441230805
271642481.774103403091	1721956.866291371407	1440991.090324776014	2923550.410403928719	0.52718975074337404	2.73120215159521385	2.42935129176417153
271642481.793615877628	1721922.136916895397	1440951.270040149568	2923590.858595084399	0.52717564622010871	2.73121396465190358	2.42934860934234287
271642481.813128411770	1721887.406753885094	1440911.449275852181	2923631.305938766338	0.52716154170539431	2.73122577779928610	2.42934592710840480
271642481.832640886307	1721852.676007736474	1440871.628280327655	2923671.752206311561	0.52714743728173374	2.73123759096028662	2.42934324506955868
271642481.852153420448	1721817.944477695273	1440831.806801044848	2923712.197629353032	0.52713333295732845	2.73124940414588346	2.42934056324637559
271642481.871665894985	1721783.212422624929	1440791.985064200358	2923752.641996852122	0.52711857342229518	2.73126140029795650	2.42933735927566596
271642481.891178369522	1721748.479701278033	1440752.162959690439	2923793.085415871348	0.52710371409343093	2.73127342441626064	2.42933407594581974
271642481.910690903664	1721713.746191783343	1440712.340366116492	2923833.527993409894	0.52708885487707802	2.73128544856859401	2.42933079284855591
271642481.930203378201	1721679.012181268306	1440672.517503372161	2923873.969528705347	0.52707399586034720	2.73129747267659484	2.42932750999474711
271642481.949715912342	1721644.277348104864	1440632.694175703917	2923914.410209227353	0.52705913685942241	2.73130949688416891	2.42932422733863573
271642481.969228386879	1721609.541947123827	1440592.870607449207	2923954.849807614461	0.52704439363718425	2.73132159628601556	2.42932080128162431
271642481.988740921021	1721574.805770522216	1440553.046562631615	2923995.288574794307	0.52702967805701872	2.73133371360945887	2.42931734126361976
271642482.008253395557	1721540.069080357207	1440513.222236162052	2924035.726289457642	0.52701496268191583	2.73134583089569860	2.42931388150094296
271642482.027765870094	1721505.331703544129	1440473.397561141057	2924076.163042290136	0.52700024732297646	2.73135794828063405	2.42931042192853308
271642482.047278404236	1721470.593552694656	1440433.572395821800	2924116.598963968921	0.52698553207600884	2.73137006569813989	2.42930696258234313
271642482.066790878773	1721435.854829173535	1440393.746986772399	2924157.033809512388	0.52697065700682888	2.73138186805891570	2.42930342468267479
271642482.086303412914	1721401.115369361360	1440353.921080190223	2924197.467831144575	0.52695566505823699	2.73139344040608911	2.42929982941445743
271642482.105815887451	1721366.375326395500	1440314.094942406984	2924237.900776643306	0.52694067321433025	2.73140501278099279	2.42929623435351605
271642482.125328421593	1721331.634520461783	1440274.268299645046	2924278.332888015546	0.52692568148330832	2.73141658519460018	2.42929263952041952
271642482.144840896130	1721296.893159035360	1440234.441421558149	2924318.763936493080	0.52691068995172508	2.73142815756947988	2.42928904492451592
271642482.164353370667	1721262.151117778150	1440194.614174927818	2924359.194023195188	0.52689541260344708	2.73144023094743060	2.42928582599849108
271642482.183865904808	1721227.408339621499	1440154.786432952387	2924399.623288954142	0.52687977531765862	2.73145293531989974	2.42928308029080275
271642482.203378379345	1721192.664976240369	1440114.958438547095	2924440.051478694193	0.52686413823971501	2.73146563963733158	2.42928033484381700
271642482.222890913486	1721157.920850357506	1440075.129974161740	2924480.478834139649	0.52684850117629356	2.73147834405194212	2.42927758961833851
271642482.242403388023	1721123.176172150299	1440035.301246965071	2924520.905126802158	0.52683286422336106	2.73149104848670321	2.42927484463224408
271642482.261915922165	1721088.430694882758	1439995.472052693367	2924561.330571989529	0.52681737639678250	2.73150341687621356	2.42927179473852295
271642482.281428396702	1721053.684688511537	1439955.642599049956	2924601.754945312627	0.52680214610128839	2.73151520490101118	2.42926821816761995
271642482.300940871239	1721018.938010389451	1439915.812776812818	2924642.178379122168	0.52678691582002335	2.73152699302519819	2.42926464178803458
271642482.320453405380	1720984.190563046373	1439875.982467463240	2924682.600975782610	0.52677168565193755	2.73153878118466276	2.42926106563643796
271642482.339965879917	1720949.442551511806	1439836.151925054379	2924723.022490252275	0.52675645569051310	2.73155056930797091	2.42925748973577793
271642482.359478414059	1720914.694112516008	1439796.322281642817	2924763.442840691190	0.52674152696590415	2.73156251159861219	2.42925436143306195
271642482.378990888596	1720879.944772993680	1439756.490999932401	2924803.862461170182	0.52672727230234795	2.73157479861242258	2.42925223437045235
271642482.398503422737	1720845.194664635928	1439716.659221713198	2924844.281250494532	0.52671301773415458	2.73158708564166686	2.42925010752720061
271642482.418015897274	1720810.443996328162	1439676.827215758385	2924884.698954604566	0.52669876334747645	2.73159937261003805	2.42924798091397287
271642482.437528371811	1720775.692662689136	1439636.994830629090	2924925.115713259205	0.52668450896315422	2.73161165966099784	2.42924585449227726
271642482.457040905952	1720740.940559610026	1439597.161951165646	2924965.531643731054	0.52667016802111011	2.73162390450825754	2.42924357623714382
271642482.476553380489	1720706.187903202139	1439557.328820499359	2925005.946508395020	0.52665515389928119	2.73163582122432080	2.42924011663201922
271642482.496065914631	1720671.434475374175	1439517.495218661614	2925046.360538822133	0.52664013979292124	2.73164773804027483	2.42923665722113125
271642482.515578389168	1720636.680504688760	1439477.661353107775	2925086.773503437638	0.52662512579692722	2.73165965488755980	2.42923319803357618
271642482.535090863705	1720601.925853148103	1439437.827130640158	2925127.185503251385	0.52661011200619168	2.73167157169761543	2.42922973909844853
271642482.554603397846	1720567.170432158047	1439397.992413854692	2925167.596674882807	0.52659510857855629	2.73168345689741043	2.42922626335910685
271642482.574115872383	1720532.414462080924	1439358.157451195177	2925208.006777675357	0.52658038741210600	2.73169447713952795	2.42922232401042448
271642482.593628406525	1720497.657697550021	1439318.322017414728	2925248.416035963688	0.52656566635312885	2.73170549742093538	2.42921838487088415
271642482.613140881062	1720462.900427705608	1439278.486309217988	2925288.824255033862	0.52655094549063053	2.73171651767306267	2.42921444596222491
271642482.632653415203	1720428.142350850161	1439238.650117422221	2925329.231619330589	0.52653622464658412	2.73172753803303880	2.42921050724095844
271642482.652165889740	1720393.383718679659	1439198.813697599340	2925369.637911763042	0.52652150390316299	2.73173855842315394	2.42920656871167884
271642482.671678364277	1720358.624406629940	1439158.976909303805	2925410.043242420070	0.52650669936885208	2.73175072013398523	2.42920312069635491
271642482.691190898418	1720323.864347543800	1439119.139628843172	2925450.447758130264	0.52649188193423813	2.73176305750914716	2.42919974829558827
271642482.710703372955	1720289.103692921344	1439079.302112003556	2925490.851178472396	0.52647706461020105	2.73177539491220056	2.42919637611899164
271642482.730215907097	1720254.342297687894	1439039.464092411799	2925531.253777927719	0.52646224740083536	2.73178773234862504	2.42919300417684525
271642482.749728381634	1720219.580376171973	1438999.625819683773	2925571.655327785295	0.52644743039436337	2.73180006973997846	2.42918963248399411
271642482.769240915775	1720184.817627287004	1438959.787086246535	2925612.056019897107	0.52643261733172153	2.73181175092812412	2.42918559738988815
271642482.788753390312	1720150.054340367671	1438919.948092273902	2925652.455640202854	0.52641780530998750	2.73182327720976614	2.42918140584466702
271642482.808265864849	1720115.290371377720	1438880.108745763777	2925692.854301643092	0.52640299349625908	2.73183480346646190	2.42917721455009517
271642482.827778398991	1720080.525681524770	1438840.268879577750	2925733.252158525866	0.52638818170593238	2.73184632983421194	2.42917302344588570
271642482.847290873528	1720045.760390297044	1438800.428785458440	2925773.648923003580	0.52637337002720352	2.73185785623952659	2.42916883255188765
271642482.866803407669	1720010.994351624744	1438760.588208605070	2925814.044866542332	0.52635853816530265	2.73186956049150798	2.42916508066994608
271642482.886315882206	1719976.227765814867	1438720.747362757102	2925854.439747299068	0.52634369380602752	2.73188137596913050	2.42916160360869826
271642482.905828416348	1719941.460380476201	1438680.906055574073	2925894.833764198702	0.52632884946566438	2.73189319155142130	2.42915812674778664
271642482.925340890884	1719906.692456513643	1438641.064493799582	2925935.226722646039	0.52631400522850713	2.73190500715764584	2.42915465009241416
271642482.944853365421	1719871.923851452069	1438601.222567926859	2925975.618725255597	0.52629916119524189	2.73191682272899472	2.42915117368892419
271642482.964365899563	1719837.154499326367	1438561.380149926059	2926016.009912922513	0.52628478480240704	2.73192857221265362	2.42914808394257209
271642482.983878374100	1719802.384546411224	1438521.537501836894	2926056.400005217176	0.52627078954751383	2.73194026778157983	2.42914530930479966
271642483.003390908241	1719767.613890982931	1438481.694334392203	2926096.789289868902	0.52625679439266815	2.73195196337801782	2.42914253488304688
271642483.022903382778	1719732.842604923528	1438441.850956905400	2926137.177468820475	0.52624279941697694	2.73196365892196225	2.42913976067821480
271642483.042415916920	1719698.070586914895	1438402.007074453402	2926177.564846184570	0.52622880444718367	2.73197535455331231	2.42913698665076216
271642483.061928391457	1719663.298035099870	1438362.162936821813	2926217.951148712076	0.52621452809382818	2.73198710127373134	2.42913400740273255
271642483.081440865993	1719628.524745862233	1438322.318454941502	2926258.336465899367	0.52619972156742190	2.73199894417814315	2.42913064133239986
271642483.100953400135	1719593.750742440578	1438282.473470567726	2926298.720981381834	0.52618491505745579	2.73201078718392987	2.42912727545906604
271642483.120465874672	1719558.976191089954	1438242.628236046294	2926339.104422085453	0.52617010865209179	2.73202263021566916	2.42912390979754012
271642483.139978408813	1719524.200835151598	1438202.782533584395	2926379.487024283502	0.52615530235405616	2.73203447327701321	2.42912054435467883
271642483.159490883350	1719489.424941149307	1438162.936570634134	2926419.868554674089	0.52614039160770432	2.73204623108654454	2.42911706774527136
271642483.179003417492	1719454.648277626839	1438123.090113460086	2926460.249256881420	0.52612503448313630	2.73205762551227149	2.42911311608115366
271642483.198515892029	1719419.871044021798	1438083.243431746727	2926500.628879871219	0.52610967746888981	2.73206901997352514	2.42910916463091819
271642483.218028366566	1719385.093150457600	1438043.396371943178	2926541.007548439782	0.52609432066468154	2.73208041440858596	2.42910521343352581
271642483.237540900707	1719350.314472059254	1438003.548827283783	2926581.385394820943	0.52607896387652131	2.73209180894818937	2.42910126242476032
271642483.257053375244	1719315.535268931650	1437963.701035934733	2926621.762157345191	0.52606362902470050	2.73210325135526366	2.42909735934127591
271642483.276565909386	1719280.755290831672	1437923.852749392623	2926662.138100654352	0.52604846513432646	2.73211506823210293	2.42909382994889889
271642483.296078383923	1719245.974739586469	1437884.004228668986	2926702.512961830478	0.52603330144803273	2.73212688506997425	2.42909030080304467
271642483.315590918064	1719211.193418422248	1437844.155223147012	2926742.886988827027	0.52601813777828355	2.73213870201025655	2.42908677185494293
271642483.335103392601	1719176.411524706287	1437804.305981281213	2926783.259930721018	0.52600297421678954	2.73215051897951477	2.42908324312382895
271642483.354615867138	1719141.629017039901	1437764.456337376498	2926823.631962664425	0.52598782509836006	2.73216230209569355	2.42907970657250605
271642483.374128401279	1719106.845702483086	1437724.606217237189	2926864.003130864818	0.52597292893402248	2.73217348438426111	2.42907602669934475
271642483.393640875816	1719072.061837419402	1437684.755872288719	2926904.373221204616	0.52595803286968890	2.73218466669974225	2.42907234702206809
271642483.413153409958	1719037.277217129944	1437644.905015236000	2926944.742508652154	0.52594313691354744	2.73219584905309043	2.42906866756124939
271642483.432665884495	1719002.492010347312	1437605.053930359194	2926985.110691704787	0.52592824115567005	2.73220703137474974	2.42906498833704143
271642483.452178418636	1718967.706065928331	1437565.202352490975	2927025.478056785651	0.52591334541179746	2.73221821379834484	2.42906130929883979
271642483.471690893173	1718932.919512190856	1437525.350533951772	2927065.844332550187	0.52589839500975577	2.73222992753292893	2.42905791553535710
271642483.491203367710	1718898.132356852759	1437485.498338754056	2927106.209683284629	0.52588343630209744	2.73224172376819352	2.42905456630756689
271642483.510715901852	1718863.344394432148	1437445.645663847215	2927146.574189627077	0.52586847760736299	2.73225352010094547	2.42905121727115203
271642483.530228376389	1718828.555848356336	1437405.792763551697	2927186.937603454571	0.52585351902010702	2.73226531646335413	2.42904786845453469
271642483.549740910530	1718793.766937363194	1437365.940748624736	2927227.299861850217	0.52583856054305311	2.73227711285906949	2.42904451986457381
271642483.569253385067	1718758.977096587187	1437326.087096778210	2927267.661391954869	0.52582384847006791	2.73228875278390193	2.42904143351843294
271642483.588765919209	1718724.186457816279	1437286.232973703649	2927308.022068641614	0.52580920400413422	2.73230034985060533	2.42903841929370445
271642483.608278393745	1718689.395303165307	1437246.378585080151	2927348.381695731543	0.52579455963822985	2.73231194694171986	2.42903540527943651
271642483.627790868282	1718654.603467565263	1437206.523839690723	2927388.740358013660	0.52577991546498781	2.73232354399063082	2.42903239150200179
271642483.647303402424	1718619.810887596337	1437166.668584194966	2927429.098199470900	0.52576527130185546	2.73233514113420872	2.42902937791550100
271642483.666815876961	1718585.017709254520	1437126.813110510819	2927469.454951440450	0.52575051176780629	2.73234708511023294	2.42902619856757651
271642483.686328411102	1718550.223808379611	1437086.957131018396	2927509.810898792464	0.52573568043905228	2.73235924507972827	2.42902291609611298
271642483.705840885639	1718515.429292136105	1437047.100932200672	2927550.165734448470	0.52572084931187302	2.73237140500582987	2.42901963387336162
271642483.725353419781	1718480.634078343399	1437007.244204392657	2927590.519781812094	0.52570601820279794	2.73238356503411062	2.42901635185357190
271642483.744865894318	1718445.838267367333	1436967.387254072353	2927630.872733744793	0.52569118720014263	2.73239572508721418	2.42901307005103773
271642483.764378368855	1718411.041774450103	1436927.529958568979	2927671.224717848003	0.52567675236534317	2.73240766596482310	2.42901003400805493
271642483.783890902996	1718376.244556313846	1436887.672138215275	2927711.575900416356	0.52566263377592559	2.73241943194803971	2.42900719425999156
271642483.803403377533	1718341.446750467410	1436847.814094421454	2927751.925984527916	0.52564851546047109	2.73243119781538724	2.42900435476450527
271642483.822915911674	1718306.648149825633	1436807.955572446575	2927792.275233105756	0.52563439715479321	2.73244296377526918	2.42900151545593834
271642483.842428386211	1718271.849049227312	1436768.096777170664	2927832.623433496337	0.52562027894285235	2.73245472975273618	2.42899867634588151
271642483.861940920353	1718237.049152471591	1436728.237524695927	2927872.970789323095	0.52560584423426526	2.73246654125831823	2.42899562689486626
271642483.881453394890	1718202.248689334374	1436688.378018116113	2927913.317063075956	0.52559085890698132	2.73247843189745598	2.42899221137441135
271642483.900965869427	1718167.447540375870	1436648.518151650671	2927953.662378022913	0.52557587359419822	2.73249032263565317	2.42898879604725204
271642483.920478403568	1718132.645678933011	1436608.657776314765	2927994.006882352754	0.52556088839336113	2.73250221340815180	2.42898538094907801
271642483.939990878105	1718097.843216042034	1436568.797173162224	2928034.350294282660	0.52554590339372265	2.73251410413924223	2.42898196609499584
271642483.959503412247	1718063.040007773088	1436528.936071523931	2928074.692882355768	0.52553118967138923	2.73252584937580689	2.42897859457483944
271642483.979015886784	1718028.236229749629	1436489.074736028677	2928115.034397210926	0.52551711031914783	2.73253725420454430	2.42897532412388584
271642483.998528420925	1717993.431702094153	1436449.212896732148	2928155.375091237016	0.52550303106664797	2.73254865906206268	2.42897205387720572
271642484.018040895462	1717958.626586114988	1436409.350836186670	2928195.714689778630	0.52548895200033918	2.73256006387927197	2.42896878385588000
271642484.037553369999	1717923.820837170351	1436369.488395694643	2928236.053350107744	0.52547487294321371	2.73257146878886958	2.42896551400744531
271642484.057065904140	1717889.014293622458	1436329.625484295422	2928276.391165931243	0.52546072883789785	2.73258290364034195	2.42896220283019870
271642484.076578378677	1717854.207198211690	1436289.762308128877	2928316.727916002274	0.52544590614014464	2.73259465012475022	2.42895845914906028
271642484.096090912819	1717819.399369342020	1436249.898644384462	2928357.063845076133	0.52543108346236167	2.73260639671529271	2.42895471566285304
271642484.115603387356	1717784.590934981359	1436210.034754759399	2928397.398675808683	0.52541626089144922	2.73261814333531738	2.42895097238526336
271642484.135115921497	1717749.781778420554	1436170.170349990018	2928437.732707919087	0.52540143843422138	2.73262988999394363	2.42894722933343576
271642484.154628396034	1717714.972033524420	1436130.305723984959	2928478.065644546412	0.52538661618030247	2.73264163661816850	2.42894348652791114
271642484.174140870571	1717680.161605550209	1436090.440720064100	2928518.397616482340	0.52537185300792677	2.73265288427268382	2.42893964403160423
271642484.193653404713	1717645.350433657644	1436050.575241076294	2928558.728767420165	0.52535709403640540	2.73266409737097105	2.42893579482151445
271642484.213165879250	1717610.538689533714	1436010.709516440751	2928599.058839253150	0.52534233526372098	2.73267531043946166	2.42893194584854610
271642484.232678413391	1717575.726194559829	1435970.843292369507	2928639.388096201234	0.52532757650592599	2.73268652361033748	2.42892809705659074
271642484.252190887928	1717540.913140699267	1435930.976836447604	2928679.716261989437	0.52531281785362260	2.73269773681567729	2.42892424847026733
271642484.271703422070	1717506.099307127530	1435891.109889560146	2928720.043605594430	0.52529786526206657	2.73270945502205231	2.42892070904136670
271642484.291215896606	1717471.284934425959	1435851.242693887558	2928760.369874366093	0.52528288230757836	2.73272125272989097	2.42891721852167608
271642484.310728371143	1717436.469880714314	1435811.375141536351	2928800.695178331342	0.52526789936760165	2.73273305053728777	2.42891372819345763
271642484.330240905285	1717401.654047285439	1435771.507098229369	2928841.019660115242	0.52525291653819917	2.73274484837822307	2.42891023808943007
271642484.349753379822	1717366.837679349817	1435731.638802066678	2928881.343070032075	0.52523793391270379	2.73275664618302816	2.42890674823544739
271642484.369265913963	1717332.020535784541	1435691.770036901347	2928921.665639773477	0.52522352903754976	2.73276774831654601	2.42890349201779188
271642484.388778388500	1717297.202825200744	1435651.901019861922	2928961.987130409572	0.52520926392839495	2.73277868227221710	2.42890029243458416
271642484.408290922642	1717262.384358305018	1435612.031502429629	2929002.307815127075	0.52519499891508348	2.73278961625604344	2.42889709304976353
271642484.427803397179	1717227.565333701903	1435572.161748829298	2929042.627402746119	0.52518073408519905	2.73280055020181045	2.42889389388397792
271642484.447315871716	1717192.745656116167	1435532.291625037091	2929082.946044798475	0.52516646926083022	2.73281148423829068	2.42889069488906006
271642484.466828405857	1717157.925145778572	1435492.421047024895	2929123.263829105068	0.52515176497358063	2.73282315689778610	2.42888740058483910
271642484.486340880394	1717123.104168701451	1435452.550175997661	2929163.580584464595	0.52513678368972228	2.73283529530150782	2.42888404630315469
271642484.505853414536	1717088.282378188102	1435412.678839498898	2929203.896482021082	0.52512180242447570	2.73284743380857664	2.42888069222599556
271642484.525365889072	1717053.460033238167	1435372.807263586670	2929244.211310741492	0.52510682126571062	2.73285957233994736	2.42887733836466690
271642484.544878363609	1717018.637021354167	1435332.935326015577	2929284.525174601935	0.52509184031492850	2.73287171083481351	2.42887398476477356
271642484.564390897751	1716983.813250306528	1435293.062885653460	2929324.838220661040	0.52507707621232003	2.73288370318001750	2.42887069819482315
271642484.583903372288	1716948.988909683656	1435253.190218736650	2929365.150184532627	0.52506250170647517	2.73289556773946263	2.42886747024160199
271642484.603415906429	1716914.163808257785	1435213.317059049848	2929405.461320164148	0.52504792730908045	2.73290743233164113	2.42886424251374011
271642484.622928380966	1716879.338136361213	1435173.443647259846	2929445.771367780864	0.52503335310688382	2.73291929688100499	2.42886101502519747
271642484.642440915108	1716844.511715282453	1435133.569766712375	2929486.080594396684	0.52501877891546656	2.73293116152405080	2.42885778772059613
271642484.661953389645	1716809.684742670739	1435093.695612065028	2929526.388761261012	0.52500396900359592	2.73294308373648143	2.42885443910299514
271642484.681465864182	1716774.857097518863	1435053.821111429250	2929566.695957264397	0.52498870691038402	2.73295511629564203	2.42885085760953201
271642484.700978398323	1716740.028677455848	1435013.946123039583	2929607.002325087786	0.52497344483608055	2.73296714895950066	2.42884727631888619
271642484.720490872860	1716705.199694597395	1434974.070888136746	2929647.307610776741	0.52495818287572682	2.73297918165695153	2.42884369525747212
271642484.740003407001	1716670.369958893396	1434934.195177000016	2929687.612075525802	0.52494292102795237	2.73299121438616854	2.42884011442185477
271642484.759515881538	1716635.539935411885	1434894.320650642738	2929727.915076409001	0.52492776713057543	2.73300301450295491	2.42883609665763478
271642484.779028415680	1716600.708886600100	1434854.444191471208	2929768.217641169671	0.52491285957380107	2.73301428301716376	2.42883107958416433
271642484.798540890217	1716565.877245755401	1434814.567503655562	2929808.519110500813	0.52489795213719326	2.73302555158272753	2.42882606272454638
271642484.818053364754	1716531.044972846052	1434774.690424429951	2929848.819644646719	0.52488304491771265	2.73303682013867766	2.42882104612425520
271642484.837565898895	1716496.211926726624	1434734.812888085376	2929889.119344501290	0.52486813772414775	2.73304808881058570	2.42881602969919275
271642484.857078373432	1716461.378314744215	1434694.935095590539	2929929.417959307320	0.52485324972497782	2.73305944048853844	2.42881113960708284
271642484.876590907574	1716426.543936704751	1434655.056816611439	2929969.715745876078	0.52483851896295031	2.73307147555576702	2.42880728864691919
271642484.896103382111	1716391.708956189686	1434615.178321489599	2930010.012437016703	0.52482378840434407	2.73308351058449084	2.42880343793117026
271642484.915615916252	1716356.873288054951	1434575.299294458469	2930050.308333863504	0.52480905787100784	2.73309554572422941	2.42879958741742685
271642484.935128390789	1716322.037022660021	1434535.420045043342	2930090.603135283571	0.52479432744928367	2.73310758089657302	2.42879573712002816
271642484.954640865326	1716287.200039067073	1434495.540444089798	2930130.896961688064	0.52477959563581988	2.73311959245272984	2.42879187267272556
271642484.974153399467	1716252.362355396850	1434455.660343148280	2930171.189977361821	0.52476483345587743	2.73313115560688935	2.42878773451475194
271642484.993665874004	1716217.524119198788	1434415.779979711631	2930211.481930254027	0.52475007138805019	2.73314271879958559	2.42878359656996112
271642485.013178408146	1716182.685082708253	1434375.899161143927	2930251.773032644298	0.52473530943233282	2.73315428203081412	2.42877945883835000
271642485.032690882683	1716147.845498906914	1434336.018073845888	2930292.063072250690	0.52472054768343357	2.73316584523598305	2.42877532135658836
271642485.052203416824	1716113.005133150145	1434296.136531738332	2930332.352258272935	0.52470578595600692	2.73317740854973490	2.42877118406161374
271642485.071715891361	1716078.164267502027	1434256.254699837416	2930372.640411071945	0.52469119286900812	2.73318903629528442	2.42876728825645172
271642485.091228365898	1716043.322672981070	1434216.372541819699	2930412.927563509904	0.52467663110551088	2.73320067589984683	2.42876343725063260
271642485.110740900040	1716008.480345712276	1434176.489881288027	2930453.213917327113	0.52466206935959470	2.73321231560715061	2.42875958642723422
271642485.130253374577	1715973.637431606650	1434136.606985908234	2930493.499175715260	0.52464750772338187	2.73322395535031593	2.42875573581774917
271642485.149765908718	1715938.793775650207	1434096.723599694436	2930533.783610193059	0.52463294619822998	2.73323559513116177	2.42875188542560583
271642485.169278383255	1715903.949548360659	1434056.839956382290	2930574.066968593281	0.52461822677852288	2.73324760486607010	2.42874814033814523
271642485.188790917397	1715869.104549396317	1434016.955842273543	2930614.349492755719	0.52460343543822807	2.73325978306426265	2.42874444325042216
271642485.208303391933	1715834.259006016888	1433977.071485722670	2930654.630942085758	0.52458864420926243	2.73327196129304983	2.42874074638164306
271642485.227815866470	1715799.412786168978	1433937.186768540414	2930694.911429581232	0.52457385318923500	2.73328413948772386	2.42873704977264460
271642485.247328400612	1715764.565819615731	1433897.301557388855	2930735.191099161282	0.52455906219108250	2.73329631778862003	2.42873335336231788
271642485.266840875149	1715729.718286565971	1433857.416092298925	2930775.469686669763	0.52454416321030095	2.73330846745750433	2.42872970607098226
271642485.286353409290	1715694.870001591044	1433817.530139488401	2930815.747456261888	0.52452919629838757	2.73332059911515612	2.42872608978377347
271642485.305865883827	1715660.021124547347	1433777.643958093366	2930856.024130426813	0.52451422959328875	2.73333273073457583	2.42872247375021688
271642485.325378417969	1715625.171476778807	1433737.757294357521	2930896.299973381218	0.52449926290851945	2.73334486245917496	2.42871885791704800
271642485.344890892506	1715590.321299270261	1433697.870381031884	2930936.574738475960	0.52448429633731264	2.73335699421724287	2.42871524231089397
271642485.364403367043	1715555.470445141429	1433657.983103563776	2930976.848561086226	0.52446950512819912	2.73336899988266824	2.42871154367199082
271642485.383915901184	1715520.618826095015	1433618.095335350139	2931017.121549517382	0.52445485561850091	2.73338090369581899	2.42870777786569692
271642485.403428375721	1715485.766638981644	1433578.207326948410	2931057.393455816433	0.52444020621899723	2.73339280754203084	2.42870401227528099
271642485.422940909863	1715450.913713644026	1433538.318835237063	2931097.664538145997	0.52442555693240722	2.73340471142494490	2.42870024690760200
271642485.442453384399	1715416.060212701792	1433498.430081143510	2931137.934547426179	0.52441090785002276	2.73341661527424229	2.42869648179019659
271642485.461965918541	1715381.205949153751	1433458.540864758659	2931178.203713442665	0.52439615757384761	2.73342855507876692	2.42869276637677078
271642485.481478393078	1715346.351123576751	1433418.651386854472	2931218.471819708589	0.52438122358486927	2.73344056002765523	2.42868914110937428
271642485.500990867615	1715311.495630602119	1433378.761556826765	2931258.738955113571	0.52436628980395783	2.73345256494278566	2.42868551609984973
271642485.520503401756	1715276.639390892349	1433338.871232866775	2931299.005272604991	0.52435135604230876	2.73346456996238008	2.42868189128796308
271642485.540015876293	1715241.782592570409	1433298.980667809723	2931339.270504936576	0.52433642239295386	2.73347657501550101	2.42867826670039566
271642485.559528410435	1715206.924982122611	1433259.089620179962	2931379.534898876213	0.52432164907474643	2.73348865915009442	2.42867457590688574
271642485.579040884972	1715172.066863768967	1433219.198327267775	2931419.798231161200	0.52430728829153761	2.73350094668088683	2.42867071440285942
271642485.598553419113	1715137.207942749374	1433179.306550865527	2931460.060722027440	0.52429292753345269	2.73351323431988025	2.42866685309314390
271642485.618065893650	1715102.348477290710	1433139.414532069582	2931500.322138058022	0.52427856688730090	2.73352552199076770	2.42866299199900038
271642485.637578368187	1715067.488368796185	1433099.522140157176	2931540.582602524199	0.52426420644941807	2.73353780962999071	2.42865913116570642
271642485.657090902328	1715032.627456070622	1433059.629278491717	2931580.842225512024	0.52424978394195421	2.73355008634635199	2.42865527612471643
271642485.676603376865	1714997.766028123209	1433019.736156578409	2931621.100786963478	0.52423484632746797	2.73356227158138854	2.42865146778414553
271642485.696115911007	1714962.903801155044	1432979.842558680568	2931661.358506933320	0.52421990883059211	2.73357445685438405	2.42864765967548824
271642485.715628385544	1714928.041035320144	1432939.948702768423	2931701.615158069413	0.52420497154437662	2.73358664209330060	2.42864385182654363
271642485.735140919685	1714893.177445487818	1432900.054394049570	2931741.870951404329	0.52419003427997479	2.73359882743856542	2.42864004417484214
271642485.754653394222	1714858.313383233733	1432860.159808097640	2931782.125709791668	0.52417510750138163	2.73361099684192421	2.42863625018168605
271642485.774165868759	1714823.448620448820	1432820.264873202657	2931822.379493050743	0.52416037451820241	2.73362286806695076	2.42863270723172775
271642485.793678402901	1714788.583083239151	1432780.369448551442	2931862.632445156109	0.52414564155214860	2.73363473939404900	2.42862916447435007
271642485.813190877438	1714753.716963385697	1432740.473794452846	2931902.884298807476	0.52413090869502410	2.73364661075309989	2.42862562193573739
271642485.832703411579	1714718.850140167167	1432700.577627301449	2931943.135358165484	0.52411617594682403	2.73365848214409901	2.42862207961588306
271642485.852215886116	1714683.982700237073	1432660.681245416636	2931983.385311770719	0.52410144339934872	2.73367035349692467	2.42861853754096213
271642485.871728420258	1714649.114533523098	1432620.784359933110	2932023.634454816580	0.52408664534702076	2.73368229423438569	2.42861495038240394
271642485.891240894794	1714614.245808536187	1432580.887224006234	2932063.882518702187	0.52407183686940773	2.73369424614896017	2.42861135616765234
271642485.910753369331	1714579.376373775303	1432540.989747302840	2932104.129601513967	0.52405702859475056	2.73370619802575376	2.42860776220085484
271642485.930265903473	1714544.506239061477	1432501.091757818824	2932144.375898949802	0.52404222033850267	2.73371815000598684	2.42860416842902005
271642485.949778378010	1714509.635514022782	1432461.193533326499	2932184.621092043351	0.52402741219156823	2.73373010201722400	2.42860057487520642
271642485.969290912151	1714474.764318847563	1432421.296269609826	2932224.865088345949	0.52401248465838934	2.73374194110954960	2.42859749377737222
271642485.988803386688	1714439.892263776856	1432381.397323992569	2932265.108368041925	0.52399752741886996	2.73375375189319803	2.42859454111987771
271642486.008315920830	1714405.019462516764	1432341.497882346157	2932305.350826853886	0.52398257018858940	2.73376556277062654	2.42859158865770697
271642486.027828395367	1714370.146077876445	1432301.598209904972	2932345.592209530994	0.52396761305663908	2.73377737366662199	2.42858863640314127
271642486.047340869904	1714335.272050391417	1432261.698171625147	2932385.832631675061	0.52395265612299502	2.73378918452053243	2.42858568439590616
271642486.066853404045	1714300.397253066534	1432221.797639553668	2932426.072225637734	0.52393790954272657	2.73380113933167346	2.42858258018976736
271642486.086365878582	1714265.521872954676	1432181.896874528844	2932466.310740493704	0.52392330785101882	2.73381319318969362	2.42857937129010093
271642486.105878412724	1714230.645765563706	1432141.995611648774	2932506.548428412993	0.52390870626906993	2.73382524708022423	2.42857616261921239
271642486.125390887260	1714195.769060240826	1432102.094128686003	2932546.785023873206	0.52389410488243726	2.73383730092474542	2.42857295418750985
271642486.144903421402	1714160.891595599474	1432062.192143145949	2932587.020801534876	0.52387950350910328	2.73384935486572411	2.42856974594671060
271642486.164415895939	1714126.013609420275	1432022.289911532309	2932627.255504247732	0.52386460745795960	2.73386115196013169	2.42856618509466182
271642486.183928370476	1714091.134928356856	1431982.387319087517	2932667.489248211030	0.52384932639108328	2.73387261334065768	2.42856216341266951
271642486.203440904617	1714056.255485575646	1431942.484252893366	2932707.722151940688	0.52383404534271572	2.73388407482882556	2.42855814192257524
271642486.222953379154	1714021.375494427048	1431902.580929666292	2932747.953989861533	0.52381876440664898	2.73389553635519622	2.42855412065005138
271642486.242465913296	1713986.494723001262	1431862.677125147777	2932788.184999600053	0.52380348358423801	2.73390699792158509	2.42855009959852630
271642486.261978387833	1713951.613382607931	1431822.773095641518	2932828.414904828649	0.52378832790644347	2.73391866981211340	2.42854627370206178
271642486.281490921974	1713916.731278036255	1431782.868560423376	2932868.643998255953	0.52377339431104675	2.73393071569414037	2.42854279442556686
271642486.301003396511	1713881.848638440249	1431742.963781970553	2932908.872013819870	0.52375846082503896	2.73394276160581207	2.42853931536989665
271642486.320515871048	1713846.965368732344	1431703.058633511886	2932949.099094087724	0.52374352754416575	2.73395480747957897	2.42853583656770367
271642486.340028405190	1713812.081244250759	1431663.153026815737	2932989.325300399214	0.52372859427963547	2.73396685345417145	2.42853235796053601
271642486.359540879726	1713777.196616779547	1431623.247161469189	2933029.550454028882	0.52371382464927718	2.73397884760050403	2.42852883278764509
271642486.379053413868	1713742.311239426723	1431583.340792659903	2933069.774786830880	0.52369943399566798	2.73399072162214640	2.42852519941988110
271642486.398565888405	1713707.425268607214	1431543.434216331458	2933109.998015180696	0.52368504344608846	2.73400259567082271	2.42852156625633020
271642486.418078422546	1713672.538547071861	1431503.527131498326	2933150.220434640534	0.52367065309841010	2.73401446968730566	2.42851793334430921
271642486.437590897083	1713637.651291457238	1431463.619791889098	2933190.441779266577	0.52365626276775457	2.73402634380459109	2.42851430061662343
271642486.457103371620	1713602.763324472122	1431423.712125287391	2933230.662142767105	0.52364183756856697	2.73403822342186631	2.42851069028758770
271642486.476615905762	1713567.874644480878	1431383.803942972096	2933270.881704618689	0.52362711797996608	2.73405014914620592	2.42850726704755138
271642486.496128380299	1713532.985335811274	1431343.895535093034	2933311.100157861132	0.52361239858951070	2.73406207482852981	2.42850384404842679
271642486.515640914440	1713498.095335864462	1431303.986632372253	2933351.317810699809	0.52359767921374356	2.73407400060973771	2.42850042123930487
271642486.535153388977	1713463.204725320684	1431264.077497214545	2933391.534360812046	0.52358295994710513	2.73408592642301329	2.42849699865249757
271642486.554665863514	1713428.313452968840	1431224.167998118326	2933431.749956445768	0.52356824462955931	2.73409784447195525	2.42849357563321888
271642486.574178397655	1713393.421433772426	1431184.258005238604	2933471.964734167792	0.52355367111793960	2.73410947053360864	2.42849012721060920
271642486.593690872192	1713358.528871028684	1431144.347758521326	2933512.178440080024	0.52353909770958795	2.73412109662376190	2.42848667899636039
271642486.613203406334	1713323.635508809472	1431104.437045330182	2933552.391298518050	0.52352452440585662	2.73413272274423269	2.42848323099390306
271642486.632715880871	1713288.741616510786	1431064.526075493312	2933592.603088062257	0.52350995130029165	2.73414434883003032	2.42847978323569658
271642486.652228415012	1713253.846948145190	1431024.614629737334	2933632.814046397805	0.52349537820714431	2.73415597501294361	2.42847633566023857
271642486.671740889549	1713218.951711620903	1430984.702943936456	2933673.023922602646	0.52348049524811913	2.73416813280969251	2.42847268217945400
271642486.691253364086	1713184.055823331699	1430944.790891133714	2933713.232838327531	0.52346556152140167	2.73418037799267699	2.42846899506002201
271642486.710765898228	1713149.159162982367	1430904.878360520815	2933753.440928788390	0.52345062781675189	2.73419262328248314	2.42846530814232509
271642486.730278372765	1713114.261959672207	1430864.965573917143	2933793.647944469005	0.52343569422583869	2.73420486860488232	2.42846162144999145
271642486.749790906906	1713079.363984894939	1430825.052307344275	2933833.854131911881	0.52342076075137545	2.73421711396350897	2.42845793498988138
271642486.769303381443	1713044.465442548506	1430785.138798572356	2933874.059234251734	0.52340640654137349	2.73422874747792788	2.42845440410121327
271642486.788815915585	1713009.566135128960	1430745.224799267715	2933914.263502413407	0.52339219667832904	2.73424022859857141	2.42845091210988384
271642486.808328390121	1712974.666277390672	1430705.310566099826	2933954.466698709410	0.52337798691312098	2.73425170974395204	2.42844742031289762
271642486.827840864658	1712939.765747878235	1430665.395975665189	2933994.668927175459	0.52336377734115036	2.73426319085542380	2.42844392875328330
271642486.847353398800	1712904.864473043708	1430625.480877772206	2934034.870337784756	0.52334956778383335	2.73427467206663843	2.42844043737586146
271642486.866865873337	1712869.962614781223	1430585.565549171064	2934075.070672259666	0.52333490374937286	2.73428653826827839	2.42843696080712546
271642486.886378407478	1712835.060009391047	1430545.649739776738	2934115.270163472742	0.52331994826716910	2.73429865142081541	2.42843349384376417
271642486.905890882015	1712800.156849782681	1430505.733681827318	2934155.468591846060	0.52330499298800026	2.73431076453127053	2.42843002712832812
271642486.925403416157	1712765.252896470018	1430465.817149049137	2934195.666169775650	0.52329003772688765	2.73432287774465799	2.42842656061280859
271642486.944915890694	1712730.348402642179	1430425.900372124976	2934235.862678810954	0.52327508257563249	2.73433499098755561	2.42842309431948733
271642486.964428365231	1712695.443252176978	1430385.983225081116	2934276.058233367279	0.52326061425102210	2.73434696184344839	2.42841926615299508
271642486.983940899372	1712660.537303155055	1430346.065600071102	2934316.252943476196	0.52324654397798387	2.73435881637336919	2.42841514197243225
