271642475.291375756264 0.000097562500
271642475.291375756264	1733458.335721230833	1454200.334271515254	2910059.514003550168	0.53216308845833549	2.72733209784438513	2.43056231913695209
271642475.310888230801	1733423.827694251901	1454160.636928375810	2910100.277625988238	0.53214781832978764	2.72734380625541961	2.43055856960335515
271642475.330400764942	1733389.318887006026	1454120.939114065608	2910141.040417214856	0.53213254831431289	2.72735551470061877	2.43055482029149239
271642475.349913239479	1733354.809533239109	1454081.241029846249	2910181.802145657130	0.53211727850977342	2.72736722311457980	2.43055107123564262
271642475.369425773621	1733320.299396889750	1454041.542438586475	2910222.563060941640	0.53210217560246553	2.72737874420017112	2.43054715977218860
271642475.388938248158	1733285.788687465945	1454001.843621737324	2910263.322888094001	0.53208710526143932	2.72739022886291860	2.43054321689147423
271642475.408450782299	1733251.277215278242	1453962.144301016117	2910304.081884092651	0.53207203503804124	2.72740171356952699	2.43053927424034111
271642475.427963256836	1733216.765180541668	1453922.444722016342	2910344.839826276992	0.53205696502064459	2.72741319824488571	2.43053533183370174
271642475.447475731373	1733182.252483703895	1453882.744782045018	2910385.596819925122	0.53204189502008159	2.72742468302259411	2.43053138961089843
271642475.466988265514	1733147.738998883171	1453843.044354147511	2910426.352975062095	0.53202681341594982	2.72743642372502704	2.43052730043367760
271642475.486500740051	1733113.224954344099	1453803.343649847666	2910467.108070501592	0.53201172562589383	2.72744830409122452	2.43052313116074581
271642475.506013274193	1733078.710156590911	1453763.642472456675	2910507.862350939307	0.53199663785927687	2.72746018456547334	2.43051896207881368
271642475.525525748730	1733044.194760619197	1453723.941040886100	2910548.615542061161	0.53198155021284910	2.72747206508132223	2.43051479322473218
271642475.545038282871	1733009.678618357284	1453684.239116130862	2910589.367918238044	0.53196646268798320	2.72748394564061103	2.43051062460192036
271642475.564550757408	1732975.161899652099	1453644.536941560917	2910630.119221308734	0.53195137747926236	2.72749518337460328	2.43050589766766256
271642475.584063231945	1732940.644549781922	1453604.834374341415	2910670.869589189533	0.53193629381044838	2.72750595820213793	2.43050076856152142
271642475.603575766087	1732906.126386510674	1453565.131339109968	2910711.619121592026	0.53192121025992822	2.72751673308313336	2.43049563966374960
271642475.623088240623	1732871.607656926150	1453525.428050923860	2910752.367574886885	0.53190612692442496	2.72752750795788890	2.43049051101705382
271642475.642600774765	1732837.088172548683	1453485.724258920876	2910793.115219295025	0.53189104361461093	2.72753828295133083	2.43048538254628177
271642475.662113249302	1732802.568102679215	1453446.020228723297	2910833.861765302718	0.53187598972154193	2.72754944933548193	2.43048066395812246
271642475.681625783443	1732768.047315916512	1453406.315674660960	2910874.607535009272	0.53186098052786557	2.72756121125628503	2.43047656898308828
271642475.701138257980	1732733.525913756341	1453366.610902481712	2910915.352195993531	0.53184597154535984	2.72757297314801050	2.43047247426183288
271642475.720650732517	1732699.003842177335	1453326.905754389009	2910956.095908550546	0.53183096258422680	2.72758473514580002	2.43046837972840679
271642475.740163266659	1732664.481024132110	1453287.200105846161	2910996.838815132156	0.53181595374349078	2.72759649718761166	2.43046428542605364
271642475.759675741196	1732629.957659533015	1453247.494187441655	2911037.580658931751	0.53180113260554496	2.72760821870467973	2.43046018194138380
271642475.779188275337	1732595.433467630995	1453207.787809501868	2911078.321647957899	0.53178668140105767	2.72761986042846205	2.43045606001767833
271642475.798700749874	1732560.908752149204	1453168.081161731156	2911119.061584467534	0.53177223030894005	2.72763150218968153	2.43045193830518880
271642475.818213284016	1732526.383233821485	1453128.374033371452	2911159.800685497001	0.53175777933194102	2.72764314399202634	2.43044781681076216
271642475.837725758553	1732491.857197792502	1453088.666626711143	2911200.538731043227	0.53174332856016227	2.72765478576680787	2.43044369556410356
271642475.857238233089	1732457.330440868391	1453048.958887652960	2911241.275810425635	0.53172876182829176	2.72766645729850943	2.43043964737487572
271642475.876750767231	1732422.802959624445	1453009.250622569816	2911282.012088275049	0.53171351930652122	2.72767830169088610	2.43043602416074833
271642475.896263241768	1732388.274882741971	1452969.542122473242	2911322.747273720801	0.53169827699367556	2.72769014604746696	2.43043240119988324
271642475.915775775909	1732353.746075053932	1452929.833106993465	2911363.481663575396	0.53168303469986045	2.72770199050809481	2.43042877843895067
271642475.935288250446	1732319.216656640172	1452890.123869292904	2911404.214947673958	0.53166779252001373	2.72771383500284248	2.43042515590460928
271642475.954800784588	1732284.686498484109	1452850.414115031017	2911444.947436236776	0.53165258869708154	2.72772566688023010	2.43042157698806705
271642475.974313259125	1732250.155772946076	1452810.704119481379	2911485.678842667025	0.53163778697561037	2.72773736576222481	2.43041845432006065
271642475.993825733662	1732215.624332384206	1452770.993783076992	2911526.409279964864	0.53162298526330920	2.72774906473573386	2.43041533183714753
271642476.013338267803	1732181.092163840309	1452731.282913185190	2911567.138915782794	0.53160818365793494	2.72776076373909593	2.43041220957663118
271642476.032850742340	1732146.559455417562	1452691.571790606715	2911607.867491677403	0.53159338225035180	2.72777246270142948	2.43040908755868790
271642476.052363276482	1732112.025920264889	1452651.860206367914	2911648.595209826250	0.53157858075967557	2.72778416182430306	2.43040596570222700
271642476.071875751019	1732077.491832650965	1452612.148360775784	2911689.321868161671	0.53156342711560178	2.72779596849933759	2.43040236851829894
271642476.091388285160	1732042.956990792882	1452572.436009260826	2911730.047714638989	0.53154822226533760	2.72780779092615600	2.43039870240883449
271642476.110900759697	1732008.421576259192	1452532.723422776675	2911770.772478982341	0.53153301752637239	2.72781961338395273	2.43039503651839217
271642476.130413234234	1731973.885530945612	1452493.010434258031	2911811.496314137708	0.53151781300029777	2.72783143581215404	2.43039137089101809
271642476.149925768375	1731939.348677467555	1452453.296971501550	2911852.219313812442	0.53150260849217412	2.72784325834295949	2.43038770545915783
271642476.169438242912	1731904.811284856405	1452413.583261196269	2911892.941241623834	0.53148738694691788	2.72785529054712539	2.43038343149694880
271642476.188950777054	1731870.273056851700	1452373.869071322028	2911933.662326710764	0.53147215872949305	2.72786740591196697	2.43037891642779202
271642476.208463251591	1731835.734319011448	1452334.154615998501	2911974.382353230845	0.53145693073583056	2.72787952125403521	2.43037440162995466
271642476.227975785732	1731801.194789718371	1452294.439659871394	2912015.101557678077	0.53144170277346081	2.72789163671279544	2.43036988703235401
271642476.247488260269	1731766.654744107742	1452254.724448936991	2912055.819709497970	0.53142647493723283	2.72790375221666537	2.43036537266710084
271642476.267000734806	1731732.113980401307	1452215.008887529373	2912096.536889271345	0.53141137016950379	2.72791559935539540	2.43036110827812557
271642476.286513268948	1731697.572447944898	1452175.292830855818	2912137.253240861464	0.53139633331611469	2.72792729831625325	2.43035698208275441
271642476.306025743484	1731663.030368290376	1452135.576506551588	2912177.968532640487	0.53138129658018762	2.72793899731797085	2.43035285611093510
271642476.325538277626	1731628.487508120481	1452095.859703921946	2912218.683002178092	0.53136625996171727	2.72795069636054244	2.43034873036266230
271642476.345050752163	1731593.944081139285	1452056.142657879274	2912259.396386611275	0.53135122355438114	2.72796239537492946	2.43034460486766557
271642476.364563226700	1731559.400004893309	1452016.425209625624	2912300.108844940085	0.53133656495130133	2.72797374564270800	2.43034006412620851
271642476.384075760841	1731524.855483071180	1451976.708707260899	2912340.820116804913	0.53132217372655610	2.72798484916042128	2.43033522969480309
271642476.403588235378	1731490.310046038358	1451936.990536288125	2912381.530654490460	0.53130778271055146	2.72799595266528394	2.43033039551190644
271642476.423100769520	1731455.763857340673	1451897.271878547966	2912422.240377236623	0.53129339171966850	2.72800705628256024	2.43032556149911283
271642476.442613244057	1731421.217089084443	1451857.552961446345	2912462.949023958761	0.53127900084364388	2.72801815994684871	2.43032072769048169
271642476.462125778198	1731386.669536052970	1451817.833560714498	2912503.656851466745	0.53126435579917208	2.72802943270869802	2.43031610634634232
271642476.481638252735	1731352.121454429580	1451778.113899873104	2912544.363607109990	0.53124930958087457	2.72804097229398401	2.43031182030394444
271642476.501150727272	1731317.572678706376	1451738.393876984715	2912585.069404003676	0.53123426338387603	2.72805251198680931	2.43030753444549452
271642476.520663261414	1731283.023172114976	1451698.673338805325	2912625.774405302014	0.53121921730604660	2.72806405172463640	2.43030324881197934
271642476.540175735950	1731248.473069239408	1451658.952567850938	2912666.478317171335	0.53120417143974352	2.72807559143755762	2.43029896343068197
271642476.559688270092	1731213.922216915991	1451619.231294196099	2912707.181411183439	0.53118910355520876	2.72808697380966070	2.43029466733488020
271642476.579200744629	1731179.370792322094	1451579.509776174789	2912747.883429057896	0.53117398750168610	2.72809801133224417	2.43029034756426965
271642476.598713278770	1731144.818598344689	1451539.787765096175	2912788.584621722344	0.53115887156437136	2.72810904890235051	2.43028602801386739
271642476.618225753307	1731110.265799746150	1451500.065517900046	2912829.284722039942	0.53114375583329965	2.72812008644945125	2.43028170870431026
271642476.637738227844	1731075.712382735219	1451460.342881348683	2912869.983903440181	0.53112864011875072	2.72813112410169323	2.43027738957033312
271642476.657250761986	1731041.158205862623	1451420.619750778656	2912910.682256599888	0.53111349585000678	2.72814227023890332	2.43027310422338472
271642476.676763236523	1731006.603418922052	1451380.896383105312	2912951.379526384175	0.53109818111459228	2.72815406184323495	2.43026901892118907
271642476.696275770664	1730972.047883117804	1451341.172510589939	2912992.075975337531	0.53108286640314528	2.72816585355815366	2.43026493381829800
271642476.715788245201	1730937.491773836315	1451301.448398049688	2913032.771354100201	0.53106755180966614	2.72817764531221396	2.43026084894077510
271642476.735300779343	1730902.934885794297	1451261.723800740205	2913073.465901706368	0.53105223733552709	2.72818943710725215	2.43025676429203941
271642476.754813253880	1730868.377484657802	1451221.998921109829	2913114.159396799747	0.53103698627457474	2.72820123964370387	2.43025273761880811
271642476.774325728416	1730833.819368433906	1451182.273700724123	2913154.851922760718	0.53102240826549618	2.72821315694305744	2.43024932574964447
271642476.793838262558	1730799.260497894837	1451142.547974523623	2913195.543636861723	0.53100783036605748	2.72822507427404748	2.43024591410155111
271642476.813350737095	1730764.701060510008	1451102.822004961548	2913236.234265860170	0.53099325266575637	2.72823699156446020	2.43024250269647357
271642476.832863271236	1730730.140838911058	1451063.095549656078	2913276.924072673079	0.53097867498144868	2.72824890895318983	2.43023909148023565
271642476.852375745773	1730695.580078998348	1451023.368827981874	2913317.612819617148	0.53096409740676176	2.72826082637354794	2.43023568048505778
271642476.871888279915	1730661.018512046197	1450983.641627837205	2913358.300725138746	0.53094875288533361	2.72827260912820746	2.43023182899380519
271642476.891400754452	1730626.456446044846	1450943.914144209120	2913398.987588472664	0.53093329536181155	2.72828437197099882	2.43022791271131711
271642476.910913228989	1730591.893673875369	1450904.186321040615	2913439.673482615966	0.53091783785842628	2.72829613492025258	2.43022399662630972
271642476.930425763130	1730557.330118676182	1450864.458007802721	2913480.358548634686	0.53090238047280280	2.72830789790838146	2.43022008077066420
271642476.949938237667	1730522.766021506395	1450824.729420721764	2913521.042554841377	0.53088692330394061	2.72831966086963540	2.43021616517967853
271642476.969450771809	1730488.201154478360	1450785.000350093702	2913561.725729837082	0.53087230415854947	2.72833117574888995	2.43021133462338135
271642476.988963246346	1730453.635696100071	1450745.271037090803	2913602.407834751997	0.53085786109049282	2.72834263855936632	2.43020631211149274
271642477.008475780487	1730419.069477982586	1450705.541237405734	2913643.089102457277	0.53084341814757030	2.72835410142513712	2.43020128982197603
271642477.027988255024	1730384.502713205060	1450665.811168011976	2913683.769307383802	0.53082897541845542	2.72836556427676280	2.43019626778661602
271642477.047500729561	1730349.935305368621	1450626.080723088235	2913724.448583063204	0.53081453271890444	2.72837702724390452	2.43019124592470437
271642477.067013263702	1730315.367071138462	1450586.349807197694	2913765.127006996423	0.53079971907355006	2.72838850804234134	2.43018684517578620
271642477.086525738239	1730280.798268848099	1450546.618652315345	2913805.804351765662	0.53078467707655230	2.72839999976498193	2.43018282711536537
271642477.106038272381	1730246.228735191282	1450506.886991669424	2913846.480894946493	0.53076963509850383	2.72841149159288854	2.43017880924169383
271642477.125550746918	1730211.658636728767	1450467.155064474791	2913887.156359075569	0.53075459323586882	2.72842298346196666	2.43017479159069749
271642477.145063281059	1730177.087733056629	1450427.422672834247	2913927.830990639050	0.53073955148726393	2.72843447537037376	2.43017077415894844
271642477.164575755596	1730142.516282879980	1450387.690018786583	2913968.504550450947	0.53072463599966646	2.72844602111345358	2.43016646308236028
271642477.184088230133	1730107.944195507094	1450347.956980763003	2914009.177178048063	0.53070986837067347	2.72845763013809872	2.43016180751783084
271642477.203600764275	1730073.371281725820	1450308.223471792648	2914049.848953897599	0.53069510086434368	2.72846923921216522	2.43015715217746342
271642477.223113238811	1730038.797847306821	1450268.489702803548	2914090.519680147525	0.53068033357133393	2.72848084826531911	2.43015249709080017
271642477.242625772953	1730004.223635107512	1450228.755437501008	2914131.189578270074	0.53066556630756168	2.72849245743453439	2.43014784219189295
271642477.262138247490	1729969.648851184407	1450189.020925737917	2914171.858397287782	0.53065073011725516	2.72850407683369545	2.43014349389102779
271642477.281650781631	1729935.073291928973	1450149.285929484060	2914212.526394064538	0.53063578679013235	2.72851571209466348	2.43013962173258991
271642477.301163256168	1729900.497191434028	1450109.550664547365	2914253.193319087848	0.53062084367063855	2.72852734732584512	2.43013574982557712
271642477.320675730705	1729865.920395578258	1450069.815041998401	2914293.859291305766	0.53060590056841628	2.72853898265901407	2.43013187810333831
271642477.340188264847	1729831.342848997097	1450030.078921197914	2914334.524451604579	0.53059095758069885	2.72855061803103993	2.43012800660433115
271642477.359700739384	1729796.764730256051	1449990.342563397950	2914375.188526799902	0.53057627730343881	2.72856225535454211	2.43012457513131075
271642477.379213273525	1729762.185871334746	1449950.605694764527	2914415.851790079381	0.53056212311635464	2.72857389675231055	2.43012202520021292
271642477.398725748062	1729727.606402896112	1449910.868586943019	2914456.513967012987	0.53054796901964218	2.72858553816378890	2.43011947546520624
271642477.418238282204	1729693.026163956616	1449871.130997808883	2914497.175315704197	0.53053381501742169	2.72859717959449677	2.43011692593656337
271642477.437750756741	1729658.445401908597	1449831.393136857310	2914537.835608914029	0.53051966119660188	2.72860882097390389	2.43011437663096386
271642477.457263231277	1729623.863934243098	1449791.654934269376	2914578.494929961395	0.53050537022980748	2.72862051690822227	2.43011165649995142
271642477.476775765419	1729589.281732553849	1449751.916206867900	2914619.153452503029	0.53049025349721735	2.72863254087867269	2.43010790684917932
271642477.496288239956	1729554.698938758811	1449712.177252125926	2914659.810882587451	0.53047513697508597	2.72864456481377626	2.43010415745444286
271642477.515800774097	1729520.115389972925	1449672.437793838792	2914700.467503780499	0.53046002047506535	2.72865658885557671	2.43010040826086104
271642477.535313248634	1729485.531270041829	1449632.698086954653	2914741.123042900115	0.53044490408994482	2.72866861293120699	2.43009665929244401
271642477.554825782776	1729450.946384867653	1449592.957892485196	2914781.777753778268	0.53042977600895025	2.72868064220271878	2.43009290632175912
271642477.574338257313	1729416.361248050118	1449553.218875760213	2914822.431033322122	0.53041444358686318	2.72869276071318101	2.43008908023879311
271642477.593850731850	1729381.775116115110	1449513.478058199864	2914863.083725638222	0.53039911118724881	2.72870487933067718	2.43008525435820077
271642477.613363265991	1729347.188237244729	1449473.736757189734	2914903.735597014893	0.53038377890696564	2.72871699798544132	2.43008142871131128
271642477.632875740528	1729312.600788249169	1449433.995195988799	2914944.386389338877	0.53036844684287043	2.72872911660770523	2.43007760332944800
271642477.652388274670	1729278.012569154613	1449394.253144057700	2914985.036359424703	0.53035311480397995	2.72874123534067436	2.43007377815680359
271642477.671900749207	1729243.423748420086	1449354.510865782155	2915025.685240077320	0.53033775349321521	2.72875307053520189	2.43007032288252622
271642477.691413283348	1729208.834222500445	1449314.768054271583	2915066.333329521585	0.53032238843212642	2.72876486848412014	2.43006691643619455
271642477.710925757885	1729174.244098590221	1449275.025023905328	2915106.980329477694	0.53030702357665227	2.72877666639279370	2.43006351023797240
271642477.730438232422	1729139.653319288744	1449235.281612782273	2915147.626380951609	0.53029165873678608	2.72878846440234657	2.43006010424059848
271642477.749950766563	1729105.061766226776	1449195.537703456823	2915188.271610242780	0.53027629401095844	2.72880026244681417	2.43005669847626438
271642477.769463241100	1729070.469636731315	1449155.793551856885	2915228.915757455863	0.53026107008630463	2.72881181664353045	2.43005269694778514
271642477.788975775242	1729035.876760112355	1449116.048909554956	2915269.559092697687	0.53024587510924670	2.72882332078684486	2.43004857298664945
271642477.808488249779	1729001.283307484584	1449076.304015541216	2915310.201351858675	0.53023068024693654	2.72883482496956153	2.43004444924403407
271642477.828000783920	1728966.689086530358	1449036.558624322992	2915350.842779868748	0.53021548550349129	2.72884632919719738	2.43004032573021655
271642477.847513258457	1728932.094288539141	1448996.812993007479	2915391.483128770255	0.53020029096942967	2.72885783339637822	2.43003620246463425
271642477.867025732994	1728897.498828676296	1448957.066991573665	2915432.122535134200	0.53018507199604104	2.72886935602225478	2.43003226825221708
271642477.886538267136	1728862.902613358106	1448917.320496088825	2915472.761126609985	0.53016983941864915	2.72888088896010528	2.43002844018281783
271642477.906050741673	1728828.305830943864	1448877.573750099167	2915513.398641951382	0.53015460705060535	2.72889242186883951	2.43002461236632827
271642477.925563275814	1728793.708280789666	1448837.826504755765	2915554.035323167220	0.53013937470214767	2.72890395488450510	2.43002078474690997
271642477.945075750351	1728759.110151799861	1448798.079025824321	2915594.670934190508	0.53012414246402617	2.72891548793355465	2.43001695734219814
271642477.964588284492	1728724.511244525667	1448758.331060122699	2915635.305711089168	0.53010924461945930	2.72892706188602352	2.43001356672369795
271642477.984100759029	1728689.911813335028	1448718.582817560760	2915675.939444442745	0.53009459294940298	2.72893866587077039	2.43001049758829568
271642478.003613233566	1728655.311654851539	1448678.834236367838	2915716.572180459276	0.53007994128824665	2.72895026994731715	2.43000742863761987
271642478.023125767708	1728620.710797678214	1448639.085131858243	2915757.204137090594	0.53006528973143885	2.72896187405271551	2.43000435990522679
271642478.042638242245	1728586.109340036055	1448599.335796704981	2915797.834998351522	0.53005063836617916	2.72897347811298641	2.43000129140411492
271642478.062150776386	1728551.507103927666	1448559.585967523511	2915838.465034455992	0.53003589513629468	2.72898496203274021	2.42999811325067050
271642478.081663250923	1728516.904341849964	1448519.835884709610	2915879.094020960853	0.53002099631611843	2.72899624222928328	2.42999474916629365
271642478.101175785065	1728482.300774522359	1448480.085313204909	2915919.722146750428	0.53000609760495498	2.72900752246292733	2.42999138530603087
271642478.120688259602	1728447.696639792295	1448440.334487835644	2915960.349215755705	0.52999119908739445	2.72901880265615127	2.42998802167440209
271642478.140200734138	1728413.091875253245	1448400.583300866885	2916000.975343461614	0.52997630057775424	2.72903008294191629	2.42998465822123766
271642478.159713268280	1728378.486288878834	1448360.831638969481	2916041.600622393191	0.52996147026992935	2.72904138021249176	2.42998146939099691
271642478.179225742817	1728343.880170847522	1448321.079694703221	2916082.224851892330	0.52994689370303716	2.72905274055686098	2.42997893018443145
271642478.198738276958	1728309.273295997409	1448281.327273586299	2916122.848247100133	0.52993231713957289	2.72906410098776853	2.42997639116498076
271642478.218250751495	1728274.665855356958	1448241.574584840797	2916163.470585579984	0.52991774066628183	2.72907546143272217	2.42997385234240726
271642478.237763285637	1728240.057647954673	1448201.821429662639	2916204.092086792924	0.52990316428590711	2.72908682189539542	2.42997131372355835
271642478.257275760174	1728205.448837266304	1448162.068017496262	2916244.712504688650	0.52988849092028989	2.72909824226590914	2.42996867283258888
271642478.276788234711	1728170.839373764116	1448122.314243742730	2916285.331971018575	0.52987322485664956	2.72911002843328410	2.42996540692092866
271642478.296300768852	1728136.229164703283	1448082.559965587221	2916325.950625430793	0.52985795890461818	2.72912181463335379	2.42996214124001453
271642478.315813243389	1728101.618374924641	1448042.805439895252	2916366.568200794049	0.52984269315514876	2.72913360079102496	2.42995887580404446
271642478.335325777531	1728067.006805032725	1448003.050433984725	2916407.184950947296	0.52982742741807209	2.72914538704544318	2.42995561056405140
271642478.354838252068	1728032.394701116951	1447963.295174495783	2916447.800629233941	0.52981223450515547	2.72915715214551202	2.42995230631309722
271642478.374350726604	1727997.781903371681	1447923.539543751162	2916488.415354770143	0.52979785756967246	2.72916867955934483	2.42994856214142940
271642478.393863260746	1727963.168360656127	1447883.783406452741	2916529.029265418183	0.52978348065331415	2.72918020707695685	2.42994481815538554
271642478.413375735283	1727928.554273374379	1447844.027028151788	2916569.642104201484	0.52976910384160503	2.72919173462483711	2.42994107437208973
271642478.432888269424	1727893.939382554498	1447804.270179087063	2916610.254101506900	0.52975472713728777	2.72920326220665910	2.42993733079839247
271642478.452400743961	1727859.323916099034	1447764.513068942819	2916650.865028731525	0.52974035063137714	2.72921478975626242	2.42993358746511756
271642478.471913278103	1727824.707714774879	1447724.755449122516	2916691.475135071203	0.52972546447814617	2.72922685790936903	2.42993032459297975
271642478.491425752640	1727790.090920993360	1447684.997598691378	2916732.084168304224	0.52971051340891551	2.72923899503593681	2.42992712320145499
271642478.510938227177	1727755.473475393839	1447645.239375095116	2916772.692252999172	0.52969556254501660	2.72925113212199921	2.42992392206635888
271642478.530450761318	1727720.855275295209	1447605.480645931326	2916813.299525832757	0.52968061169738334	2.72926326930731333	2.42992072113265367
271642478.549963235855	1727686.236454329919	1447565.721705276519	2916853.905689943116	0.52966566095641987	2.72927540651648215	2.42991752041757492
271642478.569475769997	1727651.616923519177	1447525.962231751299	2916894.511049490422	0.52965067259658616	2.72928703222336022	2.42991418931716607
271642478.588988244534	1727616.996832578909	1447486.202519384213	2916935.115352142137	0.52963567540900902	2.72929853554483826	2.42991082721029228
271642478.608500778675	1727582.375918911537	1447446.442351040430	2916975.718794020358	0.52962067813776059	2.72931003902823832	2.42990746526204271
271642478.628013253212	1727547.754482469289	1447406.681901577394	2917016.321186411660	0.52960568116208506	2.72932154240951919	2.42990410358640840
271642478.647525727749	1727513.132357019465	1447366.921084053116	2917056.922620052937	0.52959068429235012	2.72933304582069658	2.42990074212638696
271642478.667038261890	1727478.509490218014	1447327.159767502919	2917097.523238750175	0.52957560019714212	2.72934464265247989	2.42989730649205793
271642478.686550736427	1727443.886050571222	1447287.398216265021	2917138.122775315307	0.52956046727016526	2.72935629195219054	2.42989382921879971
271642478.706063270569	1727409.261827125680	1447247.636177373584	2917178.721486724447	0.52954533435691387	2.72936794135061422	2.42989035213693594
271642478.725575745106	1727374.637036517728	1447207.873888076050	2917219.319121999666	0.52953020155302388	2.72937959078084713	2.42988687527566860
271642478.745088279247	1727340.011505744886	1447168.111095432891	2917259.915936388075	0.52951506886123623	2.72939124024655877	2.42988339864184510
271642478.764600753784	1727305.385699354578	1447128.349492242327	2917300.511306149419	0.52949999461086250	2.72940267557483862	2.42987980646717006
271642478.784113228321	1727270.758901867783	1447088.586093721446	2917341.106085654348	0.52948496229726061	2.72941395688175792	2.42987613112961842
271642478.803625762463	1727236.131381764542	1447048.822190870298	2917381.700063510798	0.52946993009275145	2.72942523822494865	2.42987245600904433
271642478.823138237000	1727201.503284559818	1447009.058048027335	2917422.292962262873	0.52945489808823520	2.72943651953423982	2.42986878112557392
271642478.842650771141	1727166.874376570340	1446969.293415629072	2917462.885009267833	0.52943986610189464	2.72944780094996275	2.42986510643894515
271642478.862163245678	1727132.244957240066	1446929.528526311275	2917503.476014025044	0.52942469382585866	2.72945922892440240	2.42986142075372324
271642478.881675779819	1727097.614744854858	1446889.763153722510	2917544.066177306697	0.52940930213125981	2.72947088607162103	2.42985771778591175
271642478.901188254356	1727062.983984043589	1446849.997525428189	2917584.655277748127	0.52939391064601482	2.72948254318566885	2.42985401507054366
271642478.920700728893	1727028.352547960123	1446810.231533467304	2917625.243413383141	0.52937851917842238	2.72949420040411850	2.42985031255330641
271642478.940213263035	1726993.720299193636	1446770.465062337695	2917665.830716567580	0.52936312782432315	2.72950585765818010	2.42984661026135385
271642478.959725737572	1726959.087559718173	1446730.698318601353	2917706.416971506551	0.52934801374479479	2.72951742839620204	2.42984310902120271
271642478.979238271713	1726924.454016052419	1446690.931106341304	2917747.002387940418	0.52933347527514663	2.72952881956174132	2.42984002512386654
271642478.998750746250	1726889.819897303823	1446651.163630904630	2917787.586731321644	0.52931893690470977	2.72954021075247866	2.42983694143276097
271642479.018263280392	1726855.185046257684	1446611.395664967364	2917828.170250733849	0.52930439863622425	2.72955160197208624	2.42983385795473827
271642479.037775754929	1726820.549613250419	1446571.627455908107	2917868.752697037999	0.52928986055620131	2.72956299314788620	2.42983077470288356
271642479.057288229465	1726785.913495446090	1446531.858884159476	2917909.334181565791	0.52927525946490084	2.72957440792416284	2.42982763884847142
271642479.076800763607	1726751.276623084443	1446492.089806923643	2917949.914854233153	0.52926020310161848	2.72958599261680179	2.42982412180258445
271642479.096313238144	1726716.639177849982	1446452.320495041786	2917990.494444768876	0.52924514693953606	2.72959757727148622	2.42982060499784724
271642479.115825772285	1726682.000996477203	1446412.550677919993	2918031.073220360558	0.52923009079516659	2.72960916203041393	2.42981708839249810
271642479.135338246822	1726647.362214565510	1446372.780630283058	2918071.650900578592	0.52921503475681453	2.72962074681788769	2.42981357199884496
271642479.154850780964	1726612.722653474659	1446333.010090937372	2918112.227758615278	0.52919997882859082	2.72963233163941688	2.42981005582716758
271642479.174363255501	1726578.082596812630	1446293.239275855012	2918152.803574404679	0.52918471381475873	2.72964401142256285	2.42980558896590537
271642479.193875730038	1726543.441835991340	1446253.468105596956	2918193.378418091219	0.52916944068803629	2.72965569501623229	2.42980108531420580
271642479.213388264179	1726508.800295153866	1446213.696462511085	2918233.952427597716	0.52915416768260970	2.72966737865501230	2.42979658188706704
271642479.232900738716	1726474.158183461521	1446173.924561593914	2918274.525361026172	0.52913889489633981	2.72967906227362134	2.42979207872338510
271642479.252413272858	1726439.515320247272	1446134.152164867846	2918315.097485507373	0.52912362213760433	2.72969074600812034	2.42978757575563709
271642479.271925747395	1726404.871909773909	1446094.379508140264	2918355.668541210238	0.52910846176433157	2.72970247829153934	2.42978395392145696
271642479.291438281536	1726370.227681589080	1446054.606381986057	2918396.238745107781	0.52909331606454213	2.72971421690218996	2.42978044656174452
271642479.310950756073	1726335.582929142984	1446014.832995827310	2918436.807890495751	0.52907817056825390	2.72972595547398855	2.42977693944703299
271642479.330463230610	1726300.937533449614	1445975.059234417044	2918477.376106637996	0.52906302508540026	2.72973769414366751	2.42977343252197242
271642479.349975764751	1726266.291298231808	1445935.284999257652	2918517.943454768043	0.52904787971717893	2.72974943285111937	2.42976992582965501
271642479.369488239288	1726231.644564804854	1445895.510513753630	2918558.509757566731	0.52903316751944285	2.72976106075276759	2.42976685788352587
271642479.389000773430	1726196.997030782979	1445855.735522816190	2918599.075227968860	0.52901854506134605	2.72977266579652422	2.42976388100737006
271642479.408513247967	1726162.348949077073	1445815.960281329229	2918639.639623593539	0.52900392270065932	2.72978427086046116	2.42976090433485536
271642479.428025782108	1726127.700075700413	1445776.184580080910	2918680.203180596698	0.52898930044149184	2.72979587595008200	2.42975792787626022
271642479.447538256645	1726093.050670569995	1445736.408596602036	2918720.765688171145	0.52897467837361178	2.72980748099507720	2.42975495165086919
271642479.467050731182	1726058.400565503631	1445696.632263309322	2918761.327220614068	0.52895990680449056	2.72981917951915776	2.42975175377170194
271642479.486563265324	1726023.749723577872	1445656.855430852389	2918801.887951468583	0.52894505030846251	2.72983093118153919	2.42974842993739770
271642479.506075739861	1725989.098314427771	1445617.078348087845	2918842.447606185917	0.52893019401321695	2.72984268280548825	2.42974510634922902
271642479.525588274002	1725954.446115985280	1445577.300796907395	2918883.006410399452	0.52891533773222132	2.72985443452790211	2.42974178295408993
271642479.545100748539	1725919.793361768359	1445537.522975118365	2918923.564151888248	0.52890048155667646	2.72986618627757371	2.42973845977338687
271642479.564613282681	1725885.139855995076	1445497.744657560252	2918964.121084432118	0.52888577688491667	2.72987817499846352	2.42973552469767995
271642479.584125757217	1725850.485762811266	1445457.966116067953	2919004.676918517798	0.52887119300188523	2.72989035240628786	2.42973289883412269
271642479.603638231754	1725815.831004548119	1445418.187195027946	2919045.231807152275	0.52885660912691046	2.72990252990318005	2.42973027316461865
271642479.623150765896	1725781.175495917210	1445378.407773897285	2919085.785880897660	0.52884202535364411	2.72991470742083875	2.42972764771659389
271642479.642663240433	1725746.519418443786	1445338.628116241656	2919126.338878450915	0.52882744177161767	2.72992688488545499	2.42972502250718714
271642479.662175774574	1725711.862597049680	1445298.847947882721	2919166.891055178829	0.52881263518603427	2.72993902563847701	2.42972209419170726
271642479.681688249111	1725677.205144615611	1445259.067571292631	2919207.442129177041	0.52879747645103725	2.72995110828028764	2.42971868701380478
271642479.701200783253	1725642.546976334648	1445219.286670453148	2919247.992401587777	0.52878231783263097	2.72996319095846340	2.42971528007451276
271642479.720713257790	1725607.888235738268	1445179.505532874260	2919288.541588893160	0.52876715941974606	2.72997527359426728	2.42971187338546235
271642479.740225732327	1725573.228828259278	1445139.724022270879	2919329.089839656372	0.52875200102353181	2.72998735633047707	2.42970846689595721
271642479.759738266468	1725538.568675840041	1445099.942012579413	2919369.637266563717	0.52873679297547760	2.72999933541516260	2.42970517016115561
271642479.779250741005	1725503.907930554356	1445060.159777985653	2919410.183603986166	0.52872148416047660	2.73001110409093695	2.42970209588817010
271642479.798763275146	1725469.246431231732	1445020.377035840414	2919450.729126575403	0.52870617535652276	2.73002287286250089	2.42969902181496122
271642479.818275749683	1725434.584359999048	1444980.594047531486	2919491.273570060730	0.52869086665757914	2.73003464165854615	2.42969594796141486
271642479.837788283825	1725399.921518610092	1444940.810576091288	2919531.817182336003	0.52867555806638311	2.73004641048273733	2.42969287433438152
271642479.857300758362	1725365.258104711771	1444901.026860664831	2919572.359718475956	0.52866022344806618	2.73005815626872472	2.42968974756532718
271642479.876813232899	1725330.594058815623	1444861.242762589827	2919612.901313432958	0.52864472569195753	2.73006975911723337	2.42968628890429494
271642479.896325767040	1725295.929209054448	1444821.458186695119	2919653.442075879779	0.52862922804771362	2.73008136199984408	2.42968283047114397
271642479.915838241577	1725261.263821491273	1444781.673349919496	2919693.981766518671	0.52861373061182126	2.73009296484809472	2.42967937229153064
271642479.935350775719	1725226.597649001982	1444741.888037257362	2919734.520628975704	0.52859823318717458	2.73010456779339661	2.42967591430384866
271642479.954863250256	1725191.931231812108	1444702.103882506723	2919775.058060156181	0.52858274710458453	2.73011614548236370	2.42967237675535186
271642479.974375784397	1725157.263751163147	1444662.317818594631	2919815.595028562471	0.52856740252472578	2.73012740487864836	2.42966783508660500
271642479.993888258934	1725122.595692327246	1444622.531526412116	2919856.130914838985	0.52855205815663409	2.73013866425261709	2.42966329366439515
271642480.013400733471	1725087.926954872906	1444582.744853796670	2919896.665842363145	0.52853671381330036	2.73014992374249266	2.42965875243444218
271642480.032913267612	1725053.257465404226	1444542.957694910467	2919937.199954944663	0.52852136958890661	2.73016118328007540	2.42965421142559501
271642480.052425742149	1725018.587366840104	1444503.170294970041	2919977.732978209853	0.52850602557763215	2.73017244279716520	2.42964967066669635
271642480.071938276291	1724983.916588545544	1444463.382377356524	2920018.265207068995	0.52849090119809672	2.73018396508732986	2.42964603416609259
271642480.091450750828	1724949.245210060384	1444423.594219906954	2920058.796346551273	0.52847581085936968	2.73019552799380083	2.42964253757497417
271642480.110963284969	1724914.573042981792	1444383.805579106556	2920099.326657908969	0.52846072062763039	2.73020709093044456	2.42963904119885843
271642480.130475759506	1724879.900321371853	1444344.016704034293	2920139.855884050950	0.52844563059961702	2.73021865383270956	2.42963554507048762
271642480.149988234043	1724845.226930386852	1444304.227444169112	2920180.384167764802	0.52843054058457550	2.73023021683335676	2.42963204913121666
271642480.169500768185	1724810.552748847520	1444264.437720313203	2920220.911606918555	0.52841553394763130	2.73024143030654054	2.42962868941194454
271642480.189013242722	1724775.878068418941	1444224.647703921190	2920261.438009878621	0.52840056180163364	2.73025249977848539	2.42962538594065336
271642480.208525776863	1724741.202583272941	1444184.857228605775	2920301.963568335865	0.52838558966062310	2.73026356934099246	2.42962208264494706
271642480.228038251400	1724706.526503180154	1444145.066507193493	2920342.488037416711	0.52837061762061843	2.73027463893252342	2.42961877955639105
271642480.247550785542	1724671.849705164321	1444105.275284809060	2920383.011698852759	0.52835564568298654	2.73028570855491015	2.42961547667841149
271642480.267063260078	1724637.172326709377	1444065.483805676922	2920423.534287238959	0.52834068460377903	2.73029703311535465	2.42961201736637111
271642480.286575734615	1724602.494280749466	1444025.691975869937	2920464.055907736998	0.52832572964224012	2.73030850373381062	2.42960846855936508
271642480.306088268757	1724567.815489957808	1443985.899634203408	2920504.576729726046	0.52831077478670707	2.73031997438290830	2.42960491996413008
271642480.325600743294	1724533.136116359383	1443946.107064576587	2920545.096456231084	0.52829582013308984	2.73033144499865887	2.42960137161372991
271642480.345113277435	1724498.455968302209	1443906.314006568631	2920585.615354553796	0.52828086549365949	2.73034291571453247	2.42959782345230968
271642480.364625751972	1724463.775272907689	1443866.520688690245	2920626.133184094448	0.52826623028413167	2.73035414931023368	2.42959417005861633
271642480.384138226509	1724429.093872643076	1443826.727017966565	2920666.650044505950	0.52825182747065424	2.73036521043128966	2.42959044022883885
271642480.403650760651	1724394.411740689538	1443786.932841928210	2920707.166103325319	0.52823742466881329	2.73037627164947905	2.42958671056992470
271642480.423163235188	1724359.729035777971	1443747.138431392610	2920747.681080011651	0.52822302196703852	2.73038733289781543	2.42958298110576543
271642480.442675769329	1724325.045571152819	1443707.343525264878	2920788.195225488394	0.52820861937217556	2.73039839418546260	2.42957925185349666
271642480.462188243866	1724290.361529914895	1443667.548377157189	2920828.708288890310	0.52819388475349793	2.73040975153661103	2.42957564589205877
271642480.481700778008	1724255.676737622591	1443627.752731249435	2920869.220540374052	0.52817862331686616	2.73042157854366163	2.42957223528180766
271642480.501213252544	1724220.991369120777	1443587.956833939301	2920909.731715781149	0.52816336198948388	2.73043340557998704	2.42956882489319348
271642480.520725727081	1724186.305347010493	1443548.160577500705	2920950.241942591965	0.52814810086913511	2.73044523257941840	2.42956541475843313
271642480.540238261223	1724151.618546771351	1443508.363825220382	2920990.751341279596	0.52813283976434544	2.73045705967978236	2.42956200482336238
271642480.559750735760	1724116.931189509574	1443468.566826900700	2921031.259648863692	0.52811775655894477	2.73046888230350948	2.42955873473404704
271642480.579263269901	1724082.243093500147	1443428.769336064113	2921071.767163768411	0.52810307817754953	2.73048069469014187	2.42955578269381745
271642480.598775744438	1724047.554407954449	1443388.971600158140	2921112.273580332752	0.52808839999074042	2.73049250703245905	2.42955283089419360
271642480.618288278580	1724012.864919065731	1443349.173384370981	2921152.779161415529	0.52807372181416978	2.73050431946810734	2.42954987928660815
271642480.637800753117	1723978.174895371078	1443309.374917444540	2921193.283673604950	0.52805904373931867	2.73051613192734166	2.42954692789362614
271642480.657313227654	1723943.484254123643	1443269.576057314640	2921233.787260933314	0.52804430641151390	2.73052797246731016	2.42954392716664724
271642480.676825761795	1723908.792789761676	1443229.776734240120	2921274.289996460080	0.52802919620139077	2.73053998953998756	2.42954061568516266
271642480.696338236332	1723874.100748773199	1443189.977169214981	2921314.791649908759	0.52801408609880074	2.73055200663839459	2.42953730442272642
271642480.715850770473	1723839.407966202823	1443150.177105465438	2921355.292488415260	0.52799897610921587	2.73056402376986052	2.42953399339304843
271642480.735363245010	1723804.714621154591	1443110.376794713782	2921395.792244788259	0.52798386632538330	2.73057604086155470	2.42953068261745608
271642480.754875779152	1723770.020516121062	1443070.575984982075	2921436.291189302225	0.52796880345216080	2.73058805099871682	2.42952741398976668
271642480.774388253689	1723735.325867369305	1443030.774922911776	2921476.789064979181	0.52795432421082378	2.73059997339658489	2.42952466756737184
271642480.793900728226	1723700.630513902288	1442990.973515311256	2921517.285962557420	0.52793984516014048	2.73061189574633678	2.42952192138246659
271642480.813413262367	1723665.934406099841	1442951.171593047446	2921557.782054270618	0.52792536611956598	2.73062381818879629	2.42951917539242013
271642480.832925736904	1723631.237733404385	1442911.369456394110	2921598.277051801328	0.52791088717388490	2.73063574064621672	2.42951642960483083
271642480.852438271046	1723596.540310615906	1442871.566810401622	2921638.771240442526	0.52789640832993978	2.73064766312775831	2.42951368403683565
271642480.871950745583	1723561.842291827546	1442831.763929981738	2921679.264336682390	0.52788151427671748	2.73065956805169341	2.42951048543811732
271642480.891463279724	1723527.143518290250	1442791.960544329835	2921719.756621064153	0.52786656492179951	2.73067147074244376	2.42950722667770780
271642480.910975754261	1723492.444190758048	1442752.156922336668	2921760.247817256488	0.52785161567456340	2.73068337346154610	2.42950396813866343
271642480.930488228798	1723457.744192778366	1442712.352927239845	2921800.738067997154	0.52783666662814133	2.73069527613870333	2.42950070984542243
271642480.950000762939	1723423.043444292387	1442672.548432241892	2921841.227503850125	0.52782171759624719	2.73070717891450077	2.42949745174909859
271642480.969513237476	1723388.342098798370	1442632.743714418495	2921881.715844274499	0.52780724324938033	2.73071907522542334	2.42949462953324336
271642480.989025771618	1723353.640003197826	1442592.938487274107	2921922.203375809826	0.52779286999001407	2.73073097017991495	2.42949190024130068
271642481.008538246155	1723318.937349940883	1442553.133016311098	2921962.689819215331	0.52777849691960732	2.73074286508608211	2.42948917118471774
271642481.028050780296	1723284.233940325212	1442513.327053896617	2922003.175450703595	0.52776412385617322	2.73075476008075135	2.42948644231421840
271642481.047563254833	1723249.529962958302	1442473.520850782283	2922043.660000060219	0.52774975088932718	2.73076665509367400	2.42948371365100835
271642481.067075729370	1723214.825292119058	1442433.714274604572	2922084.143593694549	0.52773499105501775	2.73077831433189289	2.42948045898081721
271642481.086588263512	1723180.119874009863	1442393.907215455314	2922124.626366385724	0.52771998993710767	2.73078982671242843	2.42947687643122112
271642481.106100738049	1723145.413902886445	1442354.099908394273	2922165.108053918928	0.52770498892884943	2.73080133912785072	2.42947329410169877
271642481.125613272190	1723110.707147730980	1442314.292114017531	2922205.588916296605	0.52768998802886902	2.73081285157632303	2.42946971198881689
271642481.145125746727	1723075.999843983678	1442274.484064191347	2922246.068715835456	0.52767498733061613	2.73082436398993078	2.42946613011898904
271642481.164638280869	1723041.292072860757	1442234.676956493407	2922286.547312698327	0.52765958663290480	2.73083596460095279	2.42946221398774531
271642481.184150755405	1723006.583425814053	1442194.868189309957	2922327.025198895019	0.52764371580895730	2.73084766881379304	2.42945790491021496
271642481.203663229942	1722971.874128884403	1442155.059033411788	2922367.502133638598	0.52762784521134964	2.73085937300883286	2.42945359610914702
271642481.223175764084	1722937.164076573448	1442115.249374492792	2922407.978259495459	0.52761197453828768	2.73087107738599322	2.42944928747825095
271642481.242688238621	1722902.453426837223	1442075.439502203371	2922448.453283923212	0.52759610418484648	2.73088278166893561	2.42944497914095026
271642481.262200772762	1722867.742031209636	1442035.629125952022	2922488.927496436518	0.52758034193586223	2.73089449216592284	2.42944089890272075
271642481.281713247299	1722833.030064563965	1441995.818492124788	2922529.400632871315	0.52756476083050208	2.73090621291472635	2.42943720060216029
271642481.301225781441	1722798.317302600713	1441956.007398576709	2922569.872921771836	0.52754917983985061	2.73091793369950331	2.42943350253036972
271642481.320738255978	1722763.604040654143	1441916.196024206234	2922610.344171457458	0.52753359906089914	2.73092965445106861	2.42942980471447312
271642481.340250730515	1722728.890077001182	1441876.384314035065	2922650.814445955679	0.52751801829827505	2.73094137530595349	2.42942610709678375
271642481.359763264656	1722694.175330484984	1441836.572112245252	2922691.283889357001	0.52750265904090821	2.73095290369279597	2.42942214793062128
271642481.379275739193	1722659.460022436455	1441796.759651941946	2922731.752253652085	0.52748775804208670	2.73096403377707109	2.42941764741471289
271642481.398788273335	1722624.743986849207	1441756.946691773366	2922772.219813332427	0.52747285706368841	2.73097516397091633	2.42941314707599254
271642481.418300747871	1722590.027382887434	1441717.133493122179	2922812.686293846928	0.52745795619855462	2.73098629420875172	2.42940864694648662
271642481.437813282013	1722555.309971445706	1441677.319816638017	2922853.151932943147	0.52744305544804782	2.73099742449240734	2.42940414702962215
271642481.457325756550	1722520.592054388952	1441637.505871236091	2922893.616516439710	0.52742818373340272	2.73100866137176546	2.42939980382376142
271642481.476838231087	1722485.873399052769	1441597.691592955031	2922934.080111568328	0.52741351041903295	2.73102063207888834	2.42939653758986696
271642481.496350765228	1722451.154041176895	1441557.876791625749	2922974.542918401305	0.52739883721279535	2.73103260281580518	2.42939327157814233
271642481.515863239765	1722416.434119764948	1441518.061754974071	2923015.004640073981	0.52738416420476897	2.73104457350996954	2.42939000580963960
271642481.535375773907	1722381.713372494560	1441478.246236431878	2923055.465513027739	0.52736949121340926	2.73105654430463352	2.42938674023881163
271642481.554888248444	1722346.992123232689	1441438.430460268632	2923095.925340708811	0.52735483041593145	2.73106850209201690	2.42938352040251004
271642481.574400782585	1722312.270085862372	1441398.614194982219	2923136.384326913394	0.52734039237511610	2.73108021997107686	2.42938113912556330
271642481.593913257122	1722277.547475457657	1441358.797695331275	2923176.842230982613	0.52732595451557618	2.73109193779453951	2.42937875807116299
271642481.613425731659	1722242.824222214753	1441318.980818535667	2923217.299202839378	0.52731151665590392	2.73110365569890945	2.42937637719771615
271642481.632938265800	1722208.100161091890	1441279.163469561841	2923257.755316892173	0.52729707889295252	2.73111537362416668	2.42937399654144226
271642481.652450740337	1722173.375575551298	1441239.345860832138	2923298.210372435860	0.52728264131125657	2.73112709149382038	2.42937161610770369
271642481.671963274479	1722138.650238832226	1441199.527754471870	2923338.664616062306	0.52726764148259342	2.73113914043212569	2.42936833691170984
271642481.691475749016	1722103.924278389663	1441159.709417907288	2923379.117754048668	0.52725256483077620	2.73115123468673948	2.42936493493526218
271642481.710988283157	1722069.197594030993	1441119.890589007875	2923419.570087360684	0.52723748829070338	2.73116332897198433	2.42936153318598702
271642481.730500757694	1722034.470324692084	1441080.071511084912	2923460.021325301379	0.52722241195902075	2.73117542322005002	2.42935813169605375
271642481.750013232231	1721999.742440765491	1441040.252049746923	2923500.471641294193	0.52720733564241717	2.73118751756654499	2.42935473040110983
271642481.769525766373	1721965.013758221176	1441000.432111845817	2923540.921115809586	0.52719305969674624	2.73119938024152509	2.42935192109579523
271642481.789038240910	1721930.284483859781	1440960.611944945063	2923581.369494897313	0.52717895515115432	2.73121119329373174	2.42934923862578467
271642481.808550775051	1721895.554453660501	1440920.791284531122	2923621.817059096415	0.52716485061137952	2.73122300643296967	2.42934655633680485
271642481.828063249588	1721860.823885899503	1440880.970354047604	2923662.263557489496	0.52715074616813151	2.73123481959314818	2.42934387425663578
271642481.847575783730	1721826.092542532366	1440841.148946987698	2923702.709224670660	0.52713664182003628	2.73124663277243274	2.42934119238184332
271642481.867088258266	1721791.360631354852	1440801.327299325261	2923743.153809718788	0.52712205943218216	2.73125857944429429	2.42933812957269879
271642481.886600732803	1721756.628062794684	1440761.505285223015	2923783.597446229775	0.52710720007925227	2.73127060355773210	2.42933484619412932
271642481.906113266945	1721721.894721205113	1440721.682769213570	2923824.040254615713	0.52709234083746725	2.73128262770337171	2.42933156304471609
271642481.925625741482	1721687.160828982480	1440681.860021014931	2923864.481994106900	0.52707748179393876	2.73129465180284781	2.42932828013532864
271642481.945138275623	1721652.426164717413	1440642.036759331357	2923904.922908500768	0.52706262276895233	2.73130667600555777	2.42932499743049757
271642481.964650750160	1721617.690934899496	1440602.213285546750	2923945.362731678877	0.52704784592429554	2.73131875356719522	2.42932161303054173
271642481.984163284302	1721582.954927196726	1440562.389306713128	2923985.801732730586	0.52703313031954568	2.73133087088525439	2.42931815296369669
271642482.003675758839	1721548.218408590415	1440522.565065293806	2924026.239678183571	0.52701841491849288	2.73134298816428212	2.42931469314875237
271642482.023188233376	1721513.481152259046	1440482.740488900105	2924066.676632296294	0.52700369953360537	2.73135510554200378	2.42931123352407363
271642482.042700767517	1721478.743164470885	1440442.915397992358	2924107.112790818326	0.52698898426069007	2.73136722295229850	2.42930777412561794
271642482.062213242054	1721444.004617356462	1440403.090077146189	2924147.547861152794	0.52697417413166336	2.73137915319446822	2.42930426816554501
271642482.081725776196	1721409.265290364623	1440363.264274432790	2924187.982103304472	0.52695918215481408	2.73139072553018902	2.42930067283942908
271642482.101238250732	1721374.525422136998	1440323.438194201561	2924228.415279703680	0.52694419028812156	2.73140229790095868	2.42929707773430525
271642482.120750784874	1721339.784762164112	1440283.611661846749	2924268.847608514130	0.52692919853021225	2.73141387030494531	2.42929348284674163
271642482.140263259411	1721305.043546223780	1440243.784859188134	2924309.278874597047	0.52691420697447811	2.73142544267386311	2.42928988820322900
271642482.159775733948	1721270.301681373734	1440203.957700758474	2924349.709186089225	0.52689908112470896	2.73143725050844211	2.42928647017828414
271642482.179288268089	1721235.559042867972	1440164.130042634672	2924390.138672425412	0.52688344381267482	2.73144995487575315	2.42928372441363027
271642482.198800742626	1721200.815850656480	1440124.302142691333	2924430.567086955067	0.52686780670711952	2.73146265918619724	2.42928097890624928
271642482.218313276768	1721166.071863828460	1440084.473764325026	2924470.994665947277	0.52685216961745551	2.73147536359565146	2.42927823362380657
271642482.237825751305	1721131.327338616131	1440044.645134772873	2924511.421167134307	0.52683653263828223	2.73148806802525579	2.42927548858074838
271642482.257338285446	1721096.582029654179	1440004.816008645343	2924551.846849163063	0.52682094946044611	2.73150065139754350	2.42927263384221126
271642482.276850759983	1721061.836194848176	1439964.986640047515	2924592.271453274414	0.52680571913871832	2.73151243941449229	2.42926905721862463
271642482.296363234520	1721027.089660626836	1439925.156906977296	2924632.695104634855	0.52679048883122048	2.73152422753083313	2.42926548078635784
271642482.315875768661	1720992.342375363223	1439885.326683614869	2924673.117935108952	0.52677525863553765	2.73153601568062143	2.42926190457865054
271642482.335388243198	1720957.594484315719	1439845.496239820030	2924713.539650863037	0.52676002864788396	2.73154780379608475	2.42925832862531044
271642482.354900777340	1720922.846221135464	1439805.666686770972	2924753.960229062475	0.52674487111914337	2.73155962906728833	2.42925486046860506
271642482.374413251877	1720888.097026504343	1439765.835482646246	2924794.380070118234	0.52673061643522212	2.73157191608016525	2.42925273335957304
271642482.393925786018	1720853.347066298826	1439726.003798911348	2924834.799073965289	0.52671636184529858	2.73158420310664729	2.42925060646646962
271642482.413438260555	1720818.596581420628	1439686.171848259168	2924875.217028269544	0.52670210743689205	2.73159649007225669	2.42924847980338976
271642482.432950735092	1720783.845414112322	1439646.339554430218	2924915.634017712902	0.52668785302947541	2.73160877711862637	2.42924635332841587
271642482.452463269234	1720749.093458589632	1439606.506771616638	2924956.050165678840	0.52667359871877073	2.73162106418225159	2.42924422707621801
271642482.471975743771	1720714.340979193570	1439566.673726974754	2924996.465252160095	0.52665867622054385	2.73163302554460419	2.42924092823858429
271642482.491488277912	1720679.587667998858	1439526.840209017275	2925036.879492895212	0.52664366208965818	2.73164494235503597	2.42923746877873015
271642482.511000752449	1720644.833845467772	1439487.006437943550	2925077.292672034819	0.52662864806777243	2.73165685919497125	2.42923400953878232
271642482.530513226986	1720610.079336640891	1439447.172308976762	2925117.704895336647	0.52661363425114827	2.73166877599767677	2.42923055055126147
271642482.550025761127	1720575.324108177330	1439407.337655957090	2925158.116308138240	0.52659862045271044	2.73168069290392257	2.42922709176482821
271642482.569538235664	1720540.568285659887	1439367.502789946739	2925198.526628424414	0.52658384098557942	2.73169189178978655	2.42922324816291946
271642482.589050769806	1720505.811683812179	1439327.667439972982	2925238.936117556877	0.52656911990034372	2.73170291206057714	2.42921930897168981
271642482.608563244343	1720471.054563110229	1439287.831814677920	2925279.344554176554	0.52655439901432066	2.73171393230574600	2.42921537001820020
271642482.628075778484	1720436.296653188067	1439247.995712005766	2925319.752146291547	0.52653967814401792	2.73172495265510751	2.42921143124524708
271642482.647588253021	1720401.538145554718	1439208.159388866043	2925360.158645946998	0.52652495737707516	2.73173597303826421	2.42920749267113889
271642482.667100727558	1720366.779001425719	1439168.322678115219	2925400.564207449090	0.52651017555287760	2.73174782579318354	2.42920391189521290
271642482.686613261700	1720332.019081609789	1439128.485490903025	2925440.968937739264	0.52649535809063375	2.73176016315954540	2.42920053943762326
271642482.706125736237	1720297.258598562563	1439088.648059096653	2925481.372588867322	0.52648054074033590	2.73177250055562659	2.42919716720763113
271642482.725638270378	1720262.497394664446	1439048.810107599245	2925521.775435436051	0.52646572350470944	2.73178483798508109	2.42919379521209322
271642482.745150744915	1720227.735593049088	1439008.971935644280	2925562.177189545240	0.52645090647197978	2.73179717536946320	2.42919042346584924
271642482.764663279057	1720192.972997559234	1438969.133290422382	2925602.578096179292	0.52643609224591215	2.73180904687094284	2.42918658075754834
271642482.784175753593	1720158.209877966903	1438929.294376160018	2925642.977950300556	0.52642128019735335	2.73182057314291216	2.42918238916139995
271642482.803688228130	1720123.446096272441	1438889.455099666491	2925683.376852912363	0.52640646835543459	2.73183209938810867	2.42917819781247335
271642482.823200762272	1720088.681531556882	1438849.615327991778	2925723.774914045818	0.52639165653965225	2.73184362574801476	2.42917400666076677
271642482.842713236809	1720053.916416153312	1438809.775324215880	2925764.171906287782	0.52637684483410174	2.73185515214366070	2.42916981571584545
271642482.862225770950	1720019.150541157229	1438769.934819583781	2925804.568083696999	0.52636202068707449	2.73186678857162146	2.42916589642697289
271642482.881738245487	1719984.384059736272	1438730.094096754212	2925844.963149357587	0.52634717630230288	2.73187860404191341	2.42916241931428667
271642482.901250779629	1719949.616857446963	1438690.252854265040	2925885.357410455588	0.52633233193507856	2.73189041961504708	2.42915894239850916
271642482.920763254166	1719914.849081440130	1438650.411379720550	2925925.750592391472	0.52631748767379438	2.73190223521576891	2.42915546569512841
271642482.940275728703	1719880.080623349408	1438610.569552652538	2925966.142815464176	0.52630264361503665	2.73191405077978988	2.42915198924020315
271642482.959788262844	1719845.311410502298	1438570.727227891097	2926006.534217710141	0.52628806809870810	2.73192582843540688	2.42914873489764549
271642482.979300737381	1719810.541655355366	1438530.884637299925	2926046.924551175907	0.52627407282299066	2.73193752400142120	2.42914596021584295
271642482.998813271523	1719775.771114002215	1438491.041579044191	2926087.314043048769	0.52626007764459093	2.73194921959129200	2.42914318574320065
271642483.018325746059	1719741.000043892767	1438451.198255859315	2926127.702479439788	0.52624608264671124	2.73196091513049932	2.42914041149091187
271642483.037838280201	1719706.228150040377	1438411.354479492176	2926168.090058027301	0.52623208765473306	2.73197261075711051	2.42913763741600031
271642483.057350754738	1719671.455713284900	1438371.510439468548	2926208.476570808329	0.52621800173840239	2.73198432291742188	2.42913479711763935
271642483.076863229275	1719636.682648496935	1438331.666022529593	2926248.862139377277	0.52620319518681358	2.73199616581488680	2.42913143099600548
271642483.096375763416	1719601.908788993955	1438291.821127302712	2926289.246872408316	0.52618838865166584	2.73200800881372663	2.42912806507137180
271642483.115888237953	1719567.134381561307	1438251.975981925614	2926329.630530662369	0.52617358222112198	2.73201985183852036	2.42912469935854736
271642483.135400772095	1719532.359174774494	1438212.130362352123	2926370.013350410387	0.52615877589927296	2.73203169489474718	2.42912133386781770
271642483.154913246632	1719497.583442873554	1438172.284485357115	2926410.395114614628	0.52614396977564493	2.73204353790881083	2.42911796861741314
271642483.174425780773	1719462.806932156207	1438132.438118555117	2926450.776034316048	0.52612863725227754	2.73205495237983120	2.42911404312310797
271642483.193938255310	1719428.029867079109	1438092.591512206011	2926491.155885179061	0.52611328021150960	2.73206634683189264	2.42911009162108638
271642483.213450729847	1719393.252112203743	1438052.744547801325	2926531.534771294333	0.52609792337941608	2.73207774125593605	2.42910614036847905
271642483.232963263988	1719358.473614869639	1438012.897087217309	2926571.912845438812	0.52608256656610175	2.73208913578817736	2.42910218931136068
271642483.252475738525	1719323.694555067690	1437973.049387180246	2926612.289828480687	0.52606720986445898	2.73210053035776168	2.42909823847154271
271642483.271988272667	1719288.914716641186	1437933.201184457168	2926652.665992367547	0.52605202257094774	2.73211229599330130	2.42909465792570467
271642483.291500747204	1719254.134333328810	1437893.352741260082	2926693.041084389202	0.52603685885861440	2.73212411282351608	2.42909112872733424
271642483.311013281345	1719219.353174866643	1437853.503819517791	2926733.415342230815	0.52602169516146136	2.73213592975431574	2.42908759972328792
271642483.330525755882	1719184.571457968559	1437813.654656408587	2926773.788514912594	0.52600653157529598	2.73214774671774618	2.42908407094308965
271642483.350038230419	1719149.789075060282	1437773.805116407806	2926814.160745113157	0.52599136819592207	2.73215956364585200	2.42908054241625848
271642483.369550764561	1719115.005922611803	1437733.955082214205	2926854.532147127669	0.52597642356161911	2.73217086101820428	2.42907688997756743
271642483.389063239098	1719080.222226463491	1437694.104803215945	2926894.902471339796	0.52596152747390912	2.73218204332748416	2.42907321025454825
271642483.408575773239	1719045.437728759600	1437654.254065972520	2926935.271959957201	0.52594663149166143	2.73219322567097977	2.42906953074112852
271642483.428088247776	1719010.652685665060	1437614.403053301852	2926975.640376880299	0.52593173570904561	2.73220440798461217	2.42906585146774923
271642483.447600781918	1718975.866862141527	1437574.551564609865	2927016.007949243300	0.52591683994180016	2.73221559040200912	2.42906217238380817
271642483.467113256454	1718941.080531283747	1437534.699824739946	2927056.374476331286	0.52590190435626205	2.73222716012526545	2.42905870129914536
271642483.486625730991	1718906.293515622849	1437494.847713356139	2927096.740047643892	0.52588694562338656	2.73223895635357206	2.42905535201978973
271642483.506138265133	1718871.505710857688	1437454.995131970150	2927137.104765479919	0.52587198690480230	2.73225075268119166	2.42905200293523826
271642483.525650739670	1718836.717323240358	1437415.142310124822	2927177.468413180206	0.52585702829096759	2.73226254903481758	2.42904865406362758
271642483.545163273811	1718801.928238484543	1437375.288969995454	2927217.831244265661	0.52584206979006654	2.73227434542540237	2.42904530542553232
271642483.564675748348	1718767.138868208043	1437335.436822847929	2927258.192636722699	0.52582728407362778	2.73228603211812393	2.42904214068597701
271642483.584188282490	1718732.348421387142	1437295.582765677013	2927298.553557550069	0.52581263958422664	2.73229762917909946	2.42903912641187292
271642483.603700757027	1718697.557410067879	1437255.728468352230	2927338.913405158557	0.52579799519485615	2.73230922626448747	2.42903611234823202
271642483.623213231564	1718662.765694386093	1437215.873823708156	2927379.272271695547	0.52578335099814844	2.73232082330767323	2.42903309852142568
271642483.642725765705	1718627.973282357445	1437176.018645728240	2927419.630343997385	0.52576870681155219	2.73233242044552549	2.42903008488555239
271642483.662238240242	1718593.180276206229	1437136.163254876854	2927459.987323784269	0.52575399121099098	2.73234423238858604	2.42902696866853551
271642483.681750774384	1718558.386514033424	1437096.307370765368	2927500.343488684855	0.52573915985526165	2.73235639234957395	2.42902368614106123
271642483.701263248920	1718523.592165135080	1437056.451251628343	2927540.698558157310	0.52572432870247399	2.73236855226899422	2.42902040386573148
271642483.720775783062	1718488.797095274786	1437016.594612949993	2927581.052823068574	0.52570949756779228	2.73238071229059365	2.42901712179336293
271642483.740288257599	1718454.001432478428	1436976.737757072086	2927621.405989524908	0.52569466653953079	2.73239287233701811	2.42901383993825259
271642483.759800732136	1718419.205088721355	1436936.880544446176	2927661.758191175759	0.52568006457720129	2.73240490568710159	2.42901070023753540
271642483.779313266277	1718384.408038529335	1436897.022801601561	2927702.109604590107	0.52566594605457384	2.73241667159769230	2.42900786046660544
271642483.798825740814	1718349.610370194074	1436857.164857517928	2927742.459912193008	0.52565182762569629	2.73242843752587383	2.42900502089419312
271642483.818338274956	1718314.811942342203	1436817.306416205596	2927782.809385616332	0.52563770929738629	2.73244020348077266	2.42900218153744607
271642483.837850749493	1718280.013013341464	1436777.447705924278	2927823.157816794235	0.52562359106281553	2.73245196945325741	2.42899934237920956
271642483.857363283634	1718245.213261496974	1436737.588531001471	2927863.505393200088	0.52560935992210522	2.73246375163695543	2.42899642824359807
271642483.876875758171	1718210.412966304924	1436697.729101930745	2927903.851897796150	0.52559437447447621	2.73247564233730555	2.42899301264219636
271642483.896388232708	1718175.611970758066	1436657.869323658524	2927944.197427263949	0.52557938913743518	2.73248753307013637	2.42898959726635555
271642483.915900766850	1718140.810248023598	1436618.009043693310	2927984.542149143759	0.52556440390961168	2.73249942383361955	2.42898618211264150
271642483.935413241386	1718106.007947257021	1436578.148526465055	2928024.885794888716	0.52554941888298901	2.73251131455569496	2.42898276720301975
271642483.954925775528	1718071.204878075980	1436538.287510792958	2928065.228606510442	0.52553449269778296	2.73252317380756171	2.42897936184818297
271642483.974438250065	1718036.401276500430	1436498.426263442496	2928105.570346154273	0.52552041332246180	2.73253457862997395	2.42897609135010972
271642483.993950784206	1718001.596902256832	1436458.564512332901	2928145.911254703533	0.52550633404824731	2.73254598348299416	2.42897282105974277
271642484.013463258743	1717966.791954821208	1436418.702527123503	2928186.251081119757	0.52549225495886098	2.73255738829388006	2.42896955099130096
271642484.032975733280	1717931.986340122297	1436378.840169447009	2928226.589970992878	0.52547817587865886	2.73256879319715562	2.42896628109575063
271642484.052488267422	1717897.179973022547	1436338.977346186293	2928266.928011606913	0.52546409689818363	2.73258019812920461	2.42896301140446447
271642484.072000741959	1717862.373019977473	1436299.114272872452	2928307.264979172032	0.52544938355302895	2.73259189438126660	2.42895933740060732
271642484.091513276100	1717827.565327144228	1436259.250685440842	2928347.601128877141	0.52543456084921392	2.73260364096360764	2.42895559386304383
271642484.111025750637	1717792.757069611922	1436219.386874552118	2928387.936190398410	0.52541973825363320	2.73261538757725697	2.42895185053752849
271642484.130538284779	1717757.948037229944	1436179.522575832671	2928428.270423735958	0.52540491577037551	2.73262713422768400	2.42894810743434775
271642484.150050759315	1717723.138480642810	1436139.658008227358	2928468.603604558855	0.52539009349042898	2.73263888084370876	2.42894436457746909
271642484.169563233852	1717688.328207567800	1436099.793115877546	2928508.935793874320	0.52537531547578542	2.73265025368797021	2.42894054708715412
271642484.189075767994	1717653.517189902486	1436059.927709998330	2928549.267181711737	0.52536055647782831	2.73266146677591726	2.42893669782458632
271642484.208588242531	1717618.705618577078	1436020.062066011131	2928589.597478392534	0.52534579768007417	2.73267267983589379	2.42893284880257054
271642484.228100776672	1717583.893295804970	1435980.195924757048	2928629.926963156089	0.52533103889720945	2.73268389299825465	2.42892899996156819
271642484.247613251209	1717549.080352183199	1435940.329563256819	2928670.255345195998	0.52531628021983856	2.73269510619508260	2.42892515132620046
271642484.267125785351	1717514.266700884560	1435900.462696088245	2928710.582910619676	0.52530138029852402	2.73270668727104526	2.42892152795597971
271642484.286638259888	1717479.452467875788	1435860.595584206283	2928750.909399968106	0.52528639731841231	2.73271848497144276	2.42891803738449763
271642484.306150734425	1717444.637552288128	1435820.728129382944	2928791.234924452379	0.52527141435145053	2.73273028276957364	2.42891454700105758
271642484.325663268566	1717409.821901132585	1435780.860165791353	2928831.559628055431	0.52525643149779144	2.73274208060489343	2.42891105684867048
271642484.345175743103	1717375.005662444979	1435740.991965912981	2928871.883258550894	0.52524144884394985	2.73275387839861184	2.42890756693603871
271642484.364688277245	1717340.188691838644	1435701.123264761409	2928912.206068104599	0.52522687564327919	2.73276518321676454	2.42890424266815375
271642484.384200751781	1717305.371149209561	1435661.254325214541	2928952.527789584827	0.52521261051195900	2.73277611716625790	2.42890104303920840
271642484.403713285923	1717270.552840201650	1435621.384908511071	2928992.848676828668	0.52519834547648303	2.73278705114390696	2.42889784360865146
271642484.423225760460	1717235.733958351426	1435581.515248351963	2929033.168487938121	0.52518408062443545	2.73279798508349803	2.42889464439712999
271642484.442738234997	1717200.914424712770	1435541.645213667536	2929073.487347539049	0.52516981577790434	2.73280891911380186	2.42889144535647672
271642484.462250769138	1717166.094105743570	1435501.774703692645	2929113.805378958583	0.52515527961830255	2.73282030921882191	2.42888818753862479
271642484.481763243675	1717131.273248605430	1435461.903933390742	2929154.122338568792	0.52514029830850228	2.73283244761555633	2.42888483320388948
271642484.501275777817	1717096.451620826963	1435422.032680625562	2929194.438466972206	0.52512531701595089	2.73284458611381620	2.42888147907025109
271642484.520788252354	1717061.629428699380	1435382.161195053952	2929234.753513185773	0.52511033583260947	2.73285672464002660	2.42887812515930568
271642484.540300726891	1717026.806581121404	1435342.289327484788	2929275.067607947160	0.52509535485588987	2.73286886312790855	2.42887477150636588
271642484.559813261032	1716991.982952454127	1435302.416989958379	2929315.380871499889	0.52508049540220103	2.73288091975865433	2.42887145549946082
271642484.579325735569	1716957.158785011154	1435262.544394279364	2929355.693066216074	0.52506592087323467	2.73289278431352800	2.42886822749921594
271642484.598838269711	1716922.333803150803	1435222.671344710281	2929396.004400101956	0.52505134644999529	2.73290464889748641	2.42886499971746828
271642484.618350744247	1716887.508316809544	1435182.798009369522	2929436.314697799273	0.52503677222195400	2.73291651343863196	2.42886177217504118
271642484.637863278389	1716852.682069883216	1435142.924188490724	2929476.624158290215	0.52502219800878303	2.73292837807893196	2.42885854482684982
271642484.657375752926	1716817.855220492929	1435103.050151447998	2929516.932523351163	0.52500754952566675	2.73294026088751041	2.42885527935796297
271642484.676888227463	1716783.027738454053	1435063.175725139910	2929557.239956198726	0.52499228740571935	2.73295229343879020	2.42885169781072241
271642484.696400761604	1716748.199476064648	1435023.300830244552	2929597.546535514761	0.52497702530604640	2.73296432609658924	2.42884811646972842
271642484.715913236141	1716713.370651697041	1434983.425673747202	2929637.852055077907	0.52496176331759736	2.73297635878433676	2.42884453535110634
271642484.735425770283	1716678.541065166239	1434943.550045462791	2929678.156737375539	0.52494650144445565	2.73298839150749773	2.42884095446514348
271642484.754938244820	1716643.711237309501	1434903.675592454849	2929718.459982342552	0.52493126445862881	2.73300037092012094	2.42883727369489710
271642484.774450778961	1716608.880327604245	1434863.799219227862	2929758.762770649046	0.52491635687334304	2.73301163942185399	2.42883225657045143
271642484.793963253498	1716574.048864192329	1434823.922607963206	2929799.064467799384	0.52490144940958716	2.73302290797676584	2.42882723966329017
271642484.813475728035	1716539.216709661996	1434784.045643183170	2929839.365206141956	0.52488654216023534	2.73303417651841807	2.42882222300859452
271642484.832988262177	1716504.383780430071	1434744.168197897030	2929879.665107335430	0.52487163493816258	2.73304544517785297	2.42881720653255995
271642484.852500736713	1716469.550339468289	1434704.290492532309	2929919.963955901098	0.52485672783760506	2.73305671389045512	2.42881219027379780
271642484.872013270855	1716434.716124772327	1434664.412295108428	2929960.261970342137	0.52484197478608063	2.73306865212739103	2.42880819206009280
271642484.891525745392	1716399.881346669281	1434624.533853354165	2930000.558905623853	0.52482724420337368	2.73308068715125518	2.42880434129883982
271642484.911038279533	1716365.045764034614	1434584.654951139353	2930040.854993429501	0.52481251364048820	2.73309272227884348	2.42880049072587134
271642484.930550754070	1716330.209642595612	1434544.775790816406	2930081.150012397207	0.52479778319194059	2.73310475744268322	2.42879664037610876
271642484.950063228607	1716295.372886918020	1434504.896254999097	2930121.444099095184	0.52478305295088346	2.73311679257347651	2.42879279028103712
271642484.969575762749	1716260.535334081855	1434465.016236583702	2930161.737335403450	0.52476829664972202	2.73312844288886048	2.42878870530506896
271642484.989088237286	1716225.697221486131	1434425.135981342988	2930202.029492491856	0.52475353455527385	2.73314000607208785	2.42878456730946057
271642485.008600771427	1716190.858376377029	1434385.255230795825	2930242.320841994137	0.52473877257293644	2.73315156929384973	2.42878042952703321
271642485.028113245964	1716156.018917371752	1434345.374247356085	2930282.611079855356	0.52472401079741804	2.73316313248955245	2.42877629199445622
271642485.047625780106	1716121.178764320677	1434305.492742603179	2930322.900529368781	0.52470924904473604	2.73317469579566108	2.42877215465209817
271642485.067138254642	1716086.337992676301	1434265.611046147300	2930363.188867072575	0.52469460909088195	2.73318630563245657	2.42876819173370517
271642485.086650729179	1716051.496594159631	1434225.728952076985	2930403.476269590203	0.52468004730300910	2.73319794523042603	2.42876434068113056
271642485.106163263321	1716016.654392656405	1434185.846383837052	2930443.762824690435	0.52466548553271775	2.73320958493113952	2.42876048981097847
271642485.125675737858	1715981.811674779747	1434145.963559626136	2930484.048324192874	0.52465092387076950	2.73322122466589246	2.42875663915131002
271642485.145188271999	1715946.968134524999	1434106.080268798396	2930524.332965950482	0.52463636231988264	2.73323286443832547	2.42875278870898326
271642485.164700746536	1715912.124083110597	1434066.196715758881	2930564.616552111227	0.52462169684113036	2.73324474786880645	2.42874900770824054
271642485.184213280678	1715877.279246899066	1434026.312685355078	2930604.899307120126	0.52460690547271494	2.73325692605714510	2.42874531056411458
271642485.203725755215	1715842.433852103539	1433986.428413816728	2930645.180976967793	0.52459211421835539	2.73326910427972170	2.42874161364579111
271642485.223238229752	1715807.587800226873	1433946.543774097692	2930685.461695308797	0.52457732317157246	2.73328128246636526	2.42873791698382169
271642485.242750763893	1715772.740996798733	1433906.658637258224	2930725.741601733491	0.52456253214666582	2.73329346075923141	2.42873422052052446
271642485.262263238430	1715737.893587954110	1433866.773278189357	2930766.020390466321	0.52454767446190598	2.73330562137853272	2.42873055448546982
271642485.281775772572	1715703.045441726455	1433826.887420702027	2930806.298377607949	0.52453270752198478	2.73331775302650826	2.42872693814157081
271642485.301288247108	1715668.196732655400	1433787.001316768583	2930846.575282617938	0.52451774079024149	2.73332988463807602	2.42872332205475550
271642485.320800781250	1715633.347257113084	1433747.114735813811	2930886.851353390142	0.52450277407882995	2.73334201635482232	2.42871970616832744
271642485.340313255787	1715598.497213506838	1433707.227914660005	2930927.126342030708	0.52448780747961976	2.73335414810321709	2.42871609050548498
271642485.359825730324	1715563.646566043375	1433667.340695866616	2930967.400405755732	0.52447294191701355	2.73336620725617729	2.42871242716251068
271642485.379338264465	1715528.795090962900	1433627.453016736079	2931007.673611734528	0.52445829238114339	2.73337811106114215	2.42870866130476504
271642485.398850739002	1715493.943051469047	1433587.565104895970	2931047.945735525806	0.52444364295546952	2.73339001489917122	2.42870489566290004
271642485.418363273144	1715459.090265848907	1433547.676696945447	2931088.217038432136	0.52442899364271023	2.73340191877390248	2.42870113024377154
271642485.437875747681	1715424.236907908460	1433507.788043486653	2931128.487262234557	0.52441434453279534	2.73341382261319632	2.42869736507148826
271642485.457388281822	1715389.382812336786	1433467.898904557806	2931168.756659097504	0.52439966109955405	2.73342573872297923	2.42869361689257879
271642485.476900756359	1715354.528187615797	1433428.009493739810	2931209.025009445846	0.52438472708558947	2.73343774366582082	2.42868999157598475
271642485.496413230896	1715319.672815195983	1433388.119762238115	2931249.292346133385	0.52436979327833200	2.73344974857308465	2.42868636651383385
271642485.515925765038	1715284.816714607878	1433348.229524199851	2931289.558887172490	0.52435485949033733	2.73346175358481380	2.42868274164932174
271642485.535438239574	1715249.960055409232	1433308.339045068249	2931329.824343050830	0.52433992581463862	2.73347375863006947	2.42867911700912931
271642485.554950773716	1715215.102640235797	1433268.448080152972	2931370.088975075167	0.52432501814847621	2.73348577648474489	2.42867548185169468
271642485.574463248253	1715180.244646092178	1433228.556893247413	2931410.352508588228	0.52431065733836624	2.73349806400719997	2.42867162029548567
271642485.593975782394	1715145.385893053608	1433188.665194301400	2931450.615230297670	0.52429629655338283	2.73351035163785516	2.42866775893358433
271642485.613488256931	1715110.526606001193	1433148.773240478011	2931490.876877174247	0.52428193588305660	2.73352263930404904	2.42866389779412106
271642485.633000731468	1715075.666636263952	1433108.880943876691	2931531.137559188996	0.52426757541691593	2.73353492693311484	2.42866003690521426
271642485.652513265610	1715040.805886673043	1433068.988156511681	2931571.397419020068	0.52425321497588495	2.73354721467037320	2.42865617621060847
271642485.672025740147	1715005.944606352132	1433029.095131155569	2931611.656197961420	0.52423835067869762	2.73355941292465188	2.42865236120011785
271642485.691538274288	1714971.082518142415	1432989.201628562994	2931651.914135484025	0.52422341315318821	2.73357159818734941	2.42864855303442884
271642485.711050748825	1714936.219904780854	1432949.307872358011	2931692.170998112764	0.52420847583970342	2.73358378341778874	2.42864474513188311
271642485.730563282967	1714901.356527294265	1432909.413610365009	2931732.427048941609	0.52419353854803363	2.73359596875457678	2.42864093742658183
271642485.750075757504	1714866.492565612076	1432869.519132645801	2931772.682001257781	0.52417860137123284	2.73360815412567337	2.42863712994632097
271642485.769588232040	1714831.627970810980	1432829.624275200767	2931812.936015360989	0.52416383088548102	2.73362008306125492	2.42863353839493490
271642485.789100766182	1714796.762571766507	1432789.728948019911	2931853.189187986776	0.52414909789251007	2.73363195437903705	2.42862999558280501
271642485.808613240719	1714761.896648752969	1432749.833362903213	2931893.441279778723	0.52413436500983179	2.73364382573059128	2.42862645299286939
271642485.828125774860	1714727.029940058477	1432709.937295451527	2931933.692552359309	0.52411963223607838	2.73365569711409595	2.42862291062169522
271642485.847638249397	1714692.162696967134	1432670.040982543491	2931973.942744107451	0.52410489966305152	2.73366756845942760	2.42861936849545490
271642485.867150783539	1714657.294654240599	1432630.144195840927	2932014.192097347230	0.52409011942955086	2.73367949032301061	2.42861579361789204
271642485.886663258076	1714622.426097835647	1432590.247135192389	2932054.440389106516	0.52407531092597015	2.73369144222988236	2.42861219935118466
271642485.906175732613	1714587.556852318114	1432550.349742368795	2932094.687721947208	0.52406050262398551	2.73370339409715468	2.42860860532900347
271642485.925688266754	1714552.686796557158	1432510.451864068396	2932134.934188129380	0.52404569434313419	2.73371534607150624	2.42860501150864527
271642485.945200741291	1714517.816265974427	1432470.553717217874	2932175.179631249048	0.52403088617023563	2.73372729807504378	2.42860141790287987
271642485.964713275433	1714482.945230881218	1432430.656518138247	2932215.423861481715	0.52401599366141483	2.73373917029025293	2.42859818650923920
271642485.984225749969	1714448.073348047212	1432390.757655281574	2932255.667368995026	0.52400103639786799	2.73375098106826275	2.42859523380062425
271642486.003738284111	1714413.200660950737	1432350.858322719345	2932295.910035030451	0.52398607914219975	2.73376279193823368	2.42859228128390292
271642486.023250758648	1714378.327429750934	1432310.958738417830	2932336.151632229798	0.52397112198758444	2.73377460283041263	2.42858932898165047
271642486.042763233185	1714343.453585762763	1432271.058755322825	2932376.392304568551	0.52395616502991693	2.73378641367868669	2.42858637692329715
271642486.062275767326	1714308.578929901356	1432231.158337589120	2932416.632112995721	0.52394133510923835	2.73379831149905383	2.42858333302150697
271642486.081788241863	1714273.703732449329	1432191.257642844692	2932456.870855671354	0.52392673339545848	2.73381036535436905	2.42858012407744761
271642486.101300776005	1714238.827754733153	1432151.356466792058	2932497.108770161401	0.52391213178735851	2.73382241923673330	2.42857691535187126
271642486.120813250542	1714203.951222245581	1432111.455064416397	2932537.345590470824	0.52389753037593589	2.73383447307491068	2.42857370686891505
271642486.140325784683	1714169.073910451028	1432071.553169182735	2932577.581585623324	0.52388292897917443	2.73384652701136455	2.42857049858029228
271642486.159838259220	1714134.196057834197	1432031.651039094897	2932617.816505886614	0.52386819242987315	2.73385846310948866	2.42856712861378199
271642486.179350733757	1714099.317549971398	1431991.748517848318	2932658.050480696373	0.52385291133769041	2.73386992448244470	2.42856310688337373
271642486.198863267899	1714064.438256382942	1431951.845534472261	2932698.283601975068	0.52383763026401731	2.73388138596304309	2.42855908534486264
271642486.218375742435	1714029.558378808899	1431911.942322491901	2932738.515650088433	0.52382234929992588	2.73389284747820405	2.42855506401706034
271642486.237888276577	1713994.677789084613	1431872.038599805441	2932778.746884617954	0.52380706845221248	2.73390430903702519	2.42855104291712109
271642486.257400751114	1713959.796608780278	1431832.134634930408	2932818.977023775224	0.52379183134159035	2.73391584385579423	2.42854708997346291
271642486.276913285255	1713924.914675855543	1431792.230184631422	2932859.206347988918	0.52377689772021130	2.73392788973043910	2.42854361064435587
271642486.296425759792	1713890.032207906013	1431752.325491092866	2932899.434594343882	0.52376196420822208	2.73393993563473003	2.42854013153607617
271642486.315938234329	1713855.149030513596	1431712.420447442913	2932939.661865623668	0.52374703090136965	2.73395198150111574	2.42853665268127328
271642486.335450768471	1713820.265100496355	1431672.514918376692	2932979.888321961742	0.52373209761086104	2.73396402746832834	2.42853317402149704
271642486.354963243008	1713785.380642808275	1431632.609123957111	2933020.113697524648	0.52371720071032346	2.73397606196317255	2.42852968520822055
271642486.374475777149	1713750.495407291921	1431592.702860084595	2933060.338250789791	0.52370281002999031	2.73398793597537360	2.42852605178670089
271642486.393988251686	1713715.609604829689	1431552.796351800440	2933100.561715980992	0.52368841945640865	2.73399981001824655	2.42852241857625861
271642486.413500785828	1713680.723018418532	1431512.889354761457	2933140.784353047609	0.52367402908200900	2.73401168402528993	2.42851878561048506
271642486.433013260365	1713645.835886438843	1431472.982123307185	2933181.005901870318	0.52365963872599419	2.73402355813495435	2.42851515283247732
271642486.452525734901	1713610.948111819336	1431433.074513127096	2933221.226515509654	0.52364524847671357	2.73403543227528223	2.42851152026553541
271642486.472038269043	1713576.059547197539	1431393.166435543681	2933261.446278644726	0.52363057118240297	2.73404735137019150	2.42850807011805436
271642486.491550743580	1713541.170438437955	1431353.258106274530	2933301.664972943254	0.52361585176666292	2.73405927704541751	2.42850464706757796
271642486.511063277721	1713506.280554818455	1431313.349296733970	2933341.882830090821	0.52360113236561290	2.73407120281952887	2.42850122420710557
271642486.530575752258	1713471.390112273395	1431273.440239002928	2933382.099611047190	0.52358641307369247	2.73408312862570790	2.42849780156894823
271642486.550088226795	1713436.499031927902	1431233.530805708142	2933422.315450822469	0.52357169398125913	2.73409505439167955	2.42849437917511901
271642486.569600760937	1713401.607156126061	1431193.620904040290	2933462.530449062586	0.52355709005070983	2.73410674305796908	2.42849093618877010
271642486.589113235474	1713366.714741028380	1431153.710753849708	2933502.744372469373	0.52354251661781293	2.73411836914100981	2.42848748792483526
271642486.608625769615	1713331.821541118436	1431113.800130040152	2933542.957445370965	0.52352794329225727	2.73412999525800604	2.42848403987955486
271642486.628138244152	1713296.927806406748	1431073.889250087785	2933583.169465761632	0.52351337015943056	2.73414162133305627	2.42848059206480205
271642486.647650778294	1713262.033283585450	1431033.977879656013	2933623.380641702097	0.52349879704310220	2.73415324751067645	2.42847714444309126
271642486.667163252831	1713227.138219313230	1430994.066276592202	2933663.590745724738	0.52348399873652962	2.73416526008084837	2.42847354721777497
271642486.686675727367	1713192.242464367533	1430954.154318078188	2933703.799887969624	0.52346906498144863	2.73417750525394032	2.42846986004123488
271642486.706188261509	1713157.345977226272	1430914.241858653724	2933744.008209273685	0.52345413125115625	2.73418975053749103	2.42846617307329282
271642486.725700736046	1713122.448917910224	1430874.329161088448	2933784.215442503802	0.52343919763324243	2.73420199585181711	2.42846248632728434
271642486.745213270187	1713087.551087127300	1430834.415983554209	2933824.421847496182	0.52342426413177945	2.73421424120237200	2.42845879981349988
271642486.764725744724	1713052.652717630845	1430794.502555348910	2933864.627174682450	0.52340974018808994	2.73422605401476249	2.42845522335347574
271642486.784238278866	1713017.753570862813	1430754.588655579370	2933904.831676601432	0.52339553029841701	2.73423753512468437	2.42845173130727332
271642486.803750753403	1712982.853863278870	1430714.674493663944	2933945.035093475599	0.52338132051201880	2.73424901626661931	2.42844823946914401
271642486.823263227940	1712947.953501175158	1430674.759982815245	2933985.237555756234	0.52336711091614196	2.73426049737100785	2.42844474786152098
271642486.842775762081	1712913.052364535397	1430634.844982354902	2934025.439186885022	0.52335290133355850	2.73427197857332294	2.42844125643266162
271642486.862288236618	1712878.150663975626	1430594.929747192422	2934065.639732854441	0.52333841231954858	2.73428369653071801	2.42843777419087248
271642486.881800770760	1712843.248222339666	1430555.014009893872	2934105.839457939379	0.52332345681124925	2.73429580967590358	2.42843430717457620
271642486.901313245296	1712808.345200928627	1430515.098049375461	2934146.038106833585	0.52330850150462771	2.73430792277718959	2.42843084040277502
271642486.920825779438	1712773.441415621666	1430475.181594009278	2934186.235915607773	0.52329354621742263	2.73432003598322693	2.42842737383432139
271642486.940338253975	1712738.537062138785	1430435.264898633817	2934226.432642248459	0.52327859104007679	2.73433214921877488	2.42842390748806691
271642486.959850728512	1712703.632083334960	1430395.347836484667	2934266.628427594434	0.52326391514974402	2.73434418077748020	2.42842023371357341
271642486.979363262653	1712668.726287171012	1430355.430301761487	2934306.823355194181	0.52324984485177062	2.73435603530021343	2.42841610948668229
