271642475.292153954506 0.000097562500
271642475.292153954506	1733456.959475439275	1454198.751066541998	2910061.139759415761	0.53216247945425543	2.72733256479932784	2.43056216959603733
271642475.311666429043	1733422.451417238452	1454159.053716070484	2910101.903338904027	0.53214720932889437	2.72734427320995243	2.43055842006799461
271642475.331178963184	1733387.942604874494	1454119.355859568808	2910142.666106531862	0.53213193931936154	2.72735598165843340	2.43055467076853704
271642475.350691437721	1733353.433199962834	1454079.657777643763	2910183.427784671076	0.53211666951938641	2.72736769007383106	2.43055092172166720
271642475.370203971863	1733318.923041481758	1454039.959187527420	2910224.188647980336	0.53210157456505502	2.72737920222984886	2.43054700251717071
271642475.389716446400	1733284.412325743819	1454000.260332821868	2910264.948457476683	0.53208650422993298	2.72739068689597142	2.43054305964862749
271642475.409228980541	1733249.900816892041	1453960.561003780691	2910305.707419494167	0.53207143400968304	2.72740217160226139	2.43053911700281544
271642475.428741455078	1733215.388759870082	1453920.861418627668	2910346.465318673756	0.53205636399681255	2.72741365627914911	2.43053517460492330
271642475.448253929615	1733180.876009282190	1453881.161461839685	2910387.222265097778	0.53204129400215416	2.72742514106022993	2.43053123239428936
271642475.467766463757	1733146.362518298440	1453841.461003377335	2910427.978393611964	0.53202621167997322	2.72743689754049656	2.43052713415134836
271642475.487278938293	1733111.848449835088	1453801.760306722252	2910468.733445988502	0.53201112389333272	2.72744877790650753	2.43052296488407782
271642475.506791472435	1733077.333617656259	1453762.059105046792	2910509.487689532805	0.53199603613150970	2.72746065838241591	2.43051879581123398
271642475.526303946972	1733042.818218572764	1453722.357652571984	2910550.240856941789	0.53198094848987543	2.72747253889992347	2.43051462696623899
271642475.545816481113	1733008.302050821483	1453682.655704715755	2910590.993196168449	0.53196586097118059	2.72748441946271702	2.43051045835593937
271642475.565328955650	1732973.785306184320	1453642.953516510781	2910631.744456287473	0.53195077591146367	2.72749561309602928	2.43050569310693643
271642475.584841430187	1732939.267896231264	1453603.250950402580	2910672.494773922954	0.53193569224604431	2.72750638792392497	2.43050056400581793
271642475.604353964329	1732904.749715963379	1453563.547902714927	2910713.244263320696	0.53192060870167435	2.72751716280897183	2.43049543511991750
271642475.623866438866	1732870.230950313155	1453523.844604041660	2910753.992679663934	0.53190552536956570	2.72752793768408708	2.43049030647824305
271642475.643378973007	1732835.711444691289	1453484.140794261359	2910794.740284093656	0.53189044206590141	2.72753871268157999	2.43048517801934238
271642475.662891447544	1732801.191382545279	1453444.436725050444	2910835.486822768115	0.53187539112261817	2.72754991842257111	2.43048050063691612
271642475.682403981686	1732766.670525462832	1453404.732188042020	2910876.232522879262	0.53186038193363450	2.72756168034498314	2.43047640567082590
271642475.701916456223	1732732.149092525011	1453365.027399070794	2910916.977146909572	0.53184537295582102	2.72757344223831710	2.43047231095851179
271642475.721428930759	1732697.627018873813	1453325.322218446527	2910957.720838783775	0.53183036400075734	2.72758520423956030	2.43046821643745403
271642475.740941464901	1732663.104180183029	1453285.616549962899	2910998.463702416047	0.53181535516609069	2.72759696628482518	2.43046412214746743
271642475.760453939438	1732628.580760344164	1453245.910635824548	2911039.205489971675	0.53180055626178024	2.72760868299994064	2.43046001754902052
271642475.779966473579	1732594.056580412900	1453206.204224193469	2911079.946468636394	0.53178610506045221	2.72762032472344451	2.43045589563045006
271642475.799478948116	1732559.531833554385	1453166.497561796568	2911120.686371166725	0.53177165397287052	2.72763196648623119	2.43045177392652167
271642475.818991482258	1732525.006270561367	1453126.790425098035	2911161.425415951293	0.53175720300178542	2.72764360829198704	2.43044765244408012
271642475.838503956795	1732490.480226135347	1453087.083003838314	2911202.163437783718	0.53174275223316503	2.72765525006648923	2.43044353120255474
271642475.858016431332	1732455.953440666897	1453047.375232026912	2911242.900477302726	0.53172815392523276	2.72766692967669133	2.43043950287180222
271642475.877528965473	1732421.425922760740	1453007.666958623799	2911283.636721171439	0.53171291140663079	2.72767877406858394	2.43043587966328678
271642475.897041440010	1732386.897818747908	1452967.958449221915	2911324.371869609226	0.53169766909833038	2.72769061842652638	2.43043225671145935
271642475.916553974152	1732352.368965796661	1452928.249427574454	2911365.106206188444	0.53168242681043854	2.72770246289035834	2.43042863396298880
271642475.936066448689	1732317.839559352957	1452888.540156177944	2911405.839479929302	0.53166718463375906	2.72771430738462328	2.43042501143425937
271642475.955578982830	1732283.309331474593	1452848.830416807206	2911446.571895923000	0.53165199836913679	2.72772613345623194	2.43042145244360208
271642475.975091457367	1732248.778597537428	1452809.120406651869	2911487.303278641310	0.53163719665044251	2.72773783233742684	2.43041832978076799
271642475.994603931904	1732214.247132080374	1452769.410044989316	2911528.033676017076	0.53162239494367425	2.72774953131382336	2.43041520730987592
271642476.014116466045	1732179.714951222762	1452729.699158511823	2911568.763271800708	0.53160759334520824	2.72776123032191720	2.43041208506480633
271642476.033628940582	1732145.182173785521	1452689.988035861868	2911609.491797504947	0.53159279193902487	2.72777292928160575	2.43040896304860876
271642476.053141474724	1732110.648660134058	1452650.276416946435	2911650.219502267428	0.53157799045250265	2.72778462840552294	2.43040584120074410
271642476.072653949261	1732076.114542338066	1452610.564552396769	2911690.946120680775	0.53156282071357763	2.72779643999963506	2.43040222230106373
271642476.092166483402	1732041.579658864532	1452570.852202204056	2911731.671913826838	0.53154761586923938	2.72780826242967978	2.43039855620403245
271642476.111678957939	1732007.044239201816	1452531.139573536115	2911772.396654572338	0.53153241113619965	2.72782008489070282	2.43039489032602418
271642476.131191432476	1731972.508138055680	1452491.426591454074	2911813.120436452795	0.53151720661329671	2.72783190731844183	2.43039122470423230
271642476.150703966618	1731937.971248513553	1452451.713118206477	2911853.843399177305	0.53150200210834342	2.72784372984878631	2.43038755927795513
271642476.170216441154	1731903.433805353940	1452411.999408038333	2911894.565273710992	0.53148677961270785	2.72785577373013099	2.43038325142134104
271642476.189728975296	1731868.895604132209	1452372.285177186364	2911935.286345413420	0.53147155140174585	2.72786788909869005	2.43037873636501400
271642476.209241449833	1731834.356826580362	1452332.570703887148	2911976.006335038226	0.53145632341179239	2.72788000444078715	2.43037422157315408
271642476.228753983974	1731799.817272767890	1452292.855757565936	2912016.725499394815	0.53144109545313167	2.72789211989957670	2.43036970698153221
271642476.248266458511	1731765.277168114670	1452253.140536125517	2912057.443603993859	0.53142586762198984	2.72790423540531934	2.43036519262568085
271642476.267778933048	1731730.736378910718	1452213.424951626686	2912098.160746816546	0.53141077046746021	2.72791606593150915	2.43036094371180411
271642476.287291467190	1731696.194849220803	1452173.708865582943	2912138.877071724739	0.53139573362013293	2.72792776489584021	2.43035681752877464
271642476.306803941727	1731661.652737750439	1452133.992536111735	2912179.592323524412	0.53138069688751388	2.72793946389734288	2.43035269156244471
271642476.326316475868	1731627.109846959589	1452094.275723977014	2912220.306747142691	0.53136566027235066	2.72795116293970086	2.43034856581966219
271642476.345828950405	1731592.566413215594	1452054.558649544371	2912261.020107919816	0.53135062386969878	2.72796286195571680	2.43034444033358055
271642476.365341424942	1731558.022286418127	1452014.841201423667	2912301.732512976043	0.53133599099689954	2.72797418846945527	2.43033987131105755
271642476.384853959084	1731523.477719766088	1451975.124683443923	2912342.443737561814	0.53132159977954441	2.72798529199280315	2.43033503689478136
271642476.404366433620	1731488.932279778877	1451935.406498851720	2912383.154242569115	0.53130720876679893	2.72799639549777151	2.43033020271673950
271642476.423878967762	1731454.386055456009	1451895.687821171014	2912423.863934360445	0.53129281778055137	2.72800749911699603	2.43032536871222460
271642476.443391442299	1731419.839275154052	1451855.968881974695	2912464.572557428386	0.53127842690778593	2.72801860278139019	2.43032053490844779
271642476.462903976440	1731385.291715681320	1451816.249456201680	2912505.280341930222	0.53126375572259121	2.72802989293488318	2.43031593541053459
271642476.482416450977	1731350.743597994559	1451776.529784870101	2912545.987060622778	0.53124870950761460	2.72804143252004794	2.43031164937354660
271642476.501928925514	1731316.194815507159	1451736.809733591741	2912586.692833860405	0.53123366331531496	2.72805297221459409	2.43030736352393051
271642476.521441459656	1731281.645253083901	1451697.089201844996	2912627.397781885695	0.53121861724080599	2.72806451195229993	2.43030307789582478
271642476.540953934193	1731247.095129552763	1451657.368410959374	2912668.101650805678	0.53120357138057672	2.72807605166878453	2.43029879252678693
271642476.560466468334	1731212.544245850993	1451617.647122687194	2912708.804710834753	0.53118850069601731	2.72808741400817345	2.43029449505215389
271642476.579978942871	1731177.992794721853	1451577.925593195716	2912749.506688733585	0.53117338464701858	2.72809845153250619	2.43029017529005298
271642476.599491477013	1731143.440560000250	1451538.203575759893	2912790.207841475494	0.53115826871147620	2.72810948910067497	2.43028585574130807
271642476.619003951550	1731108.887758285040	1451498.481307658833	2912830.907918080688	0.53114315298492842	2.72812052664952409	2.43028153644026057
271642476.638516426086	1731074.334325301694	1451458.758647047449	2912871.607059502508	0.53112803727765678	2.72813156430719905	2.43027721732164315
271642476.658028960228	1731039.780084103812	1451419.035512268078	2912912.305365442764	0.53111288506164156	2.72814274051259487	2.43027294128668725
271642476.677541434765	1731005.225295840530	1451379.312117194524	2912953.002602601424	0.53109757033098770	2.72815453211855985	2.43026885599361497
271642476.697053968906	1730970.669732902898	1451339.588235376868	2912993.699014549144	0.53108225562430000	2.72816632383511415	2.43026477089984994
271642476.716566443443	1730936.113591807894	1451299.864117669407	2913034.394353331998	0.53106694103420482	2.72817811558896572	2.43026068602802603
271642476.736078977585	1730901.556712838588	1451260.139473076444	2913075.088877283502	0.53105162656895288	2.72818990739116618	2.43025660139869126
271642476.755591452122	1730866.999230224872	1451220.414625269827	2913115.782305750530	0.53103640487237636	2.72820171492787189	2.43025260154147071
271642476.775103926659	1730832.441104184370	1451180.689366839826	2913156.474805141333	0.53102182686761612	2.72821363222841295	2.43024918968098635
271642476.794616460800	1730797.882211356889	1451140.963634493761	2913197.166476237588	0.53100724897249485	2.72822554956059182	2.43024577804157405
271642476.814128935337	1730763.322767042788	1451101.237629259704	2913237.857090548612	0.53099267127788696	2.72823746685403457	2.43024236664860149
271642476.833641469479	1730728.762524187099	1451061.511156190652	2913278.546857383568	0.53097809359927206	2.72824938424579511	2.43023895544446944
271642476.853153944016	1730694.201725760475	1451021.784412205918	2913319.235561490990	0.53096351602752634	2.72826130166549863	2.43023554445454470
271642476.872666478157	1730659.640131240943	1450982.057212211657	2913359.923424008302	0.53094813640229344	2.72827307825486542	2.43023167279797647
271642476.892178952694	1730625.078009246150	1450942.329727737000	2913400.610243035946	0.53093267888346896	2.72828484109920710	2.43022775652463530
271642476.911691427231	1730590.515216416679	1450902.601884639589	2913441.296094230842	0.53091722138615571	2.72829660405185370	2.43022384045220097
271642476.931203961372	1730555.951654885896	1450862.873533563688	2913481.981142590754	0.53090176400660472	2.72830836704337454	2.43021992460912806
271642476.950716435909	1730521.387510976056	1450823.144961391343	2913522.665086498018	0.53088630684106297	2.72832013000433715	2.43021600902386492
271642476.970228970051	1730486.822607289534	1450783.415882441681	2913563.348227512091	0.53087172813784944	2.72833163290680325	2.43021113431062030
271642476.989741444588	1730452.257171602920	1450743.686530430568	2913604.030313101131	0.53085728507467334	2.72834309571933797	2.43020611180732793
271642477.009253978729	1730417.690927980235	1450703.956707664998	2913644.711543855257	0.53084284213800759	2.72835455858900877	2.43020108952983271
271642477.028766453266	1730383.124130792916	1450664.226635270519	2913685.391711772420	0.53082839941239746	2.72836602144085072	2.43019606749964145
271642477.048278927803	1730348.556639296468	1450624.496193613624	2913726.070929909125	0.53081395671772658	2.72837748441005123	2.43019104564632471
271642477.067791461945	1730313.988383374643	1450584.765269415686	2913766.749307863414	0.53079911916269795	2.72838896635611938	2.43018668492102119
271642477.087303936481	1730279.419584437972	1450545.034083001548	2913807.426622981206	0.53078407717162390	2.72840045808217102	2.43018266687277107
271642477.106816470623	1730244.850039769197	1450505.302388646640	2913848.103145532310	0.53076903519812380	2.72841194991164526	2.43017864900784319
271642477.126328945160	1730210.279884879244	1450465.570470052306	2913888.778559359256	0.53075399333866091	2.72842344178045115	2.43017463136216572
271642477.145841479301	1730175.708955866285	1450425.838062615599	2913929.453145002481	0.53073895159460394	2.72843493369042633	2.43017061393916034
271642477.165353953838	1730141.137518092757	1450386.105365419062	2913970.126700453460	0.53072404703480380	2.72844648410267965	2.43016627740394631
271642477.184866428375	1730106.565361428075	1450346.372332848143	2914010.799261478707	0.53070927941202362	2.72845809313106313	2.43016162185164575
271642477.204378962517	1730071.992443930591	1450306.638805142837	2914051.471016588621	0.53069451191053085	2.72846970220702767	2.43015696652008195
271642477.223891437054	1730037.418998067500	1450266.905011893949	2914092.141716211569	0.53067974462098233	2.72848131126023752	2.43015231143879529
271642477.243403971195	1730002.844712924911	1450227.170744552743	2914132.811547821853	0.53066497736342200	2.72849292043319158	2.43014765655211740
271642477.262916445732	1729968.269944623113	1450187.436206579674	2914173.480356423184	0.53065013414530648	2.72850454086940619	2.43014333945626992
271642477.282428979874	1729933.694345533382	1450147.701205161866	2914214.148290955462	0.53063519082407140	2.72851617613369157	2.43013946731002450
271642477.301941454411	1729899.118231202476	1450107.965924630174	2914254.815201237332	0.53062024770771465	2.72852781136450906	2.43013559540835322
271642477.321453928947	1729864.541385391029	1450068.230300057214	2914295.481117208023	0.53060530461000432	2.72853944669915416	2.43013172369487984
271642477.340966463089	1729829.963808623608	1450028.494160304777	2914336.146237587091	0.53059036162679885	2.72855108207265662	2.43012785220464034
271642477.360478937626	1729795.385673895944	1449988.757778457366	2914376.810272802599	0.53057571280702609	2.72856271963898456	2.43012447343661853
271642477.379991471767	1729760.806745377602	1449949.020911908941	2914417.473488863558	0.53056155862090559	2.72857436103376516	2.43012192350676282
271642477.399503946304	1729726.227282913402	1449909.283791664522	2914458.135633057449	0.53054740452790750	2.72858600244593674	2.43011937377984877
271642477.419016480446	1729691.647037203424	1449869.546174139949	2914498.796958096325	0.53053325052940004	2.72859764387733872	2.43011682425930120
271642477.438528954983	1729657.066220356617	1449829.808308011154	2914539.457201057114	0.53051909671229369	2.72860928525743907	2.43011427496179389
271642477.458041429520	1729622.484756040620	1449790.070073896321	2914580.116492452566	0.53050476734342267	2.72862099644829836	2.43011150695429867
271642477.477553963661	1729587.902517097536	1449750.331340338103	2914620.774983984418	0.53048965061409570	2.72863302041833133	2.43010775730921758
271642477.497066438198	1729553.319693116471	1449710.592366647441	2914661.432374145836	0.53047453409660195	2.72864504435485689	2.43010400792359693
271642477.516578972340	1729518.736099051079	1449670.852902210318	2914702.088942065369	0.53045941760259341	2.72865706839992095	2.43010025874255842
271642477.536091446877	1729484.151952582179	1449631.113183866022	2914742.744441206101	0.53044430122211006	2.72866909247697365	2.43009650978325764
271642477.555603981018	1729449.567055364605	1449591.372967299074	2914783.399128429592	0.53042916451520261	2.72868112551422115	2.43009275372320355
271642477.575116455555	1729414.981888958719	1449551.633929458680	2914824.052365079988	0.53041383209787485	2.72869324402616975	2.43008892764955720
271642477.594628930092	1729380.395752877695	1449511.893102609785	2914864.705030658748	0.53039849970164488	2.72870536264331243	2.43008510177485970
271642477.614141464233	1729345.808834000491	1449472.151789163006	2914905.356848758645	0.53038316742887037	2.72871748130324265	2.43008127614414304
271642477.633653938770	1729311.221358296694	1449432.410209221533	2914946.007610075176	0.53036783537090848	2.72872959992883368	2.43007745077502646
271642477.653166472912	1729276.633098468417	1449392.668150926474	2914986.657540237531	0.53035250333402706	2.72874171865960768	2.43007362560484941
271642477.672678947449	1729242.044300422538	1449352.925833642483	2915027.306401562877	0.53033714070172255	2.72875354105933932	2.43007018702116140
271642477.692191481590	1729207.454699337250	1449313.183036050294	2915067.954427407123	0.53032177564507199	2.72876533900950324	2.43006678058385006
271642477.711703956127	1729172.864578603767	1449273.439966880716	2915108.601406679489	0.53030641079678587	2.72877713692310309	2.43006337440150189
271642477.731216430664	1729138.273769113701	1449233.696536810137	2915149.247418231331	0.53029104596135834	2.72878893493390207	2.43005996841314875
271642477.750728964806	1729103.682178970193	1449193.952628606465	2915189.892607542686	0.53027568123722002	2.72880073297593428	2.43005656265098313
271642477.770241439342	1729069.089998322306	1449154.208479317836	2915230.536704453640	0.53026046407800553	2.72881227544993132	2.43005253247060038
271642477.789753973484	1729034.497115532169	1449114.463806465268	2915271.180013067555	0.53024526910557856	2.72882377959488975	2.43004840851831450
271642477.809266448021	1728999.903642233927	1449074.718892530538	2915311.822229281534	0.53023007424927382	2.72883528378109164	2.43004428478797863
271642477.828778982162	1728965.309379951097	1449034.973497112282	2915352.463620339055	0.53021487950771062	2.72884678800669223	2.43004016127615952
271642477.848291456699	1728930.714530808385	1448995.227868108544	2915393.103918938432	0.53019968497827952	2.72885829220751797	2.43003603801942925
271642477.867803931236	1728896.119092438836	1448955.481832004851	2915433.743311914150	0.53018446448690515	2.72886981597535128	2.43003211557249355
271642477.887316465378	1728861.522827589419	1448915.735325053800	2915474.381853143219	0.53016923191539744	2.72888134891652046	2.43002828751535782
271642477.906828939915	1728826.926025102148	1448875.988556982717	2915515.019322563894	0.53015399955323872	2.72889288182857204	2.43002445971113046
271642477.926341474056	1728792.328437696677	1448836.241305480246	2915555.655972770881	0.53013876720791675	2.72890441484387702	2.43002063209712249
271642477.945853948593	1728757.730254076887	1448796.493828650098	2915596.291524579283	0.53012353497293097	2.72891594789256553	2.43001680469782100
271642477.965366482735	1728723.131373393815	1448756.745814715512	2915636.926297058817	0.53010866027732151	2.72892752467917399	2.43001344431773658
271642477.984878957272	1728688.531878345180	1448716.997578600654	2915677.559954874683	0.53009400861269063	2.72893912866676525	2.43001037519419327
271642478.004391431808	1728653.931750408839	1448677.248951114947	2915718.192702794448	0.53007935695421304	2.72895073274247579	2.43000730624852279
271642478.023903965950	1728619.330813992769	1448637.499862477882	2915758.824589885771	0.53006470540008310	2.72896233684703970	2.43000423752113681
271642478.043416440487	1728584.729353826260	1448597.750504262513	2915799.455424464308	0.53005005403887528	2.72897394090831291	2.43000116902845598
271642478.062928974628	1728550.127090581926	1448558.000665785978	2915840.085423561744	0.53003530093966500	2.72898541190807009	2.42999797907935955
271642478.082441449165	1728515.524257173762	1448518.250567175448	2915880.714343608823	0.53002040212636548	2.72899669210947771	2.42999461501022607
271642478.101953983307	1728480.920718945563	1448478.499970423291	2915921.342472278047	0.53000550341520869	2.72900797233879100	2.42999125114807635
271642478.121466457844	1728446.316537909210	1448438.749150525779	2915961.969484979752	0.52999060490177596	2.72901925253320021	2.42998788752483685
271642478.140978932381	1728411.711718992330	1448398.997948939679	2916002.595568439458	0.52997570639763758	2.72903053282199082	2.42998452408349230
271642478.160491466522	1728377.106175071094	1448359.246231112164	2916043.220844365191	0.52996088892186366	2.72904183328702832	2.42998136811648990
271642478.180003941059	1728342.500015404308	1448319.494288191898	2916083.845020534936	0.52994631236005141	2.72905319363394483	2.42997882892147699
271642478.199516475201	1728307.893075214000	1448279.741874477593	2916124.468365495093	0.52993173579754593	2.72906455406188098	2.42997628990329817
271642478.219028949738	1728273.285608034348	1448239.989174275193	2916165.090663995128	0.52991715932796080	2.72907591450754117	2.42997375108884928
271642478.238541483879	1728238.677356963744	1448200.235999181401	2916205.712111991365	0.52990258295403825	2.72908727497459891	2.42997121248497905
271642478.258053958416	1728204.068543751491	1448160.482563951984	2916246.332503203768	0.52988788207848581	2.72909871232213019	2.42996854257962980
271642478.277566432953	1728169.459101140033	1448120.728757693898	2916286.951959118247	0.52987261601918689	2.72911049849066289	2.42996527667689932
271642478.297078967094	1728134.848856622586	1448080.974466881715	2916327.570573607925	0.52985735007012291	2.72912228469005091	2.42996201100148745
271642478.316591441631	1728100.238030788023	1448041.219930696068	2916368.188112021890	0.52984208432362090	2.72913407084704085	2.42995874557102054
271642478.336103975773	1728065.626449139556	1448001.464906078065	2916408.804819167592	0.52982681859363279	2.72914585710629254	2.42995548034680908
271642478.355616450310	1728031.014319702750	1447961.709623521892	2916449.420460504014	0.52981166112130129	2.72915761188651596	2.42995215698865907
271642478.375128924847	1727996.401485901792	1447921.953982288018	2916490.035149087664	0.52979728418872885	2.72916913929986338	2.42994841282192375
271642478.394641458988	1727961.787888557883	1447882.197847089497	2916530.649000520818	0.52978290727527977	2.72918066681699134	2.42994466884081328
271642478.414153933525	1727927.173745877342	1447842.441465786193	2916571.261792027857	0.52976853046785433	2.72919219436622473	2.42994092506587611
271642478.433666467667	1727892.558858817909	1447802.684575763531	2916611.873765679076	0.52975415377056656	2.72920372195307737	2.42993718150739202
271642478.453178942204	1727857.943370069144	1447762.927459482802	2916652.484649898484	0.52973977726893828	2.72921524950403427	2.42993343818247576
271642478.472691476345	1727823.327117312234	1447723.169838591479	2916693.094725283794	0.52972486819623521	2.72922734195895789	2.42993019690646328
271642478.492203950882	1727788.710326271132	1447683.411958809476	2916733.703731834888	0.52970991713274174	2.72923947908846243	2.42992699552735880
271642478.511716425419	1727754.092830116395	1447643.653735365719	2916774.311763252597	0.52969496627320778	2.72925161617562217	2.42992379440125417
271642478.531228959560	1727719.474585324759	1447603.894997897092	2916814.918979843613	0.52968001543131127	2.72926375336387350	2.42992059347996969
271642478.550741434097	1727684.855791115435	1447564.136016288074	2916855.525130567141	0.52966506469608499	2.72927589057597819	2.42991739277730945
271642478.570253968239	1727650.236217788421	1447524.376542889513	2916896.130459105130	0.52965007447298840	2.72928749099990808	2.42991405522334825
271642478.589766442776	1727615.616067973431	1447484.616827305639	2916936.734705566894	0.52963507728826453	2.72929899432073997	2.42991069312164631
271642478.609278976917	1727580.995152798481	1447444.856624290813	2916977.338123790920	0.52962008002261429	2.72931049780717139	2.42990733118542401
271642478.628791451454	1727546.373699328862	1447405.096162410220	2917017.940473175142	0.52960508305253695	2.72932200119148183	2.42990396952181475
271642478.648303925991	1727511.751543686958	1447365.335325940745	2917058.541866896208	0.52959008618702708	2.72933350460385205	2.42990060807039354
271642478.667816460133	1727477.128645078279	1447325.574004218681	2917099.142445615027	0.52957499665989127	2.72934510725092627	2.42989716780505471
271642478.687328934669	1727442.505174046149	1447285.812438373221	2917139.741948198061	0.52955986373727715	2.72935675655190524	2.42989369054059345
271642478.706841468811	1727407.880934588844	1447246.050375456223	2917180.340619631577	0.52954473083113296	2.72936840595527341	2.42989021347438250
271642478.726353943348	1727373.256117019570	1447206.288084142609	2917220.938208928797	0.52952959803023170	2.72938005538493611	2.42988673661848509
271642478.745866477489	1727338.630545346998	1447166.525277853012	2917261.534992365167	0.52951446534143187	2.72939170485007931	2.42988325999003285
271642478.765378952026	1727304.004732182948	1447126.763646281790	2917302.130338469520	0.52949939509011790	2.72940312549428965	2.42987965988227250
271642478.784891426563	1727269.377927921247	1447087.000219375594	2917342.725094319787	0.52948436278081168	2.72941440680258296	2.42987598455323806
271642478.804403960705	1727234.750363123603	1447047.236308227526	2917383.319015930407	0.52946933058197132	2.72942568814898356	2.42987230944460686
271642478.823916435242	1727200.122220626799	1447007.472159252036	2917423.911861408968	0.52945429858312387	2.72943696946148595	2.42986863457308111
271642478.843428969383	1727165.493323596427	1446967.707504752558	2917464.503895026166	0.52943926659833318	2.72944825087490628	2.42986495988811413
271642478.862941443920	1727130.863853708841	1446927.942615585867	2917505.094846511260	0.52942407997212726	2.72945969383300824	2.42986127306651589
271642478.882453978062	1727096.233585922513	1446888.177239998244	2917545.684962514788	0.52940868828205501	2.72947135098164706	2.42985757010768832
271642478.901966452599	1727061.602828445146	1446848.411580189830	2917586.274033304304	0.52939329680270975	2.72948300809895317	2.42985386740473253
271642478.921478927135	1727026.971356307156	1446808.645577737363	2917626.862131988164	0.52937790533827078	2.72949466531698581	2.42985016489305394
271642478.940991461277	1726992.339100766927	1446768.879078226164	2917667.449411516078	0.52936251398869860	2.72950632257246717	2.42984646261008530
271642478.960503935814	1726957.706310733221	1446729.112334641628	2917708.035613182001	0.52934743391968109	2.72951788269720863	2.42984298602424476
271642478.980016469955	1726923.072736277245	1446689.345105609857	2917748.620992662851	0.52933289545398976	2.72952927386375155	2.42983990213513268
271642478.999528944492	1726888.438600497320	1446649.577617754927	2917789.205293039326	0.52931835708888197	2.72954066505733195	2.42983681845568000
271642479.019041478634	1726853.803689384367	1446609.809652934782	2917829.788762203883	0.52930381882298061	2.72955205627610686	2.42983373498245525
271642479.038553953171	1726819.168226183858	1446570.041424932890	2917870.371168587357	0.52928928074691317	2.72956344745291224	2.42983065173882462
271642479.058066427708	1726784.532101603923	1446530.272824804299	2917910.952629459556	0.52927465898493287	2.72957486994320231	2.42982749857632419
271642479.077578961849	1726749.895202101907	1446490.503738279687	2917951.533265119884	0.52925960262598837	2.72958645463712735	2.42982398153915424
271642479.097091436386	1726715.257740433328	1446450.734411817510	2917992.112809677608	0.52924454646961649	2.72959803929493328	2.42982046474655977
271642479.116603970528	1726680.619552283082	1446410.964566312963	2918032.691561615095	0.52922949032958400	2.72960962405514618	2.42981694814992766
271642479.136116445065	1726645.980733721284	1446371.194510350935	2918073.269207853824	0.52921443429419757	2.72962120884206838	2.42981343176156406
271642479.155628979206	1726611.341170700500	1446331.423945778282	2918113.846036234871	0.52919937783895188	2.72963279390604630	2.42980991318434691
271642479.175141453743	1726576.701063897461	1446291.653121414594	2918154.421804748941	0.52918410469094423	2.72964447738752503	2.42980540934922473
271642479.194653928280	1726542.060242593754	1446251.881961707957	2918194.996592190117	0.52916883156636985	2.72965616097939368	2.42980090569976248
271642479.214166462421	1726507.418681486743	1446212.110289285658	2918235.570564744994	0.52915355856857937	2.72966784462371947	2.42979640228857141
271642479.233678936958	1726472.776590684196	1446172.338355869753	2918276.143487757072	0.52913828578720246	2.72967952824419990	2.42979189913398086
271642479.253191471100	1726438.133701522835	1446132.565945521230	2918316.715569290798	0.52912301303335774	2.72969121198057163	2.42978739617532691
271642479.272703945637	1726403.490216477541	1446092.793300557882	2918357.286558422726	0.52910785772273172	2.72970294645089417	2.42978381403882926
271642479.292216479778	1726368.846024283208	1446053.020129085984	2918397.856765257660	0.52909271202597807	2.72971468506099635	2.42978030668456224
271642479.311728954315	1726334.201241046190	1446013.246726156445	2918438.425873693544	0.52907756653409832	2.72972642363408147	2.42977679957872317
271642479.331241428852	1726299.555752027081	1445973.472981836181	2918478.994009969756	0.52906242105702361	2.72973816230688415	2.42977329266596209
271642479.350753962994	1726264.909557048231	1445933.698706683470	2918519.561358007137	0.52904727569183896	2.72974990101378534	2.42976978597908833
271642479.370266437531	1726230.262750657508	1445893.924219172681	2918560.127594294492	0.52903258434594935	2.72976152358537361	2.42976673915785524
271642479.389778971672	1726195.615228612907	1445854.149194526486	2918600.693054337054	0.52901796189047534	2.72977312862824562	2.42976376228666746
271642479.409291446209	1726160.967075389111	1445814.373974460410	2918641.257386304438	0.52900333953378231	2.72978473369313290	2.42976078562254694
271642479.428803980350	1726126.318225105526	1445774.598224774469	2918681.820929978509	0.52898871727998031	2.72979633878554129	2.42975780917577433
271642479.448316454887	1726091.668736492982	1445734.822251855163	2918722.383371038828	0.52897409521472261	2.72980794382965142	2.42975483295535000
271642479.467828929424	1726057.018671066966	1445695.045880730962	2918762.944906361867	0.52895931429434206	2.72981964819557676	2.42975162120193522
271642479.487341463566	1726022.367765686242	1445655.269045314053	2918803.505567674525	0.52894445780531818	2.72983139986279033	2.42974829738317455
271642479.506853938103	1725987.716296470491	1445615.491963664535	2918844.065172145609	0.52892960151296142	2.72984315148606482	2.42974497380026833
271642479.526366472244	1725953.064120523864	1445575.714366217609	2918884.623965999577	0.52891474523759818	2.72985490321147406	2.42974165041724488
271642479.545878946781	1725918.411315747770	1445535.936544584576	2918925.181654215325	0.52889988906631302	2.72986665496230652	2.42973832724523087
271642479.565391480923	1725883.757787678391	1445496.158220897429	2918965.738543752115	0.52888519524629762	2.72987866066111096	2.42973541997025277
271642479.584903955460	1725849.103659454267	1445456.379657312529	2919006.294343915302	0.52887061136726787	2.72989083806969113	2.42973279411539256
271642479.604416429996	1725814.448922674637	1445416.600701606367	2919046.849219161086	0.52885602749629568	2.72990301556733783	2.42973016845458512
271642479.623928964138	1725779.793339471100	1445376.821292239241	2919087.403226337861	0.52884144372702968	2.72991519308575192	2.42972754301525695
271642479.643441438675	1725745.137255816022	1445337.041604037397	2919127.956197266001	0.52882686014900493	2.72992737055112311	2.42972491781454636
271642479.662953972816	1725710.480373761151	1445297.261438963935	2919168.508326716255	0.52881203062331972	2.72993950751688175	2.42972195830139759
271642479.682466447353	1725675.822924650973	1445257.481030867435	2919209.059371061623	0.52879687189417979	2.72995159016175926	2.42971855113602908
271642479.701978981495	1725641.164718712680	1445217.700133302249	2919249.609606463462	0.52878171327751655	2.72996367283749430	2.42971514419898815
271642479.721491456032	1725606.505952580832	1445177.918972673593	2919290.158756818622	0.52876655487048829	2.72997575547636462	2.42971173752247127
271642479.741003930569	1725571.846519155195	1445138.137448454043	2919330.706964632031	0.52875139647875935	2.72998783821380453	2.42970833104207085
271642479.760516464710	1725537.186339593958	1445098.355429478455	2919371.254354532808	0.52873618242348197	2.72999980477469606	2.42970504754664640
271642479.780028939247	1725502.525588125456	1445058.573164339876	2919411.800665327813	0.52872087361272424	2.73001157345152023	2.42970197328255733
271642479.799541473389	1725467.864033996128	1445018.790417032316	2919452.346137671266	0.52870556481301278	2.73002334222413401	2.42969889921824622
271642479.819053947926	1725433.201940466417	1444979.007422595285	2919492.890538149979	0.52869025611831244	2.73003511102122820	2.42969582537359718
271642479.838566482067	1725398.539073540363	1444939.223928106483	2919533.434113475028	0.52867494753272970	2.73004687984830419	2.42969275175888866
271642479.858078956604	1725363.875651853858	1444899.440195897361	2919573.976622931659	0.52865960536450585	2.73005861901192981	2.42968960962170710
271642479.877591431141	1725329.211551152170	1444859.656092663994	2919614.518167641014	0.52864410761280434	2.73007022186172454	2.42968615096962548
271642479.897103965282	1725294.546704114880	1444819.871487432858	2919655.058903406840	0.52862860997433758	2.73008182474745764	2.42968269254885438
271642479.916616439819	1725259.881281099049	1444780.086637998931	2919695.598554122727	0.52861311254148102	2.73009342759515983	2.42967923437476507
271642479.936128973961	1725225.215082474751	1444740.301304456778	2919736.137382599991	0.52859761512261150	2.73010503054358322	2.42967577639946208
271642479.955641448498	1725190.548642988317	1444700.517143578501	2919776.674770773388	0.52858213513109442	2.73011659452941036	2.42967219562247072
271642479.975153982639	1725155.881102275802	1444660.731080781203	2919817.211688934360	0.52856679055460898	2.73012785392576385	2.42966765395911599
271642479.994666457176	1725121.213041915791	1444620.944753945572	2919857.747551553883	0.52855144619263195	2.73013911330346959	2.42966311254915146
271642480.014178931713	1725086.544273257488	1444581.158073988743	2919898.282436131034	0.52853610185267064	2.73015037279341399	2.42965857132458973
271642480.033691465855	1725051.874728981405	1444541.370909945341	2919938.816498464905	0.52852075763302109	2.73016163233289877	2.42965403032455995
271642480.053203940392	1725017.204680569936	1444501.583459617803	2919979.349524610210	0.52850541362786041	2.73017289185372602	2.42964948957790750
271642480.072716474533	1724982.533823641948	1444461.795555718709	2920019.881680954248	0.52849029936312997	2.73018442623749902	2.42964589470972259
271642480.092228949070	1724947.862409106921	1444422.007387773599	2920060.412783489097	0.52847520902735345	2.73019598914341266	2.42964239812389016
271642480.111741483212	1724913.190219543409	1444382.218733583344	2920100.943060810212	0.52846011880130606	2.73020755208316768	2.42963890175991315
271642480.131253957748	1724878.517491152510	1444342.429830135545	2920141.472263294738	0.52844502877761412	2.73021911498670811	2.42963540564025271
271642480.150766432285	1724843.844053855632	1444302.640575749101	2920182.000490708742	0.52842993876689315	2.73023067798863206	2.42963190970969345
271642480.170278966427	1724809.169890555087	1444262.850800313987	2920222.527922528796	0.52841493682415930	2.73024187178198874	2.42962855766009556
271642480.189791440964	1724774.495130895870	1444223.060799798928	2920263.054255949333	0.52839996468081951	2.73025294125325768	2.42962525419363917
271642480.209303975105	1724739.819644223666	1444183.270289832493	2920303.579790749121	0.52838499254520732	2.73026401081875614	2.42962195090962174
271642480.228816449642	1724705.143560591852	1444143.479556955863	2920344.104230122175	0.52837002050786053	2.73027508040961120	2.42961864782590009
271642480.248328983784	1724670.466713619186	1444103.688320974121	2920384.627838340122	0.52835504857562743	2.73028615003498842	2.42961534495960851
271642480.267841458321	1724635.789308019448	1444063.896832560189	2920425.150389718357	0.52834008816930966	2.73029749058672166	2.42961187583102012
271642480.287353932858	1724601.111250622198	1444024.104978484800	2920465.671983589884	0.52832513321068308	2.73030896120463895	2.42960832702916862
271642480.306866466999	1724566.432413927512	1443984.312632871326	2920506.192755275872	0.52831017836080196	2.73032043185686613	2.42960477844594447
271642480.326378941536	1724531.752985518891	1443944.520058087539	2920546.712431533728	0.52829522371146709	2.73033190247391166	2.42960123010412676
271642480.345891475677	1724497.072810916929	1443904.726988635492	2920587.231289876625	0.52828026907631909	2.73034337319107934	2.42959768195128722
271642480.365403950214	1724462.392084128922	1443864.933656154899	2920627.749085438903	0.52826565586686414	2.73035459045253859	2.42959402130275537
271642480.384916424751	1724427.710725299083	1443825.139941096073	2920668.265939816833	0.52825125305611742	2.73036565157310918	2.42959029147759020
271642480.404428958893	1724393.028542784974	1443785.345765218604	2920708.781945363153	0.52823685025837630	2.73037671279264771	2.42958656182671717
271642480.423941433430	1724358.345811733976	1443745.551333811833	2920749.296888067853	0.52822244756207182	2.73038777404416555	2.42958283237402606
271642480.443453967571	1724323.662345767953	1443705.756400292041	2920789.811000921763	0.52820804497130824	2.73039883533316186	2.42957910312979797
271642480.462966442108	1724288.978272540495	1443665.961239755619	2920830.324033311568	0.52819327609613698	2.73041022322148175	2.42957550986807691
271642480.482478976250	1724254.293448448414	1443626.165588671342	2920870.836244818754	0.52817801466254632	2.73042205022793993	2.42957209926337470
271642480.501991450787	1724219.608053997159	1443586.369677748298	2920911.347377276514	0.52816275333957607	2.73043387726550613	2.42956868888373601
271642480.521503925323	1724184.922001090832	1443546.573404542403	2920951.857567137107	0.52814749222363888	2.73044570426617828	2.42956527875795247
271642480.541016459465	1724150.235180153279	1443506.776632377412	2920992.366922874004	0.52813223112463037	2.73045753136961533	2.42956186883528380
271642480.560528934002	1724115.547786245821	1443466.979625731707	2921032.875196479261	0.52811717115382795	2.73046935340367369	2.42955861699564934
271642480.580041468143	1724080.859616260510	1443427.182144500781	2921073.382641843054	0.52810249277648991	2.73048116579124667	2.42955566496397823
271642480.599553942680	1724046.170899322489	1443387.384393997723	2921113.889024425764	0.52808781459373844	2.73049297813450442	2.42955271317291333
271642480.619066476822	1724011.481437162729	1443347.586137271719	2921154.394592122640	0.52807313642259412	2.73050479057292694	2.42954976157731561
271642480.638578951359	1723976.791401434923	1443307.787648243131	2921194.899080656003	0.52805845835042975	2.73051660303126864	2.42954681018946328
271642480.658091425896	1723942.100662196521	1443267.988809329923	2921235.402585149277	0.52804370378399978	2.73052845173057213	2.42954379509267238
271642480.677603960037	1723907.409191051498	1443228.189457881032	2921275.905297018588	0.52802859357827536	2.73054046880442192	2.42954048362019703
271642480.697116434574	1723872.717175789177	1443188.389863507822	2921316.406934053637	0.52801348348008270	2.73055248590400135	2.42953717236677003
271642480.716628968716	1723838.024348909967	1443148.589782062918	2921356.907722312957	0.52799837349763479	2.73056450304030474	2.42953386135295757
271642480.736141443253	1723803.330967814894	1443108.789460815489	2921397.407441735733	0.52798326371682913	2.73057652013133856	2.42953055058294654
271642480.755653977394	1723768.636830984382	1443068.988645912614	2921437.906346271280	0.52796822598919357	2.73058852648640427	2.42952730445184795
271642480.775166451931	1723733.942131670425	1443029.187584005995	2921478.404168673791	0.52795374675180540	2.73060044888508990	2.42952455803793876
271642480.794678926468	1723699.246800085995	1442989.386132318992	2921518.901058861054	0.52793926770644051	2.73061237123748946	2.42952181186494442
271642480.814191460609	1723664.550641317852	1442949.584219641052	2921559.397091304883	0.52792478866844439	2.73062429367893333	2.42951906587995570
271642480.833703935146	1723629.853967086645	1442909.782048342749	2921599.892065179534	0.52791030972808173	2.73063621613900231	2.42951632010427909
271642480.853216469288	1723595.156455978518	1442869.979409759399	2921640.386193304323	0.52789583088671588	2.73064813861952649	2.42951357454134031
271642480.872728943825	1723560.458435251843	1442830.176504116040	2921680.879259892739	0.52788091806447524	2.73066004275319907	2.42951035546684935
271642480.892241477966	1723525.759639817523	1442790.373102917336	2921721.371507264674	0.52786596871522207	2.73067194544691239	2.42950709671869625
271642480.911753952503	1723491.060300849145	1442750.569456652040	2921761.862676832825	0.52785101947090984	2.73068384816531351	2.42950383818505244
271642480.931266427040	1723456.360300333472	1442710.765438501490	2921802.352900889702	0.52783607042878256	2.73069575084360094	2.42950057990063906
271642480.950778961182	1723421.659472023370	1442670.960961550009	2921842.842270173132	0.52782112139981230	2.73070765361869716	2.42949732180971534
271642480.970291435719	1723386.958124397788	1442631.156211250229	2921883.330589911435	0.52780667001314807	2.73071954961854990	2.42949452067842264
271642480.989803969860	1723352.256017589476	1442591.350963275181	2921923.818075472023	0.52779229676042760	2.73073144457750727	2.42949179140174110
271642481.009316444397	1723317.553322442574	1442551.545490255812	2921964.304484896827	0.52777792369118970	2.73074333948081094	2.42948906234670536
271642481.028828978539	1723282.849882626673	1442511.739508908475	2922004.790076463483	0.52776355063166180	2.73075523447628221	2.42948633348461041
271642481.048341453075	1723248.145874461625	1442471.933289032197	2922045.274588868953	0.52774917766872242	2.73076712949000600	2.42948360482980386
271642481.067853927612	1723213.441176074790	1442432.126713001169	2922085.758139496204	0.52773439277703993	2.73077877346521047	2.42948031609299742
271642481.087366461754	1723178.735742312158	1442392.319620447233	2922126.240878208540	0.52771939166755555	2.73079028585256101	2.42947673356232752
271642481.106878936291	1723144.029739989899	1442352.512306047138	2922166.722522791941	0.52770439066224695	2.73080179826746905	2.42947315123801655
271642481.126391470432	1723109.322948788991	1442312.704501174623	2922207.203348219860	0.52768938976521529	2.73081331071542799	2.42946956913034651
271642481.145903944969	1723074.615595076699	1442272.896449351218	2922247.683091511484	0.52767438907128028	2.73082482313035291	2.42946598726915797
271642481.165416479111	1723039.907826066716	1442233.089314495679	2922288.161664663814	0.52765895367184124	2.73083643138841392	2.42946204213119898
271642481.184928953648	1723005.199149817694	1442193.280516798841	2922328.639513963833	0.52764308285418737	2.73084813560491035	2.42945773306648105
271642481.204441428185	1722970.489821090596	1442153.471355722984	2922369.116408731323	0.52762721226013376	2.73085983979994573	2.42945342427137101
271642481.223953962326	1722935.779707127251	1442113.661711677676	2922409.592484282795	0.52761134158925804	2.73087154417526845	2.42944911564300181
271642481.243466436863	1722901.069079864537	1442073.851793133654	2922450.067498351913	0.52759547124210870	2.73088324846186836	2.42944480731851531
271642481.262978971004	1722866.357658684952	1442034.041393853724	2922490.541673914064	0.52757972052940483	2.73089495961291151	2.42944075140501337
271642481.282491445541	1722831.645665087737	1441994.230758003891	2922531.014764374122	0.52756413942725011	2.73090668036131845	2.42943705311014835
271642481.302003979683	1722796.932891093194	1441954.419642349705	2922571.487029619515	0.52754855843980453	2.73091840114569928	2.42943335504405367
271642481.321516454220	1722762.219578584889	1441914.608268149663	2922611.958226028830	0.52753297766542806	2.73093012189869855	2.42942965723727999
271642481.341028928757	1722727.505564368330	1441874.796558147296	2922652.428447253536	0.52751739690737764	2.73094184275501828	2.42942595962871444
271642481.360541462898	1722692.790845570853	1441834.984303838806	2922692.897880295292	0.52750206475468087	2.73095334758527475	2.42942196843788238
271642481.380053937435	1722658.075526086381	1441795.171819261275	2922733.366217966191	0.52748716375906302	2.73096447766954675	2.42941746792702684
271642481.399566471577	1722623.359415327199	1441755.358873044373	2922773.833714045119	0.52747226278523618	2.73097560786521942	2.42941296759678682
271642481.419078946114	1722588.642804179108	1441715.545655437279	2922814.300164907239	0.52745736192330517	2.73098673810305170	2.42940846747233286
271642481.438591480255	1722553.925377076725	1441675.731945561012	2922854.765770021826	0.52744246118147586	2.73099786839402681	2.42940396757423382
271642481.458103954792	1722519.207376547391	1441635.918010718888	2922895.230287005659	0.52742759853164101	2.73100913878781038	2.42939967355805120
271642481.477616429329	1722484.488761454122	1441596.103692429839	2922935.693882041611	0.52741292522016137	2.73102110949421650	2.42939640732945206
271642481.497128963470	1722449.769329002826	1441556.288902880624	2922976.156622305978	0.52739825201818169	2.73103308023224933	2.42939314132645112
271642481.516641438007	1722415.049401799217	1441516.473826270550	2923016.618323351257	0.52738357901578103	2.73104505092935934	2.42938987557010089
271642481.536153972149	1722380.328626982402	1441476.658307875274	2923057.079153297935	0.52736890602731057	2.73105702172330700	2.42938661000456690
271642481.555666446686	1722345.607351568528	1441436.842510851799	2923097.538947000168	0.52735425459750340	2.73106896942487554	2.42938342543057706
271642481.575178980827	1722310.885253744898	1441397.026256103767	2923137.997876957525	0.52733981655764639	2.73108068730088727	2.42938104415502343
271642481.594691455364	1722276.162660564063	1441357.209716466023	2923178.455770669039	0.52732537870180041	2.73109240512496498	2.42937866310887607
271642481.614203929901	1722241.439343232894	1441317.392838923493	2923218.912675954867	0.52731094084855856	2.73110412303361016	2.42937628225053670
271642481.633716464043	1722206.715298936237	1441277.575459382264	2923259.368773650844	0.52729650308793197	2.73111584095765103	2.42937390159908606
271642481.653228938580	1722171.990681999596	1441237.757836061297	2923299.823795212433	0.52728206550992951	2.73112755882791802	2.42937152117359689
271642481.672741472721	1722137.265271301614	1441197.939739315538	2923340.277969299816	0.52726704019347803	2.73113962277360534	2.42936820122872987
271642481.692253947258	1722102.539326493163	1441158.121376521653	2923380.731096868869	0.52725196354474946	2.73115171702760984	2.42936479925791327
271642481.711766481400	1722067.812622415368	1441118.302516164025	2923421.183390260208	0.52723688701186866	2.73116381131773789	2.42936139752455649
271642481.731278955936	1722033.085344698979	1441078.483423621859	2923461.634604488499	0.52722181068327467	2.73117590556519341	2.42935799604025382
271642481.750791430473	1721998.357381947339	1441038.663968747249	2923502.084856939036	0.52720673437112708	2.73118799991291050	2.42935459475436932
271642481.770303964615	1721963.628668603254	1440998.844014087459	2923542.534294503275	0.52719249717389305	2.73119985137102894	2.42935181410759338
271642481.789816439152	1721928.899396944558	1440959.023817872163	2923582.982646908145	0.52717839263346455	2.73121166442582775	2.42934913164920241
271642481.809328973293	1721894.169345434522	1440919.203139753081	2923623.430171129294	0.52716428809885318	2.73122347756765826	2.42934644937184308
271642481.828841447830	1721859.438740638085	1440879.382210360374	2923663.876629542094	0.52715018365666388	2.73123529072493820	2.42934376729300627
271642481.848353981972	1721824.707395328209	1440839.560778079322	2923704.322267071810	0.52713607931236339	2.73124710390498526	2.42934108542640503
271642481.867866456509	1721789.975453350926	1440799.739113660995	2923744.766815167852	0.52712146680943794	2.73125905898844534	2.42933799861972810
271642481.887378931046	1721755.242883243132	1440759.917064921465	2923785.210428024177	0.52710660746219906	2.73127108310485234	2.42933471525345368
271642481.906891465187	1721720.509509860771	1440720.094543740386	2923825.653196429834	0.52709174822337035	2.73128310724979873	2.42933143210947611
271642481.926403939724	1721685.775568661513	1440680.271781961899	2923866.094882704783	0.52707688918553197	2.73129513135224400	2.42932814921238460
271642481.945916473866	1721651.040856493171	1440640.448539523873	2923906.535740740132	0.52706203016350139	2.73130715555426162	2.42932486651298918
271642481.965428948402	1721616.305615637219	1440600.625032046577	2923946.975543289911	0.52704725903441396	2.73131923682841560	2.42932147503074969
271642481.984941482544	1721581.569586623227	1440560.801035513170	2923987.414504363202	0.52703254343544392	2.73133135414953054	2.42931801497621835
271642482.004453957081	1721546.833008559654	1440520.976793042850	2924027.852396599948	0.52701782803743491	2.73134347142795475	2.42931455516673145
271642482.023966431618	1721512.095749091124	1440481.152195765870	2924068.289327000733	0.52700311265695854	2.73135558880690255	2.42931109555093805
271642482.043478965759	1721477.357738999650	1440441.327098740730	2924108.725442516617	0.52698839738845482	2.73136770621842295	2.42930763616136680
271642482.062991440296	1721442.619162672199	1440401.501747385133	2924149.160475956742	0.52697357622097618	2.73137961472257640	2.42930412477501267
271642482.082503974438	1721407.879804878961	1440361.675927916309	2924189.594681156334	0.52695858424846609	2.73139118705962147	2.42930052945757291
271642482.102016448975	1721373.139904856915	1440321.849842508323	2924230.027817578055	0.52694359238474409	2.73140275942988708	2.42929693435769778
271642482.121528983116	1721338.399238095386	1440282.023281784728	2924270.460122731980	0.52692860063117353	2.73141433183519755	2.42929333947881076
271642482.141041457653	1721303.657995602349	1440242.196467686445	2924310.891348837875	0.52691360907977769	2.73142590420544007	2.42928974484397431
271642482.160553932190	1721268.916109440383	1440202.369291558396	2924351.321620351169	0.52689845747661712	2.73143775718426518	2.42928636066917614
271642482.180066466331	1721234.173434891738	1440162.541622938355	2924391.751069737598	0.52688282016767696	2.73145046155062410	2.42928361491077816
271642482.199578940868	1721199.430191519903	1440122.713725339388	2924432.179433961865	0.52686718306658387	2.73146316586194482	2.42928086941308097
271642482.219091475010	1721164.686203735881	1440082.885310173267	2924472.606986328959	0.52685154598274808	2.73147587027410532	2.42927812414375177
271642482.238603949547	1721129.941646732390	1440043.056675444357	2924513.033447537106	0.52683590900666832	2.73148857470275708	2.42927537910694813
271642482.258116483688	1721095.196317052934	1440003.227529453347	2924553.459086616524	0.52682034204014627	2.73150112153006752	2.42927249119611188
271642482.277628958225	1721060.450445609633	1439963.398152526235	2924593.883656749036	0.52680511172151112	2.73151290954652204	2.42926891457805372
271642482.297141432762	1721025.703889681492	1439923.568411173765	2924634.307262130082	0.52678988141847327	2.73152469766419603	2.42926533815474155
271642482.316653966904	1720990.956526580499	1439883.738182698376	2924674.730032090563	0.52677465122861600	2.73153648581714803	2.42926176195941945
271642482.336166441441	1720956.208686252357	1439843.907686367398	2924715.151747752447	0.52675942124678832	2.73154827393577371	2.42925818601846455
271642482.355678975582	1720921.460357781965	1439804.078140695347	2924755.572275706101	0.52674430261209038	2.73156011909670848	2.42925477563012615
271642482.375191450119	1720886.711136598140	1439764.246925135376	2924795.992076782510	0.52673004793186395	2.73157240611005436	2.42925264852956868
271642482.394703984261	1720851.961169004440	1439724.415215197252	2924836.411059945356	0.52671579334563390	2.73158469313700669	2.42925052164494026
271642482.414216458797	1720817.210638407385	1439684.583267875947	2924876.828954976518	0.52670153894092175	2.73159698010308460	2.42924839499033496
271642482.433728933334	1720782.459446521010	1439644.750939449994	2924917.245910497382	0.52668728453993241	2.73160926715358210	2.42924626853069414
271642482.453241467476	1720747.707458816934	1439604.918160874629	2924957.662012486253	0.52667303023018741	2.73162155421401875	2.42924414228011187
271642482.472753942013	1720712.954948020633	1439565.085101643344	2924998.077064988669	0.52665807742485793	2.73163350080917500	2.42924079026298978
271642482.492266476154	1720678.201638532802	1439525.251565955346	2925038.491276012734	0.52664306329837407	2.73164541762085600	2.42923733081204229
271642482.511778950691	1720643.447790435515	1439485.417771868175	2925078.904418200254	0.52662804928225704	2.73165733446386971	2.42923387158442994
271642482.531291425228	1720608.693275413243	1439445.583612363786	2925119.316614877898	0.52661303547003335	2.73166925126782489	2.42923041260581618
271642482.550803959370	1720573.937989563448	1439405.748979529599	2925159.727974346839	0.52659802167326397	2.73168116817166284	2.42922695382143150
271642482.570316433907	1720539.182136838790	1439365.914094595006	2925200.138254711870	0.52658325387589988	2.73169233129672051	2.42922309105173850
271642482.589828968048	1720504.425515648676	1439326.078703771112	2925240.547709919978	0.52656853279899574	2.73170335157448996	2.42921915187900028
271642482.609341442585	1720469.668362559285	1439286.243075465783	2925280.956109532621	0.52655381191583794	2.73171437181932442	2.42921521293028686
271642482.628853976727	1720434.910420847358	1439246.406967618736	2925321.363661668729	0.52653909104840002	2.73172539216835109	2.42921127416210769
271642482.648366451263	1720400.151907018153	1439206.570613941876	2925361.770134699065	0.52652437028568855	2.73173641255300215	2.42920733559620317
271642482.667878925800	1720365.392735348083	1439166.733903335640	2925402.175653194077	0.52650958459938257	2.73174831782862748	2.42920377738606508
271642482.687391459942	1720330.632804684341	1439126.896685911575	2925442.580343507230	0.52649476714570254	2.73176065520165956	2.42920040494784084
271642482.706903934479	1720295.872286583763	1439087.059232032159	2925482.983960711863	0.52647994979986867	2.73177299259892603	2.42919703272692544
271642482.726416468620	1720261.110997637734	1439047.221304845531	2925523.386740708724	0.52646513256597416	2.73178533002590873	2.42919366073360532
271642482.745928943157	1720226.349218087038	1439007.383096059551	2925563.788478462026	0.52645031553770805	2.73179766741147612	2.42919028899643852
271642482.765441477299	1720191.586615804350	1438967.544422471896	2925604.189361440018	0.52643550150964558	2.73180950655995458	2.42918641358317400
271642482.784953951836	1720156.823450880125	1438927.705502129393	2925644.589162286837	0.52642068946701359	2.73182103283539668	2.42918222199911371
271642482.804466426373	1720122.059619009960	1438887.866216407390	2925684.988017622381	0.52640587763102165	2.73183255908406508	2.42917803066227256
271642482.823978960514	1720087.295060056495	1438848.026428842219	2925725.386065369938	0.52639106581569983	2.73184408544013246	2.42917383950893617
271642482.843491435051	1720052.529885589145	1438808.186414608266	2925765.783010390587	0.52637625411470923	2.73185561183742154	2.42916964857267104
271642482.863003969193	1720017.763969509397	1438768.345909216674	2925806.179131500423	0.52636142865754110	2.73186725979733280	2.42916575774639831
271642482.882516443729	1719982.997514791787	1438728.505145469680	2925846.574183772318	0.52634658427847070	2.73187907527069829	2.42916228064588591
271642482.902028977871	1719948.230252451496	1438688.663904096698	2925886.968394624069	0.52633173991421378	2.73189089084325110	2.42915880373542370
271642482.921541452408	1719913.462468667189	1438648.822412763024	2925927.361549877096	0.52631689565589745	2.73190270644339073	2.42915532703735693
271642482.941053926945	1719878.693980368553	1438608.980566773331	2925967.753733029123	0.52630205160147359	2.73191452200865781	2.42915185059117666
271642482.960566461086	1719843.924780677538	1438569.138200193644	2926008.145108591765	0.52628750994005946	2.73192629488025673	2.42914862423974487
271642482.980078935623	1719809.154945719289	1438529.295627655927	2926048.535375485662	0.52627351466674899	2.73193799044524877	2.42914584956258084
271642482.999591469765	1719774.384412101703	1438489.452530354727	2926088.924860028550	0.52625951949075489	2.73194968603409816	2.42914307509457794
271642483.019103944302	1719739.613271663198	1438449.609224287793	2926129.313226819970	0.52624552449664774	2.73196138157411017	2.42914030085035515
271642483.038616478443	1719704.841380499071	1438409.765418614028	2926169.700778726954	0.52623152950980634	2.73197307720335525	2.42913752678694239
271642483.058128952980	1719670.068922420731	1438369.921360902954	2926210.087251527701	0.52621741122049759	2.73198479524067483	2.42913466287050284
271642483.077641427517	1719635.295798566891	1438330.076933505479	2926250.472772878595	0.52620260467318936	2.73199663813932148	2.42913129675759087
271642483.097153961658	1719600.521921804640	1438290.232022425625	2926290.857482253574	0.52618779813959149	2.73200848113568728	2.42912793083481882
271642483.116666436195	1719565.747492065188	1438250.386870933231	2926331.241097503342	0.52617299171332776	2.73202032416166274	2.42912456513071584
271642483.136178970337	1719530.972258722875	1438210.541239931015	2926371.623877269682	0.52615818539576020	2.73203216721906861	2.42912119964870543
271642483.155691444874	1719496.196507076500	1438170.695331502240	2926412.005601554643	0.52614337927914301	2.73204401023796750	2.42911783441388129
271642483.175203979015	1719461.419954107376	1438130.848972036038	2926452.386481276713	0.52612802477930920	2.73205540680981906	2.42911388552065954
271642483.194716453552	1719426.642857627943	1438091.002351101022	2926492.766298159957	0.52611266774304966	2.73206680126344370	2.42910993402744246
271642483.214228928089	1719391.865106035722	1438051.155355227180	2926533.145154621918	0.52609731091683010	2.73207819569087551	2.42910598278706802
271642483.233741462231	1719357.086559117306	1438011.307883252855	2926573.523178519215	0.52608195410939018	2.73208959022650566	2.42910203174218209
271642483.253253936768	1719322.307492519962	1437971.460154848639	2926613.900137906894	0.52606659741225492	2.73210098479765273	2.42909808091116775
271642483.272766470909	1719287.527622902300	1437931.611944783013	2926654.276258843485	0.52605141780588216	2.73211276727322216	2.42909451716774960
271642483.292278945446	1719252.747212436516	1437891.763492319500	2926694.651313858107	0.52603625409797461	2.73212458410473946	2.42909098797830758
271642483.311791479588	1719217.966012887890	1437851.914569826564	2926735.025515397079	0.52602109040661427	2.73213640103866684	2.42908745898661760
271642483.331303954124	1719183.184285541298	1437812.065370863536	2926775.398664481472	0.52600592682487468	2.73214821800339891	2.42908393021534685
271642483.350816428661	1719148.401875479612	1437772.215821600752	2926815.770857672207	0.52599076344992701	2.73216003493280546	2.42908040169744277
271642483.370328962803	1719113.618664176669	1437732.365784188965	2926856.142203500029	0.52597582947387655	2.73217130698944288	2.42907674321784439
271642483.389841437340	1719078.834964289563	1437692.515486481600	2926896.512506970204	0.52596093339037298	2.73218248930008700	2.42907306350318386
271642483.409353971481	1719044.050451085437	1437652.664723129710	2926936.881952639669	0.52594603741506107	2.73219367164860039	2.42906938400498351
271642483.428866446018	1719009.265381433768	1437612.813699027756	2926977.250329583418	0.52593114163665122	2.73220485396359702	2.42906570473996242
271642483.448378980160	1718974.479563685134	1437572.962194437394	2927017.617888559587	0.52591624586951591	2.73221603637687904	2.42906202565409091
271642483.467891454697	1718939.693154979497	1437533.110449473606	2927057.984355133027	0.52590130776629662	2.73222763058359508	2.42905856771683615
271642483.487403929234	1718904.906112761702	1437493.258326660609	2927098.349886465352	0.52588634903770881	2.73223942681308385	2.42905521844624639
271642483.506916463375	1718870.118282418931	1437453.405722270021	2927138.714567351621	0.52587139032477603	2.73225122314371349	2.42905186937389139
271642483.526428937912	1718835.329897484509	1437413.552871128079	2927179.078188368585	0.52585643171659280	2.73226301950034722	2.42904852051447540
271642483.545941472054	1718800.540719192242	1437373.699544665171	2927219.440958939958	0.52584147321724739	2.73227481588846288	2.42904517187828706
271642483.565453946590	1718765.751375226071	1437333.847366010072	2927259.802332011517	0.52582670002022480	2.73228649463066375	2.42904202046564821
271642483.584966480732	1718730.960877239704	1437293.993311190046	2927300.163202535827	0.52581205553481247	2.73229809169261317	2.42903900619993873
271642483.604478955269	1718696.169845189666	1437254.138994016219	2927340.523007194512	0.52579741115079681	2.73230968878080027	2.42903599214811994
271642483.623991429806	1718661.378146720817	1437214.284309391165	2927380.881863373332	0.52578276695807791	2.73232128582495948	2.42903297832970733
271642483.643503963947	1718626.585678299423	1437174.429140017834	2927421.239885369316	0.52576812277410623	2.73233288296195909	2.42902996469879717
271642483.663016438484	1718591.792670197086	1437134.573723952519	2927461.596835504752	0.52575339970481627	2.73234471735060813	2.42902683774947370
271642483.682528972626	1718556.998852610355	1437094.717836874770	2927501.952953129075	0.52573856835344079	2.73235687731273158	2.42902355523093805
271642483.702041447163	1718522.204502740176	1437054.861680955626	2927542.307995974086	0.52572373720637167	2.73236903723511260	2.42902027296797662
271642483.721553981304	1718487.409381331876	1437015.005054031964	2927582.662204584572	0.52570890607467780	2.73238119725602324	2.42901699090111656
271642483.741066455841	1718452.613687728764	1436975.148181407247	2927623.015334089287	0.52569407505076970	2.73239335730358279	2.42901370905494396
271642483.760578930378	1718417.817361185094	1436935.290928801289	2927663.367525381036	0.52567950150040099	2.73240537493368407	2.42901058697669736
271642483.780091464520	1718383.020241640741	1436895.433191508753	2927703.718872224446	0.52566538289356179	2.73241714091458920	2.42900774719207257
271642483.799603939056	1718348.222552571213	1436855.575227574678	2927744.069136879873	0.52565126455932099	2.73242890677780226	2.42900490765659738
271642483.819116473198	1718313.424136108253	1436815.716754703782	2927784.418602913152	0.52563714623349433	2.73244067273172186	2.42900206830461007
271642483.838628947735	1718278.625123051461	1436775.858057155740	2927824.766970549710	0.52562302800140603	2.73245243870322874	2.42899922915113464
271642483.858141481876	1718243.825345246587	1436735.998868639814	2927865.114504003897	0.52560876227044195	2.73246422586029114	2.42899629201732337
271642483.877653956413	1718209.025028125383	1436696.139424053952	2927905.460971593857	0.52559377682853325	2.73247611656368994	2.42899287642821182
271642483.897166430950	1718174.224024803145	1436656.279628987657	2927945.806474379264	0.52557879149448317	2.73248800729591812	2.42898946105779956
271642483.916678965092	1718139.422267607646	1436616.419324790593	2927986.151159362867	0.52556380627101573	2.73249989806062299	2.42898604591294376
271642483.936191439629	1718104.619973768713	1436576.558783584507	2928026.494775399566	0.52554882125011249	2.73251178878574619	2.42898263101561085
271642483.955703973770	1718069.816877054051	1436536.697768054903	2928066.837544015143	0.52553393118227287	2.73252362865320064	2.42897923140932237
271642483.975216448307	1718035.013245644746	1436496.836492386647	2928107.179249735549	0.52551985181223948	2.73253503347851368	2.42897596092269019
271642483.994728982449	1718000.208835367579	1436456.974730781978	2928147.520121332258	0.52550577254058428	2.73254643833078337	2.42897269063690224
271642484.014241456985	1717965.403860775521	1436417.112736310111	2928187.859910741914	0.52549169345512059	2.73255784314274486	2.42896942057647047
271642484.033753931522	1717930.598220114829	1436377.250365039799	2928228.198757665232	0.52547761437884244	2.73256924804709467	2.42896615068892929
271642484.053266465664	1717895.791822802043	1436337.387522864155	2928268.536758359056	0.52546353540228941	2.73258065298021835	2.42896288100565316
271642484.072778940201	1717860.984872434055	1436297.524420258123	2928308.873699239455	0.52544879239313103	2.73259236285849028	2.42895918809881239
271642484.092291474342	1717826.177128435345	1436257.660835180664	2928349.209798642900	0.52543396969374090	2.73260410944222576	2.42895544456997969
271642484.111803948879	1717791.368835465750	1436217.797011628980	2928389.544820240699	0.52541914710122217	2.73261585605544388	2.42895170124976412
271642484.131316483021	1717756.559772274224	1436177.932696161326	2928429.879016627558	0.52540432462238895	2.73262760270726535	2.42894795815531417
271642484.150828957558	1717721.750173995038	1436138.068129982101	2928470.212144119665	0.52538950234823156	2.73263934932650887	2.42894421531059601
271642484.170341432095	1717686.939899779856	1436098.203197349096	2928510.544326159637	0.52537472685406161	2.73265070088485817	2.42894039356243940
271642484.189853966236	1717652.128850492882	1436058.337789796991	2928550.875654669013	0.52535996786309447	2.73266191397790292	2.42893654431507056
271642484.209366440773	1717617.317244108766	1436018.472123746527	2928591.205917424057	0.52534520906960225	2.73267312703932586	2.42893269530139211
271642484.228878974915	1717582.504875015700	1435978.605987998657	2928631.535345888697	0.52533045029099945	2.73268434020313489	2.42892884646872886
271642484.248391449451	1717547.691928845830	1435938.739603459369	2928671.863701242954	0.52531569161789005	2.73269555340140924	2.42892499784169758
271642484.267903983593	1717512.878241512459	1435898.872725790134	2928712.191229717340	0.52530078274149261	2.73270715778804618	2.42892138873860919
271642484.287416458130	1717478.063981944229	1435859.005602483638	2928752.517679085955	0.52528579976573786	2.73271895548970845	2.42891789817593162
271642484.306928932667	1717443.249065376818	1435819.138110881438	2928792.843176946975	0.52527081680449506	2.73273075329092885	2.42891440780472667
271642484.326441466808	1717408.433377592359	1435779.270138961030	2928833.167846567929	0.52525583395382780	2.73274255112568909	2.42891091765771305
271642484.345953941345	1717373.617122413125	1435739.401924558450	2928873.491431087721	0.52524085130570475	2.73275434892249613	2.42890742775731638
271642484.365466475487	1717338.800091765122	1435699.533224527957	2928913.814190393314	0.52522630671952975	2.73276561928307737	2.42890411505580550
271642484.384978950024	1717303.982522575418	1435659.664273553994	2928954.135871895123	0.52521204159197721	2.73277655323362145	2.42890091543463615
271642484.404491484165	1717269.164172687568	1435619.794843200361	2928994.456728186458	0.52519777655890554	2.73278748721049691	2.42889771600842419
271642484.424003958702	1717234.345294107916	1435579.925151585136	2929034.776509641670	0.52518351171198940	2.73279842115296168	2.42889451680810797
271642484.443516433239	1717199.525728685549	1435540.055111721857	2929075.095329265576	0.52516924686786215	2.73280935518249191	2.42889131777179967
271642484.463028967381	1717164.705388379516	1435500.184584073955	2929115.413320705760	0.52515468212786143	2.73282079332358308	2.42888805375457384
271642484.482541441917	1717129.884508929448	1435460.313807663973	2929155.730237312149	0.52513970082247097	2.73283293172150588	2.42888469942885754
271642484.502053976059	1717095.062855563127	1435420.442531908862	2929196.046328763012	0.52512471953569362	2.73284507022277667	2.42888134530766786
271642484.521566450596	1717060.240631652996	1435380.571041158168	2929236.361334998626	0.52510973835539820	2.73285720874835070	2.42887799140231042
271642484.541078925133	1717025.417748042149	1435340.699163093930	2929276.675392807461	0.52509475738172506	2.73286934723559582	2.42887463775495727
271642484.560591459274	1716990.594127267832	1435300.826790029416	2929316.988629678264	0.52507991414023802	2.73288139294114707	2.42887132675865569
271642484.580103933811	1716955.769904033747	1435260.954200791661	2929357.300771118607	0.52506533961407165	2.73289325749528311	2.42886809876355647
271642484.599616467953	1716920.944936102955	1435221.081094358582	2929397.612100702245	0.52505076519635674	2.73290512208215342	2.42886487099381787
271642484.619128942490	1716886.119404037716	1435181.207762361038	2929437.922339127399	0.52503619097247789	2.73291698662438653	2.42886164345996791
271642484.638641476631	1716851.293096473906	1435141.333944773534	2929478.231752339751	0.52502161676210557	2.73292885126394847	2.42885841611692177
271642484.658153951168	1716816.466245502466	1435101.459873120766	2929518.540093746502	0.52500694083719468	2.73294074077267135	2.42885513651554685
271642484.677666425705	1716781.638721989002	1435061.585455476772	2929558.847464294638	0.52499167872179253	2.73295277332529096	2.42885155497744831
271642484.697178959846	1716746.810439077206	1435021.710527827032	2929599.154026010074	0.52497641662530103	2.73296480598260727	2.42884797364216620
271642484.716691434383	1716711.981591802090	1434981.835367393680	2929639.459505537525	0.52496115464139637	2.73297683867169372	2.42884439253268614
271642484.736203968525	1716677.151975056389	1434941.959720197134	2929679.764147914946	0.52494589277279857	2.73298887139619451	2.42884081165586529
271642484.755716443062	1716642.322116388939	1434902.085250447271	2929720.067355929874	0.52493066991197912	2.73300082032844882	2.42883707359668932
271642484.775228977203	1716607.491189592052	1434862.208864868851	2929760.370101232082	0.52491576233290260	2.73301208883412672	2.42883205648434064
271642484.794741451740	1716572.659684929531	1434822.332249353407	2929800.671761429869	0.52490085487126814	2.73302335738751268	2.42882703957898372
271642484.814253926277	1716537.827527845744	1434782.455261529889	2929840.972473090049	0.52488594762676266	2.73303462593128632	2.42882202293295402
271642484.833766460419	1716502.994592783274	1434742.577776322607	2929881.272353654727	0.52487104041089960	2.73304589459466385	2.42881700646901422
271642484.853278934956	1716468.161081489641	1434702.700088085374	2929921.571132624056	0.52485613331518799	2.73305716330938697	2.42881199021891847
271642484.872791469097	1716433.326837548753	1434662.821860189084	2929961.869110171217	0.52484138729642682	2.73306913211104074	2.42880803848080484
271642484.892303943634	1716398.492055924609	1434622.943406958133	2930002.166015742347	0.52482665671691775	2.73308116713452742	2.42880418772502304
271642484.911816477776	1716363.656471705530	1434583.064470137702	2930042.462079892866	0.52481192615995464	2.73309320226538466	2.42880033716438781
271642484.931328952312	1716328.820299695712	1434543.185310011264	2930082.757045585662	0.52479719571596783	2.73310523743066947	2.42879648682352611
271642484.950841426849	1716293.983512236737	1434503.305769012775	2930123.051092306152	0.52478246547810725	2.73311727256108661	2.42879263673392654
271642484.970353960991	1716259.145962067880	1434463.425721316598	2930163.344301930163	0.52476770790705007	2.73312890405173414	2.42878854027169133
271642484.989866435528	1716224.307790027000	1434423.545465024654	2930203.636405801866	0.52475294581576470	2.73314046723474924	2.42878440228129255
271642485.009378969669	1716189.468918728409	1434383.664693661267	2930243.927721323445	0.52473818383931548	2.73315203045994304	2.42878026451093376
271642485.028891444206	1716154.629461419303	1434343.783692498226	2930284.217929475941	0.52472342206832234	2.73316359365725514	2.42877612698699608
271642485.048403978348	1716119.789233787451	1434303.902199560078	2930324.507312417496	0.52470866032016561	2.73317515696497271	2.42877198965327601
271642485.067916452885	1716084.948447436094	1434264.020461939741	2930364.795629551169	0.52469402833322798	2.73318676984565467	2.42876803814297748
271642485.087428927422	1716050.107016542694	1434224.138364856597	2930405.082995060831	0.52467946654836828	2.73319840944323200	2.42876418709550324
271642485.106941461563	1716015.264792130794	1434184.255792682525	2930445.369510125369	0.52466490478245253	2.73321004914537502	2.42876033623388210
271642485.126453936100	1715980.422044633888	1434144.372947393917	2930485.654966736678	0.52465034312487902	2.73322168888155836	2.42875648558274548
271642485.145966470242	1715945.578506447142	1434104.489629452350	2930525.939584780950	0.52463578157972934	2.73323332865724389	2.42875263515237982
271642485.165478944778	1715910.734423848800	1434064.606069064699	2930566.223127993755	0.52462110692963559	2.73324523355766180	2.42874886025341885
271642485.184991478920	1715875.889536469476	1434024.722041025991	2930606.505832698196	0.52460631556576898	2.73325741174736558	2.42874516311829725
271642485.204503953457	1715841.044111457421	1433984.837750577834	2930646.787462624721	0.52459152431595779	2.73326958997130820	2.42874146620897990
271642485.224016427994	1715806.198052181164	1433944.953084670007	2930687.068160280120	0.52457673327372367	2.73328176815931645	2.42873776955601484
271642485.243528962135	1715771.351176329888	1433905.067943748087	2930727.347997222096	0.52456194225472741	2.73329394645537027	2.42873407310515477
271642485.263041436672	1715736.503783128690	1433865.182558432454	2930767.626775536686	0.52454707754828345	2.73330610521128081	2.42873041025309577
271642485.282553970814	1715701.655615553726	1433825.296683279565	2930807.904722702224	0.52453211061425353	2.73331823686241471	2.42872679392168189
271642485.302066445351	1715666.806874704547	1433785.410574167501	2930848.181587732397	0.52451714388567883	2.73333036847349442	2.42872317784048963
271642485.321578979492	1715631.957407038426	1433745.523957690224	2930888.457631822675	0.52450217718151970	2.73334250019521985	2.42871956196997818
271642485.341091454029	1715597.107352009276	1433705.637112251483	2930928.732593837660	0.52448721058547720	2.73335463194312744	2.42871594631275833
271642485.360603928566	1715562.256597085390	1433665.749915651744	2930969.006577751134	0.52447235766207401	2.73336668200199817	2.42871227696724068
271642485.380116462708	1715527.405094248010	1433625.862229431048	2931009.279749694746	0.52445770813065229	2.73337858580835569	2.42870851111824271
271642485.399628937244	1715492.553053393727	1433585.974290218437	2931049.551840861794	0.52444305870942776	2.73339048964777520	2.42870474548512361
271642485.419141471386	1715457.700237327721	1433546.085856135469	2931089.823112815153	0.52442840940247892	2.73340239352571945	2.42870098007817337
271642485.438653945923	1715422.846881083446	1433506.197184957331	2931130.093306906987	0.52441376029701292	2.73341429736640418	2.42869721491463508
271642485.458166480064	1715387.992721223272	1433466.308041828685	2931170.362656551879	0.52439906549910775	2.73342621750247705	2.42869347230240873
271642485.477678954601	1715353.138050179230	1433426.418636529008	2931210.630950596649	0.52438413148962271	2.73343822244665580	2.42868984699476043
271642485.497191429138	1715318.282698617782	1433386.528872534866	2931250.898276869673	0.52436919768684342	2.73345022735525767	2.42868622194155659
271642485.516703963280	1715283.426601286046	1433346.638603052357	2931291.164788254071	0.52435426390468987	2.73346223237014474	2.42868259708942125
271642485.536216437817	1715248.569886895828	1433306.748128190171	2931331.430187888909	0.52433933023210777	2.73347423741491635	2.42867897245474440
271642485.555728971958	1715213.712440311909	1433266.857148703421	2931371.694785933010	0.52432444540485701	2.73348626653686022	2.42867532783860174
271642485.575241446495	1715178.854435114190	1433226.965928124031	2931411.958298817743	0.52431008459932027	2.73349855406073283	2.42867146629126252
271642485.594753980637	1715143.995670188218	1433187.074210595805	2931452.220977521501	0.52429572382163281	2.73351084169644798	2.42866760494509570
271642485.614266455173	1715109.136293280171	1433147.182277920423	2931492.482563825324	0.52428136315315577	2.73352312936041653	2.42866374380764061
271642485.633778929710	1715074.276316737290	1433107.289952960564	2931532.743222185876	0.52426700269158744	2.73353541699089986	2.42865988292760537
271642485.653291463852	1715039.415549678728	1433067.397162646754	2931573.003033012152	0.52425264225512924	2.73354770472957442	2.42865602224187027
271642485.672803938389	1715004.554229675326	1433027.504119304474	2931613.261775060557	0.52423775493676716	2.73355989889378970	2.42865220931405501
271642485.692316472530	1714969.692154551391	1432987.610574960243	2931653.519685897510	0.52422281741997923	2.73357208416339059	2.42864840116777092
271642485.711828947067	1714934.829500314314	1432947.716805102304	2931693.776517575141	0.52420788010976826	2.73358426939345067	2.42864459327090731
271642485.731341481209	1714899.966071888572	1432907.822552700527	2931734.032509131357	0.52419294282137274	2.73359645472985857	2.42864078557128593
271642485.750853955746	1714865.102107649669	1432867.928051941330	2931774.287434765603	0.52417800564920647	2.73360864010239668	2.42863697810013734
271642485.770366430283	1714830.237462641904	1432828.033185308799	2931814.541401591618	0.52416324330357389	2.73362055651337377	2.42863339709874149
271642485.789878964424	1714795.372067445191	1432788.137824515114	2931854.794541594107	0.52414851031630816	2.73363242783425120	2.42862985429876810
271642485.809391438961	1714760.506083799992	1432748.242242686450	2931895.046586110257	0.52413377743661327	2.73364429918525875	2.42862631171412646
271642485.828903973103	1714725.639395595994	1432708.346152135404	2931935.297842275817	0.52411904466584280	2.73365617056821630	2.42862276934824495
271642485.848416447639	1714690.772094026674	1432668.449826622615	2931975.547983834054	0.52410431209715957	2.73366804191482249	2.42861922723072921
271642485.867928981781	1714655.904053956037	1432628.553010646021	2932015.797310390975	0.52408952883604387	2.73367996698909099	2.42861565026940074
271642485.887441456318	1714621.035441168817	1432588.655958601972	2932056.045551847201	0.52407472033551628	2.73369191889545204	2.42861205600809482
271642485.906953930855	1714586.166146635544	1432548.758552257903	2932096.292831469327	0.52405991203930746	2.73370387076585386	2.42860846199817670
271642485.926466464996	1714551.296097056009	1432508.860648623900	2932136.539290262386	0.52404510376014768	2.73371582273787439	2.42860486817978893
271642485.945978939533	1714516.425516495947	1432468.962499808753	2932176.784677138086	0.52403029559166336	2.73372777474272022	2.42860127458285469
271642485.965491473675	1714481.554497768404	1432429.065275851870	2932217.028874633834	0.52401539713145517	2.73373964133071468	2.42859806874637840
271642485.985003948212	1714446.682550650090	1432389.166408799123	2932257.272334926762	0.52400043987063238	2.73375145210786208	2.42859511604302147
271642486.004516482353	1714411.809860995971	1432349.267053198768	2932297.514974279795	0.52398548261904887	2.73376326297879135	2.42859216353499141
271642486.024028956890	1714376.936614124570	1432309.367439294001	2932337.756547880359	0.52397052546715672	2.73377507387010832	2.42858921123799654
271642486.043541431427	1714342.062727466458	1432269.467469202820	2932377.997163861524	0.52395556851357350	2.73378688471934161	2.42858625918833404
271642486.063053965569	1714307.188052766956	1432229.567008537706	2932418.236935393419	0.52394075276437135	2.73379879223296962	2.42858320504392955
271642486.082566440105	1714272.312814078527	1432189.666309533874	2932458.475641116500	0.52392615105208584	2.73381084608572289	2.42857999610172071
271642486.102078974247	1714237.436818297021	1432149.765132697532	2932498.713509577326	0.52391154944819940	2.73382289996916672	2.42857678738485827
271642486.121591448784	1714202.560250147711	1432109.863710436970	2932538.950298931450	0.52389694804099163	2.73383495380842190	2.42857357891061509
271642486.141103982925	1714167.682945850538	1432069.961789079476	2932579.186261403840	0.52388234664980438	2.73384700774777478	2.42857037063413772
271642486.160616457462	1714132.805039368803	1432030.059642324224	2932619.421134446282	0.52386758298605729	2.73385892021641741	2.42856696821933982
271642486.180128931999	1714097.926499729510	1431990.157115894603	2932659.655069278553	0.52385230189704668	2.73387038158915052	2.42856294649431481
271642486.199641466141	1714063.047192569124	1431950.254124125233	2932699.888166843448	0.52383702082518635	2.73388184306770432	2.42855892495775416
271642486.219153940678	1714028.167318838416	1431910.350878533907	2932740.120182335377	0.52382173986698799	2.73389330458628210	2.42855490364219806
271642486.238666474819	1713993.286651240196	1431870.447150800377	2932780.351356348954	0.52380645902516765	2.73390476614851874	2.42855088255450324
271642486.258178949356	1713958.405466822209	1431830.543176607927	2932820.581468767021	0.52379123575677733	2.73391632426770093	2.42854695120542496
271642486.277691483498	1713923.523497871822	1431790.638715809910	2932860.810756030492	0.52377630213845450	2.73392837014178092	2.42854347188183040
271642486.297203958035	1713888.640975098126	1431750.734017158160	2932901.038952136412	0.52376136863088218	2.73394041604732640	2.42853999278249377
271642486.316716432571	1713853.757828614675	1431710.828937934013	2932941.266207003035	0.52374643532980691	2.73395246191678654	2.42853651394006631
271642486.336228966713	1713818.873853826895	1431670.923400670523	2932981.492607095744	0.52373150204507501	2.73396450788707268	2.42853303529266462
271642486.355741441250	1713783.989354670979	1431631.017594766570	2933021.717954676598	0.52371662677911734	2.73397653552084741	2.42852954029486057
271642486.375253975391	1713749.104113538051	1431591.111298206961	2933061.942478344310	0.52370223610309630	2.73398840953434386	2.42852590688189540
271642486.394766449928	1713714.218251042068	1431551.204791042488	2933102.165893290658	0.52368784553246650	2.73400028357669322	2.42852227367657703
271642486.414278984070	1713679.331665843725	1431511.297782007838	2933142.388484266587	0.52367345516645880	2.73401215759048988	2.42851864072965284
271642486.433791458607	1713644.444541243138	1431471.390520879300	2933182.610019759741	0.52365906481203472	2.73402403169781172	2.42851500795333664
271642486.453303933144	1713609.556692041224	1431431.482922525145	2933222.830566827673	0.52364467456706487	2.73403590583943457	2.42851137539494877
271642486.472816467285	1713574.668145212810	1431391.574802798452	2933263.050316633657	0.52362998413693074	2.73404782699114213	2.42850793359360662
271642486.492328941822	1713539.778986239806	1431351.666464352515	2933303.268963654526	0.52361526472684972	2.73405975266939283	2.42850451055529071
271642486.511841475964	1713504.889100420987	1431311.757622390753	2933343.486800119281	0.52360054533145739	2.73407167844653021	2.42850108770698014
271642486.531353950500	1713469.998602689942	1431271.848568930058	2933383.703524830751	0.52358582604247506	2.73408360425209640	2.42849766507412035
271642486.550866425037	1713435.107471769210	1431231.939135842258	2933423.919311330654	0.52357110695433962	2.73409553001927419	2.42849424268902014
271642486.570378959179	1713400.215592451626	1431192.029222689802	2933464.134279862046	0.52355650883109339	2.73410720672785557	2.42849079866004791
271642486.589891433716	1713365.323147491552	1431152.119044217048	2933504.348169342615	0.52354193540372895	2.73411883281392409	2.42848735040799069
271642486.609403967857	1713330.429907306563	1431112.208404588280	2933544.561208323110	0.52352736208098616	2.73413045893031059	2.42848390236772582
271642486.628916442394	1713295.536151234061	1431072.297506989911	2933584.773188734427	0.52351278895369147	2.73414208500838773	2.42848045456485018
271642486.648428976536	1713260.641601485433	1431032.386134525528	2933624.984318698756	0.52349821584017553	2.73415371118539863	2.42847700694815494
271642486.667941451073	1713225.746501190122	1430992.474520963617	2933665.194385769777	0.52348340314128539	2.73416574844225391	2.42847340015591051
271642486.687453925610	1713190.850754096173	1430952.562526947586	2933705.403501332738	0.52346846939351410	2.73417799362035607	2.42846971299535985
271642486.706966459751	1713155.954211769626	1430912.650071796495	2933745.611766389571	0.52345353566645292	2.73419023890346002	2.42846602603311057
271642486.726478934288	1713121.057145046303	1430872.737348044291	2933785.818978936411	0.52343860205312875	2.73420248421915968	2.42846233929622723
271642486.745991468430	1713086.159287694842	1430832.824159095762	2933826.025343950372	0.52342366855625588	2.73421472957108636	2.42845865279156747
271642486.765503942966	1713051.260892586550	1430792.910707928473	2933866.230634185486	0.52340917346870430	2.73422651190465604	2.42845508408219812
271642486.785016477108	1713016.361700446112	1430752.996802132577	2933906.435082830954	0.52339496358445503	2.73423799301760129	2.42845159204758998
271642486.804528951645	1712981.461980490014	1430713.082627482014	2933946.638470049948	0.52338075379940285	2.73424947415710262	2.42844810021075741
271642486.824041426182	1712946.561587566743	1430673.168099898146	2933986.840895381290	0.52336654420758988	2.73426095526269597	2.42844460861129674
271642486.843553960323	1712911.660424358677	1430633.253088026773	2934027.042486530729	0.52335233462907116	2.73427243646621454	2.42844111719059796
271642486.863066434860	1712876.758701838553	1430593.337837385712	2934067.242995493114	0.52333781586313810	2.73428417962725501	2.42843763591716177
271642486.882578969002	1712841.856224775314	1430553.422087420942	2934107.442680655513	0.52332286035791631	2.73429629277187125	2.42843416890643216
271642486.902091443539	1712806.953177749645	1430513.506103938213	2934147.641292600427	0.52330790505708924	2.73430840587622548	2.42843070214706191
271642486.921603977680	1712772.049370125635	1430473.589642481413	2934187.839058366138	0.52329294977432061	2.73432051908351159	2.42842723558760598
271642486.941116452217	1712737.145008877153	1430433.672930299072	2934228.035758325830	0.52327799460005053	2.73433263231849155	2.42842376924691994
271642486.960628926754	1712702.239976796089	1430393.755849325331	2934268.231493480969	0.52326335399724710	2.73434465355950929	2.42842006922927034
271642486.980141460896	1712667.334196278593	1430353.838288344443	2934308.426410665736	0.52324928370238410	2.73435650808195563	2.42841594500740721
