334151606.802300751209 0.000088312500
334151606.802300751209	3650515.259591011796	-254247.239756458963	-148667.030989675812	1.58253574119678797	2.91702182446619940	3.01701918323430851
334151606.819963276386	3650517.721678244881	-254254.738567579130	-148606.725146743207	1.58251898381036527	2.91702423361610919	3.01701984851256144
334151606.837625741959	3650520.182750661392	-254262.237280561851	-148546.419488678570	1.58250222655028883	2.91702664274394952	3.01702051384901937
334151606.855288267136	3650522.642813391984	-254269.735992619419	-148486.113569192414	1.58248546919036426	2.91702905187989137	3.01702117925269109
334151606.872950732708	3650525.101886222605	-254277.234601174889	-148425.807809506514	1.58246871184372706	2.91703146099429711	3.01702184471924717
334151606.890613257885	3650527.559944806155	-254284.733161371842	-148365.501813580748	1.58245222955586362	2.91703379087742309	3.01702278361863963
334151606.908275723457	3650530.016973517835	-254292.231686790736	-148305.195969872322	1.58243607030759947	2.91703602772306869	3.01702404351985498
334151606.925938248634	3650532.473015844822	-254299.730102137109	-148244.889898806607	1.58241991096192125	2.91703826455939108	3.01702530348717479
334151606.943600773811	3650534.928063718602	-254307.228475811833	-148184.583791189885	1.58240375162788771	2.91704050137246584	3.01702656351208187
334151606.961263239384	3650537.382075820118	-254314.726778975921	-148124.277831149579	1.58238759230548998	2.91704273816592918	3.01702782359453225
334151606.978925764561	3650539.835087820888	-254322.225023726554	-148063.971640924807	1.58237143299472804	2.91704497493977888	3.01702908373452461
334151606.996588230133	3650542.287084138487	-254329.723195396014	-148003.665592449339	1.58235492246715181	2.91704703328118242	3.01703020954562051
334151607.014250755310	3650544.738088766579	-254337.221354744659	-147943.359312487941	1.58233828948205058	2.91704902948193112	3.01703128862114811
334151607.031913280487	3650547.188080273569	-254344.719406768825	-147883.052998575760	1.58232165650850276	2.91705102566178853	3.01703236775195238
334151607.049575746059	3650549.637050154153	-254352.217378223839	-147822.746838296793	1.58230502354650815	2.91705302182075243	3.01703344693803110
334151607.067238271236	3650552.085020594765	-254359.715328188031	-147762.440441890707	1.58228839059602877	2.91705501797337297	3.01703452617921331
334151607.084900736809	3650554.532001142390	-254367.213174603181	-147702.134205286478	1.58227175716552537	2.91705707588716878	3.01703562333065456
334151607.102563261986	3650556.977937109768	-254374.710995703033	-147641.827712971688	1.58225511981454692	2.91705952475621322	3.01703683356135555
334151607.120225727558	3650559.422880862840	-254382.208726418874	-147581.521393756935	1.58223848247617949	2.91706197360587050	3.01703804385488139
334151607.137888252735	3650561.866827026010	-254389.706409064500	-147521.214838415734	1.58222184515041309	2.91706442243977548	3.01703925421118857
334151607.155550777912	3650564.309754800983	-254397.204053878668	-147460.908228472137	1.58220520783725682	2.91706687125429021	3.01704046463032016
334151607.173213243484	3650566.751675557345	-254404.701581395435	-147400.601791514200	1.58218857053672934	2.91706932004213781	3.01704167511236010
334151607.190875768661	3650569.192584121600	-254412.199097541365	-147340.295099073963	1.58217214810268758	2.91707173141556320	3.01704286312720260
334151607.208538234234	3650571.632501397282	-254419.696510001464	-147279.988579734432	1.58215590649331994	2.91707411130200578	3.01704403224610385
334151607.226200759411	3650574.071388244163	-254427.193887083704	-147219.681810740673	1.58213966478650581	2.91707649117778489	3.01704520143319765
334151607.243863224983	3650576.509266221896	-254434.691173409519	-147159.375214733940	1.58212342320144184	2.91707887102767049	3.01704637067250392
334151607.261525750160	3650578.947248109151	-254442.187677144597	-147099.068969281681	1.58210718140933193	2.91708125087450254	3.01704753998799324
334151607.279188275337	3650581.383113546297	-254449.684874622093	-147038.762076601648	1.58209093973896131	2.91708363069907817	3.01704870935565284
334151607.296850740910	3650583.817968533374	-254457.181957676657	-146978.455362849898	1.58207443600853903	2.91708576964048394	3.01704980316781501
334151607.314513266087	3650586.251831419766	-254464.679026768863	-146918.148387790337	1.58205786367699974	2.91708784564988965	3.01705087728973087
334151607.332175731659	3650588.684663311113	-254472.176010664378	-146857.841584186885	1.58204129135719462	2.91708992163490244	3.01705195146809890
334151607.349838256836	3650591.116520669311	-254479.672927595850	-146797.534545983362	1.58202471904908504	2.91709199761007287	3.01705302570275125
334151607.367500722408	3650593.547349086963	-254487.169796367438	-146737.227659999451	1.58200814686452906	2.91709407355892303	3.01705409998646434
334151607.385163247585	3650595.977167619858	-254494.666600495868	-146676.920531830547	1.58199175032247896	2.91709632721577661	3.01705509387534843
334151607.402825772762	3650598.405984409153	-254502.163327017799	-146616.613375771063	1.58197603906300110	2.91709927384149736	3.01705577409687242
334151607.420488238335	3650600.833775690291	-254509.660002473538	-146556.306365985627	1.58196032781745344	2.91710222045338385	3.01705645438583758
334151607.438150763512	3650603.260586969554	-254517.156616855471	-146495.999120188353	1.58194461658582641	2.91710516705507095	3.01705713474220039
334151607.455813229084	3650605.686359503306	-254524.653136857523	-146435.692041204224	1.58192890547413700	2.91710811363512068	3.01705781516127169
334151607.473475754261	3650608.111150652170	-254532.149635728274	-146375.384712911444	1.58191319427034061	2.91711106022004385	3.01705849565238715
334151607.491138279438	3650610.534928688314	-254539.646027173614	-146315.077350669744	1.58189710794117566	2.91711378342824013	3.01705948583000083
334151607.508800745010	3650612.957664105576	-254547.142393858288	-146254.770121291804	1.58188062317834555	2.91711626937430779	3.01706080492718032
334151607.526463270187	3650615.379431348294	-254554.638702588127	-146194.462675254734	1.58186413842793061	2.91711875530668285	3.01706212408710739
334151607.544125735760	3650617.800173996016	-254562.134906883206	-146134.155402086442	1.58184765380119630	2.91712124120612426	3.01706344330090737
334151607.561788260937	3650620.219918149523	-254569.631116354692	-146073.847866199911	1.58183116907564747	2.91712372709656087	3.01706476258649481
334151607.579450726509	3650622.638642523438	-254577.127178531664	-146013.540510537045	1.58181468436254868	2.91712621295875207	3.01706608193499548
334151607.597113251686	3650625.056358600035	-254584.623199673602	-145953.232906750607	1.58179896167641365	2.91712902935999541	3.01706738049403800
334151607.614775776863	3650627.473062648904	-254592.119191941601	-145892.925266299921	1.58178332511235409	2.91713188309489846	3.01706867676197765
334151607.632438242435	3650629.888775431551	-254599.615120491304	-145832.617772354977	1.58176768866639317	2.91713473679217117	3.01706997308652891
334151607.650100767612	3650632.303457359318	-254607.110971933696	-145772.310025530722	1.58175205212746595	2.91713759048798815	3.01707126948521820
334151607.667763233185	3650634.717133818194	-254614.606757881586	-145712.002462272503	1.58173641560111267	2.91714044416062324	3.01707256594932316
334151607.685425758362	3650637.129827301018	-254622.102458937996	-145651.694682240312	1.58172065275870177	2.91714321877297156	3.01707384779561449
334151607.703088223934	3650639.541488924064	-254629.598099812254	-145591.387030545768	1.58170422140727163	2.91714557500805638	3.01707505198109383
334151607.720750749111	3650641.952147223521	-254637.093748624698	-145531.079135370645	1.58168778995713821	2.91714793124244309	3.01707625623518050
334151607.738413274288	3650644.361820710823	-254644.589269891876	-145470.771218354465	1.58167135851923391	2.91715028744685423	3.01707746054989778
334151607.756075739861	3650646.770444286987	-254652.084730510862	-145410.463442861103	1.58165492709352318	2.91715264363583726	3.01707866492508181
334151607.773738265038	3650649.178092838265	-254659.580178994016	-145350.155435994791	1.58163849568000470	2.91715499980939219	3.01707986936073302
334151607.791400730610	3650651.584725049324	-254667.075477226143	-145289.847603414732	1.58162253142506493	2.91715717792177154	3.01708104825943257
334151607.809063255787	3650653.990327961277	-254674.570790281112	-145229.539501943247	1.58160694077362241	2.91715921358066010	3.01708220674489391
334151607.826725780964	3650656.394943283871	-254682.066015612130	-145169.231378631812	1.58159135013297614	2.91716124922215458	3.01708336528272136
334151607.844388246536	3650658.798547710758	-254689.561153073329	-145108.923420951905	1.58157575950314433	2.91716328483897724	3.01708452387299531
334151607.862050771713	3650661.202241011895	-254697.055531177408	-145048.615807771508	1.58156016888409057	2.91716532044568000	3.01708568251555409
334151607.879713237286	3650663.603808666114	-254704.550552611297	-144988.307767483086	1.58154457838104645	2.91716735602605626	3.01708684120260351
334151607.897375762463	3650666.004396324512	-254712.045512882585	-144927.999491179420	1.58152847081542514	2.91716968633806539	3.01708796627990239
334151607.915038228035	3650668.403962371405	-254719.540392400057	-144867.691368508764	1.58151226558805602	2.91717207231665387	3.01708908505532358
334151607.932700753212	3650670.802512330003	-254727.035249905050	-144807.383009595243	1.58149606037284718	2.91717445828870137	3.01709020389080340
334151607.950363278389	3650673.200092754327	-254734.530020104343	-144747.074615662306	1.58147985516984346	2.91717684423601664	3.01709132278654213
334151607.968025743961	3650675.596605034079	-254742.024705610558	-144686.766369078454	1.58146365008838807	2.91717923015458158	3.01709244173485391
334151607.985688269138	3650677.992148687597	-254749.519359742175	-144626.457892535429	1.58144739795743527	2.91718158106432135	3.01709353051534501
334151608.003350734711	3650680.386683954857	-254757.013936345960	-144566.149575681251	1.58143081066274083	2.91718368205749723	3.01709440351329672
334151608.021013259888	3650682.780190852005	-254764.508514448942	-144505.840989934542	1.58141422337999948	2.91718578304041731	3.01709527656808563
334151608.038675725460	3650685.172714672983	-254772.002931120020	-144445.532621822407	1.58139763622116947	2.91718788399643403	3.01709614967384399
334151608.056338250637	3650687.564204223920	-254779.497313562955	-144385.223980174487	1.58138104896236009	2.91718998494792325	3.01709702284242365
334151608.074000775814	3650689.954703422263	-254786.991688126145	-144324.915290096222	1.58136446171549427	2.91719208589278889	3.01709789606779921
334151608.091663241386	3650692.344196546823	-254794.485931917065	-144264.606773001549	1.58134786337760791	2.91719426991774178	3.01709895369457426
334151608.109325766563	3650694.732662215363	-254801.980123843794	-144204.298013611144	1.58133125468991964	2.91719653148538471	3.01710018341897301
334151608.126988232136	3650697.120139078237	-254809.474250518746	-144143.989437902754	1.58131464612639094	2.91719879302288554	3.01710141319459035
334151608.144650757313	3650699.506583251525	-254816.968366602407	-144083.680582718895	1.58129803746283448	2.91720105455842349	3.01710264303805209
334151608.162313222885	3650701.892031142954	-254824.462358042510	-144023.371912518312	1.58128142881137834	2.91720331606335526	3.01710387294120119
334151608.179975748062	3650704.276480073109	-254831.956341147597	-143963.062992891762	1.58126482017197856	2.91720557755586940	3.01710510290384226
334151608.197638273239	3650706.659915902186	-254839.450216670230	-143902.754039319232	1.58124862804567146	2.91720764545919398	3.01710596804955689
334151608.215300738811	3650709.042338987347	-254846.944030812883	-143842.445251373632	1.58123247001967582	2.91720969755208293	3.01710680347632731
334151608.232963263988	3650711.423754251096	-254854.437817174126	-143782.136202007445	1.58121631189616130	2.91721174964106211	3.01710763896339351
334151608.250625729561	3650713.804158156272	-254861.931502194231	-143721.827331566601	1.58120015378418022	2.91721380171345546	3.01710847450510489
334151608.268288254738	3650716.183565882500	-254869.425139008614	-143661.518211704330	1.58118399568373302	2.91721585376925940	3.01710931010146011
334151608.285950779915	3650718.561963157263	-254876.918730410689	-143601.209075828141	1.58116777330620173	2.91721799667558157	3.01711021873795637
334151608.303613245487	3650720.939344115555	-254884.412211512099	-143540.900087643415	1.58115123769954868	2.91722058237492510	3.01711148317037781
334151608.321275770664	3650723.315723608714	-254891.905673865956	-143480.590855976508	1.58113470199408823	2.91722316806674131	3.01711274767608728
334151608.338938236237	3650725.691084461287	-254899.399039088166	-143420.281785296538	1.58111816630141311	2.91722575373839010	3.01711401224650144
334151608.356600761414	3650728.065444305539	-254906.892358882818	-143359.972484433674	1.58110163062151443	2.91722833939350501	3.01711527688157899
334151608.374263226986	3650730.438796241768	-254914.385614467494	-143299.663329958537	1.58108509506600048	2.91723092501217396	3.01711654157281206
334151608.391925752163	3650732.811136452947	-254921.878831751528	-143239.353933302016	1.58106873910419243	2.91723366692696873	3.01711743707402302
334151608.409588277340	3650735.182475861628	-254929.371957943193	-143179.044508750405	1.58105250165117139	2.91723651189881039	3.01711808913874702
334151608.427250742912	3650737.552803928498	-254936.865022806509	-143118.735236534791	1.58103626421231969	2.91723935685326241	3.01711874127154234
334151608.444913268089	3650739.923214494716	-254944.357307374157	-143058.426333997428	1.58102002678760090	2.91724220180487759	3.01711939347225711
334151608.462575733662	3650742.291516507044	-254951.850208780350	-142998.117017759563	1.58100378948661247	2.91724504673198703	3.01712004573651438
334151608.480238258839	3650744.658813677263	-254959.343106117798	-142937.807420864148	1.58098755209019459	2.91724789166336906	3.01712069807321770
334151608.497900724411	3650747.025099962950	-254966.835915449919	-142877.497989597265	1.58097104248605835	2.91725033373936693	3.01712176847072699
334151608.515563249588	3650749.390385243110	-254974.328679320693	-142817.188328146585	1.58095449085313633	2.91725271358805394	3.01712290348384959
334151608.533225774765	3650751.754672229290	-254981.821362452931	-142756.878632858396	1.58093793923263859	2.91725509342227829	3.01712403855829914
334151608.550888240337	3650754.117935108487	-254989.313954317477	-142696.569097145344	1.58092138773628244	2.91725747322350948	3.01712517368643773
334151608.568550765514	3650756.480182832573	-254996.806510752882	-142636.259325189953	1.58090483614065058	2.91725985302152502	3.01712630888361399
334151608.586213231087	3650758.841434487607	-255004.299046119064	-142575.949692386523	1.58088830973772909	2.91726228692744360	3.01712725853132469
334151608.603875756264	3650761.201676264405	-255011.791476527374	-142515.639843991259	1.58087184774091316	2.91726485925006074	3.01712773358457254
334151608.621538221836	3650763.560896911658	-255019.283839421521	-142455.330135931959	1.58085538586895447	2.91726743154907497	3.01712820869903053
334151608.639200747013	3650765.919132742099	-255026.776143784897	-142395.020211098657	1.58083892389964453	2.91727000385685820	3.01712868388113531
334151608.656863272190	3650768.276363424491	-255034.268413246638	-142334.710237718595	1.58082246194408738	2.91727257615722380	3.01712915912766899
334151608.674525737762	3650770.632546990644	-255041.760582014482	-142274.400405862485	1.58080600000229921	2.91727514844289182	3.01712963443870485
334151608.692188262939	3650772.987768293358	-255049.252728314168	-142214.090361983835	1.58078955823158007	2.91727766568523927	3.01713046683781450
334151608.709850728512	3650775.341946373228	-255056.744744343625	-142153.780466984259	1.58077313351667215	2.91728013666039621	3.01713159919135077
334151608.727513253689	3650777.695132780354	-255064.236747693707	-142093.470340496424	1.58075670870348461	2.91728260762949487	3.01713273161498252
334151608.745175778866	3650780.047304241918	-255071.728669906850	-142033.160180063773	1.58074028390285526	2.91728507858430364	3.01713386410097995
334151608.762838244438	3650782.398470303509	-255079.220538205060	-141972.850160077534	1.58072385911479851	2.91728754951754787	3.01713499664941853
334151608.780500769615	3650784.748620092403	-255086.712320697203	-141912.539923087490	1.58070743433930683	2.91729002043286334	3.01713612926025920
334151608.798163235188	3650787.097777236719	-255094.204039116914	-141852.229845902009	1.58069132238639254	2.91729241948721452	3.01713706446130692
334151608.815825760365	3650789.445910367183	-255101.695702623954	-141791.919520476309	1.58067523307426261	2.91729481331528184	3.01713798537056377
334151608.833488225937	3650791.793041950557	-255109.187310865207	-141731.609359382448	1.58065914377448280	2.91729720712182683	3.01713890633981840
334151608.851150751114	3650794.139178471640	-255116.678881059896	-141671.298956217477	1.58064305448701825	2.91729960092140361	3.01713982736892383
334151608.868813276291	3650796.484283860307	-255124.170383138669	-141610.988505693735	1.58062696521188628	2.91730199470673224	3.01714074845795199
334151608.886475741863	3650798.828405732289	-255131.661750282656	-141550.678259503446	1.58061086936223782	2.91730441197861401	3.01714172046334017
334151608.904138267040	3650801.171514971647	-255139.153132354055	-141490.367744539079	1.58059474995637239	2.91730691164539380	3.01714287075242460
334151608.921800732613	3650803.513594212942	-255146.644387362699	-141430.057384503918	1.58057863056287617	2.91730941128702215	3.01714402110328139
334151608.939463257790	3650805.854669680353	-255154.135676728067	-141369.746767689096	1.58056251118170898	2.91731191092168540	3.01714517151572714
334151608.957125723362	3650808.194749799091	-255161.626787941146	-141309.436362452048	1.58054639192169444	2.91731441051913398	3.01714632198213062
334151608.974788248539	3650810.533825077116	-255169.117894986004	-141249.125676553842	1.58053027256524925	2.91731691011076100	3.01714747251804472
334151608.992450773716	3650812.871883984655	-255176.608989040920	-141188.814959936513	1.58051405788409705	2.91731964591053705	3.01714860070699853
334151609.010113239288	3650815.208932975307	-255184.099913395708	-141128.504419015837	1.58049774730364523	2.91732261933800086	3.01714970642016089
334151609.027775764465	3650817.544964320958	-255191.590831898007	-141068.193621202692	1.58048143673699770	2.91732559274808123	3.01715081220357639
334151609.045438230038	3650819.881080623250	-255199.080943993060	-141007.883594940271	1.58046512629421954	2.91732856612916036	3.01715191804969773
334151609.063100755215	3650822.215103061404	-255206.571712505713	-140947.572739926487	1.58044881575517926	2.91733153950447033	3.01715302397361773
334151609.080763280392	3650824.548122860491	-255214.062456407410	-140887.261830423988	1.58043250522993306	2.91733451286603351	3.01715412996775534
334151609.098425745964	3650826.880134750158	-255221.553095877549	-140826.951093908050	1.58041604248780621	2.91733695439751450	3.01715527056272892
334151609.116088271141	3650829.211132431403	-255229.043726578413	-140766.640094554750	1.58039956156220085	2.91733933234450582	3.01715641534664414
334151609.133750736713	3650831.541123119649	-255236.534199505753	-140706.329294780968	1.58038308076017087	2.91734171026206557	3.01715756018385051
334151609.151413261890	3650833.870096813422	-255244.024703491625	-140646.018232174130	1.58036659985925265	2.91734408817994195	3.01715870508982364
334151609.169075727463	3650836.198067887686	-255251.515073574061	-140585.707336608728	1.58035011897070876	2.91734646606871006	3.01715985005696963
334151609.186738252640	3650838.525037966669	-255259.005398055713	-140525.396210858395	1.58033363813576000	2.91734876247066621	3.01716099123538628
334151609.204400777817	3650840.851001974195	-255266.495700800093	-140465.085036560835	1.58031715740751233	2.91735087162055251	3.01716212362449765
334151609.222063243389	3650843.175958075561	-255273.985899084655	-140404.774035251874	1.58030067669093621	2.91735298074880278	3.01716325607023661
334151609.239725768566	3650845.499873982742	-255281.476055413019	-140344.462772289262	1.58028419598602254	2.91735508985905678	3.01716438857256986
334151609.257388234138	3650847.822810931597	-255288.966124149272	-140284.151688484155	1.58026771540398636	2.91735719894552625	3.01716552112376890
334151609.275050759315	3650850.144730696920	-255296.456160315080	-140223.840361079725	1.58025123472239759	2.91735930801978149	3.01716665373928672
334151609.292713224888	3650852.465645061806	-255303.946102390793	-140163.529200719960	1.58023463347714910	2.91736167888239573	3.01716788244372536
334151609.310375750065	3650854.785552075598	-255311.435989783495	-140103.217792238196	1.58021793484591022	2.91736426121071402	3.01716918878464346
334151609.328038275242	3650857.104448011145	-255318.925834658439	-140042.906347090378	1.58020123622752839	2.91736684351432718	3.01717049519087155
334151609.345700740814	3650859.422339474317	-255326.415572146856	-139982.595068988769	1.58018453773469014	2.91736942578425351	3.01717180165350785
334151609.363363265991	3650861.739224193152	-255333.905320138467	-139922.283553343732	1.58016783914199110	2.91737200805300212	3.01717310819021156
334151609.381025731564	3650864.055096508004	-255341.394928020251	-139861.972192747780	1.58015114056216510	2.91737459028976343	3.01717441479229143
334151609.398688256741	3650866.369951173663	-255348.884489920019	-139801.660601849348	1.58013543190923755	2.91737688569517806	3.01717582023983866
334151609.416350722313	3650868.683805406094	-255356.374006705213	-139741.349182637583	1.58011973979659004	2.91737917631749255	3.01717722737334038
334151609.434013247490	3650870.996657120064	-255363.863465992734	-139681.037496061879	1.58010404758926160	2.91738146692183831	3.01717863457313928
334151609.451675772667	3650873.308496820275	-255371.352855953446	-139620.725799417414	1.58008835539312975	2.91738375750847867	3.01718004182958666
334151609.469338238239	3650875.619318366982	-255378.842161922425	-139560.414250466012	1.58007266320821027	2.91738604807013546	3.01718144914275088
334151609.487000763416	3650877.929146257695	-255386.331429816550	-139500.102446146921	1.58005676450050392	2.91738837793518524	3.01718279601021733
334151609.504663228989	3650880.237952042371	-255393.820591418043	-139439.790851876984	1.58004024239275864	2.91739082649344761	3.01718396027404889
334151609.522325754166	3650882.545771038160	-255401.309709128429	-139379.478990357253	1.58002372018605897	2.91739327504122681	3.01718512460821042
334151609.539988279343	3650884.852568240836	-255408.798791396286	-139319.167080180487	1.58000719799190104	2.91739572357044175	3.01718628900476205
334151609.557650744915	3650887.158356611151	-255416.287782425788	-139258.855342985509	1.57999067581028307	2.91739817208109420	3.01718745346370509
334151609.575313270092	3650889.463127334137	-255423.776727428281	-139198.543375492591	1.57997415364119820	2.91740062057681904	3.01718861798500448
334151609.592975735664	3650891.766880376730	-255431.265601807245	-139138.231542392314	1.57995792878620489	2.91740304049574251	3.01719010709209012
334151609.610638260841	3650894.069660446607	-255438.754460653057	-139077.919485275517	1.57994185606173398	2.91740544578852923	3.01719176250274757
334151609.628300726414	3650896.371421252843	-255446.243185141735	-139017.607595092151	1.57992578334875899	2.91740785104464750	3.01719341797336060
334151609.645963251591	3650898.673261671327	-255453.731145464641	-138957.296067230811	1.57990971064724772	2.91741025627865058	3.01719507350379423
334151609.663625776768	3650900.972995375283	-255461.219776736689	-138896.983887617127	1.57989363795719351	2.91741266149417244	3.01719672909401204
334151609.681288242340	3650903.271725499537	-255468.708315521100	-138836.671891569509	1.57987756538709445	2.91741506666524142	3.01719838473293223
334151609.698950767517	3650905.569461959880	-255476.196776117838	-138776.359666753473	1.57986100191477119	2.91741749393744376	3.01719959913595126
334151609.716613233089	3650907.866172016133	-255483.685198438150	-138716.047588211950	1.57984439633968488	2.91741992308821407	3.01720077573335788
334151609.734275758266	3650910.161872222554	-255491.173555608839	-138655.735267488577	1.57982779077714253	2.91742235222012525	3.01720195239314259
334151609.751938223839	3650912.456559247337	-255498.661877738865	-138595.423099096719	1.57981118533920162	2.91742478132523075	3.01720312910728605
334151609.769600749016	3650914.750232059974	-255506.150150900008	-138535.110694463598	1.57979457980173810	2.91742721042305853	3.01720430589179367
334151609.787263274193	3650917.042925571557	-255513.638290158269	-138474.798269409570	1.57977809879380504	2.91742966774470203	3.01720536098723935
334151609.804925739765	3650919.334590175655	-255521.126380740490	-138414.485996571108	1.57976188902870396	2.91743218657590742	3.01720615093911748
334151609.822588264942	3650921.625251471531	-255528.614478821284	-138354.173480251571	1.57974567927651810	2.91743470540572414	3.01720694095335773
334151609.840250730515	3650923.914907190017	-255536.102419085306	-138293.861150212702	1.57972946964667837	2.91743722420377560	3.01720773102475137
334151609.857913255692	3650926.203550740145	-255543.590347405028	-138233.548564697470	1.57971325992037381	2.91743974300534825	3.01720852116394989
334151609.875575780869	3650928.491189158056	-255551.078240565286	-138173.235930632916	1.57969705020700468	2.91744226179461696	3.01720931136561132
334151609.893238246441	3650930.777834292501	-255558.565992421209	-138112.923488908331	1.57968101490925261	2.91744476215324156	3.01721031524402639
334151609.910900771618	3650933.063450143207	-255566.053758654889	-138052.610778291186	1.57966509713807413	2.91744725009702144	3.01721146311888866
334151609.928563237190	3650935.348059488926	-255573.541380327253	-137992.298253958783	1.57964917948647088	2.91744973800754659	3.01721261104672589
334151609.946225762367	3650937.631669891067	-255581.028993293672	-137931.985480199743	1.57963326173957963	2.91745222591605424	3.01721375904305544
334151609.963888227940	3650939.914255741518	-255588.516501303850	-137871.672879311751	1.57961734400483866	2.91745471380328603	3.01721490710015150
334151609.981550753117	3650942.195844508242	-255596.003974028921	-137811.360029000993	1.57960142628224087	2.91745720167287770	3.01721605521797942
334151609.999213278294	3650944.476441825274	-255603.491388144670	-137751.047149495891	1.57958469632593590	2.91745940480925192	3.01721704008753999
334151610.016875743866	3650946.755999051966	-255610.978747272602	-137690.734423511924	1.57956783043652260	2.91746156023480419	3.01721799765355625
334151610.034538269043	3650949.034550795797	-255618.466025010537	-137630.421449400717	1.57955096444553633	2.91746371564725848	3.01721895528489048
334151610.052200734615	3650951.312100080308	-255625.953260506882	-137570.108639620448	1.57953409846679382	2.91746587104051347	3.01721991297500081
334151610.069863259792	3650953.588668459561	-255633.440407606366	-137509.795620421064	1.57951723250027332	2.91746802642548309	3.01722087072379130
334151610.087525725365	3650955.864186315332	-255640.927456608566	-137449.482748686249	1.57950042113775369	2.91747021527194406	3.01722187469512537
334151610.105188250542	3650958.138715016656	-255648.414503022766	-137389.169639521686	1.57948375242164873	2.91747249186924495	3.01722299971204322
334151610.122850775719	3650960.412229259964	-255655.901481399836	-137328.856483111857	1.57946708371779287	2.91747476844844611	3.01722412478902280
334151610.140513241291	3650962.684748842381	-255663.388398429233	-137268.543479150132	1.57945041502620098	2.91747704500226934	3.01722524992612762
334151610.158175766468	3650964.956254210323	-255670.875226352335	-137208.230265539896	1.57943374634684308	2.91747932154526612	3.01722637512322889
334151610.175838232040	3650967.226738003083	-255678.361973034160	-137147.917205564678	1.57941707779222629	2.91748159805960405	3.01722750037275222
334151610.193500757217	3650969.496247725096	-255685.848693793436	-137087.603914215375	1.57940047343652035	2.91748382326806022	3.01722833072225338
334151610.211163222790	3650971.764709889889	-255693.335300142062	-137027.290777686168	1.57938389878675411	2.91748602477266328	3.01722902491349076
334151610.228825747967	3650974.032168749254	-255700.821913907363	-136966.977397672512	1.57936732414936043	2.91748822627714111	3.01722971916318938
334151610.246488273144	3650976.299735776614	-255708.307697683718	-136906.664594391477	1.57935074952437571	2.91749042776330203	3.01723041347150822
334151610.264150738716	3650978.565183479339	-255715.794144966581	-136846.351338818058	1.57933417502364160	2.91749262922837627	3.01723110783365511
334151610.281813263893	3650980.829649818595	-255723.280530474876	-136786.037860527809	1.57931760042343616	2.91749483069609239	3.01723180225905496
334151610.299475729465	3650983.093060813844	-255730.766860697040	-136725.724522347038	1.57930096672140241	2.91749744385558030	3.01723302715358166
334151610.317138254642	3650985.355487942230	-255738.253118760214	-136665.410967390257	1.57928432864715540	2.91750008753969325	3.01723429146053279
334151610.334800779819	3650987.616924096365	-255745.739331521792	-136605.097369945957	1.57926769058591199	2.91750273119983605	3.01723555583359104
334151610.352463245392	3650989.877325918525	-255753.225433097221	-136544.783933373546	1.57925105264994903	2.91750537482661754	3.01723682026414997
334151610.370125770569	3650992.136724435724	-255760.711542055797	-136484.470253319392	1.57923441461468195	2.91750801845337193	3.01723808476929589
334151610.387788236141	3650994.395116926637	-255768.197519748937	-136424.156746249995	1.57921788745055758	2.91751049239960958	3.01723936587603658
334151610.405450761318	3650996.652511869092	-255775.683448678465	-136363.843003055081	1.57920155262222539	2.91751267201047426	3.01724067572948496
334151610.423113226891	3650998.908879484981	-255783.169352461176	-136303.529406134883	1.57918521791566935	2.91751485159803048	3.01724198563120183
334151610.440775752068	3651001.164248441812	-255790.655157146364	-136243.215592326800	1.57916888311043979	2.91751703116752159	3.01724329559907734
334151610.458438277245	3651003.418629853521	-255798.140873546217	-136182.901756682200	1.57915254831676122	2.91751921071632303	3.01724460562416485
334151610.476100742817	3651005.671974149533	-255805.626558634453	-136122.588055316330	1.57913621353462630	2.91752139024807189	3.01724591570643419
334151610.493763267994	3651007.924318402540	-255813.112224617507	-136062.274097173708	1.57911976852023184	2.91752375681883747	3.01724726636513196
334151610.511425733566	3651010.175651799887	-255820.597762110090	-136001.960331251670	1.57910325842384824	2.91752623399780253	3.01724864104201052
334151610.529088258743	3651012.425973495934	-255828.083260848769	-135941.646323148918	1.57908674822836437	2.91752871117035761	3.01725001579093943
334151610.546750724316	3651014.675300069153	-255835.568684771046	-135881.332480788376	1.57907023804521573	2.91753118831731939	3.01725139060266212
334151610.564413249493	3651016.923614302184	-255843.054032985616	-135821.018402189336	1.57905372787440301	2.91753366543868520	3.01725276547717680
334151610.582075774670	3651019.170911291149	-255850.539352917520	-135760.704276342032	1.57903724987996674	2.91753613729337102	3.01725415911868788
334151610.599738240242	3651021.417194928974	-255858.024574010749	-135700.390322065679	1.57902152792533212	2.91753848558636353	3.01725599239825337
334151610.617400765419	3651023.662482132204	-255865.509796629922	-135640.076112425944	1.57900580587544170	2.91754083386973218	3.01725782574776646
334151610.635063230991	3651025.906756445300	-255872.994893737196	-135579.762087652867	1.57899008383643236	2.91754318211424923	3.01725965915496719
334151610.652725756168	3651028.150014099665	-255880.479903056083	-135519.447816058120	1.57897436180827744	2.91754553033446351	3.01726149261973120
334151610.670388221741	3651030.392282062210	-255887.964899926825	-135459.133701549261	1.57895863989708563	2.91754787851570185	3.01726332612967463
334151610.688050746918	3651032.633537859190	-255895.449844624178	-135398.819358155830	1.57894267274340749	2.91755025873151919	3.01726494070960083
334151610.705713272095	3651034.873787884135	-255902.934676981997	-135338.504998750985	1.57892613296233364	2.91755271377089631	3.01726604378839847
334151610.723375737667	3651037.113019315992	-255910.419451748225	-135278.190773743525	1.57890959319390167	2.91755516878901622	3.01726714692980691
334151610.741038262844	3651039.351232183166	-255917.904193529132	-135217.876318432915	1.57889305343809028	2.91755762379679329	3.01726825013373690
334151610.758700728416	3651041.588453825563	-255925.388830870943	-135157.562036224146	1.57887651380653526	2.91756007877519119	3.01726935339276015
334151610.776363253593	3651043.824673566967	-255932.873475620116	-135097.247497234086	1.57885997407599143	2.91756253374772534	3.01727045672185001
334151610.794025778770	3651046.059867492877	-255940.357982318790	-135036.932931536518	1.57884363607349743	2.91756483507025077	3.01727165438317080
334151610.811688244343	3651048.294072192628	-255947.842449860444	-134976.618536227528	1.57882738745057094	2.91756706830646939	3.01727289386814856
334151610.829350769520	3651050.527251503430	-255955.326861957234	-134916.303905974026	1.57881113883930180	2.91756930153413174	3.01727413341084061
334151610.847013235092	3651052.760504540056	-255962.810477640567	-134855.990014625160	1.57879489034938159	2.91757153472478459	3.01727537300298865
334151610.864675760269	3651054.991693052929	-255970.294739434961	-134795.675313989253	1.57877864176148064	2.91757376790622569	3.01727661266134550
334151610.882338225842	3651057.221825761721	-255977.778932428017	-134735.360766760103	1.57876239318525724	2.91757600106819037	3.01727785237750279
334151610.900000751019	3651059.450990342535	-255985.263106825296	-134675.045976273861	1.57874617051885391	2.91757846731551895	3.01727909968702468
334151610.917663276196	3651061.679124291986	-255992.747226055828	-134614.731125132501	1.57872994838024350	2.91758093818010122	3.01728034720814664
334151610.935325741768	3651063.906269932166	-256000.231212714774	-134554.416497563594	1.57871372636332996	2.91758340901688928	3.01728159478237234
334151610.952988266945	3651066.132394095883	-256007.715194438002	-134494.101589220925	1.57869750424916089	2.91758587984597151	3.01728284242664913
334151610.970650732517	3651068.357494196389	-256015.199084369902	-134433.786840455025	1.57868128214722891	2.91758835064820632	3.01728409013257570
334151610.988313257694	3651070.581606075168	-256022.682918189734	-134373.471880853700	1.57866503573597772	2.91759087083641555	3.01728547277964188
334151611.005975723267	3651072.804713980760	-256030.166657655616	-134313.157075001072	1.57864872115299959	2.91759352969152230	3.01728723421530587
334151611.023638248444	3651075.026817015372	-256037.650380709238	-134252.842031605047	1.57863240647193726	2.91759618853190839	3.01728899572777065
334151611.041300773621	3651077.247904205695	-256045.134035421041	-134192.526954263478	1.57861609180288265	2.91759884735171182	3.01729075730504936
334151611.058963239193	3651079.467955042608	-256052.617581801896	-134132.212030437600	1.57859977714586552	2.91760150613274405	3.01729251894728812
334151611.076625764370	3651081.687034783419	-256060.101085775852	-134071.896882597677	1.57858346250086168	2.91760416488955387	3.01729428065436878
334151611.094288229942	3651083.905101360288	-256067.584554423316	-134011.581887089735	1.57856700840931041	2.91760676644258243	3.01729572448020855
334151611.111950755119	3651086.122144416440	-256075.067940995737	-133951.266656640189	1.57855048071605242	2.91760933779681109	3.01729700054021865
334151611.129613280296	3651088.338182817213	-256082.551265461690	-133890.951390944800	1.57853395303548760	2.91761190913063739	3.01729827666465278
334151611.147275745869	3651090.553210377693	-256090.034501358226	-133830.636290876544	1.57851742547916318	2.91761448042788230	3.01729955284489026
334151611.164938271046	3651092.767239469569	-256097.517701615288	-133770.320954683033	1.57850089782398362	2.91761705172090391	3.01730082909817332
334151611.182600736618	3651094.980244501028	-256105.000810042955	-133710.005778062157	1.57848440687648628	2.91761965578571170	3.01730212303849443
334151611.200263261795	3651097.192264285404	-256112.483886069531	-133649.690371372330	1.57846845363295718	2.91762274225977736	3.01730367630921181
334151611.217925727367	3651099.403260471765	-256119.966843593138	-133589.375137551309	1.57845250061762776	2.91762582867780118	3.01730522962922132
334151611.235588252544	3651101.613243572414	-256127.449802164745	-133529.059648252762	1.57843654750749396	2.91762891509511357	3.01730678303002886
334151611.253250777721	3651103.822237105574	-256134.932675296121	-133468.744129758998	1.57842059441024474	2.91763200148114343	3.01730833650122676
334151611.270913243294	3651106.030205647927	-256142.415469859872	-133408.428770840139	1.57840464132587277	2.91763508783952696	3.01730989004278616
334151611.288575768471	3651108.237175722141	-256149.898228754755	-133348.113175796694	1.57838850421622312	2.91763799079156616	3.01731135522973926
334151611.306238234043	3651110.443124239799	-256157.380906177539	-133287.797734383726	1.57837195206835545	2.91764048001046739	3.01731262100041908
334151611.323900759220	3651112.648073181976	-256164.863497593964	-133227.482076083572	1.57835539982130890	2.91764296921744881	3.01731388684286017
334151611.341563224792	3651114.852008963004	-256172.346053631598	-133167.166570114437	1.57833884758678344	2.91764545840416156	3.01731515274845519
334151611.359225749969	3651117.054948138073	-256179.828547420126	-133106.850828022056	1.57832229536477997	2.91764794757060075	3.01731641871720235
334151611.376888275146	3651119.256882193498	-256187.310965673882	-133046.535063974938	1.57830574315529049	2.91765043672040569	3.01731768474907369
334151611.394550740719	3651121.457790798042	-256194.793332000816	-132986.219446206174	1.57828976423880252	2.91765315729722419	3.01731881250916345
334151611.412213265896	3651123.657690502703	-256202.275579487614	-132925.903612848051	1.57827398327546886	2.91765595784358656	3.01731989254569255
334151611.429875731468	3651125.856589341536	-256209.757848160516	-132865.587911284150	1.57825820232501113	2.91765875837348032	3.01732097264742993
334151611.447538256645	3651128.055575702805	-256217.239293269929	-132805.272586760577	1.57824242138742377	2.91766155889054035	3.01732205281434718
334151611.465200722218	3651130.252453879453	-256224.721367733990	-132744.956835238088	1.57822664056921913	2.91766435937340285	3.01732313303917277
334151611.482863247395	3651132.448319904041	-256232.203429911926	-132684.640828237199	1.57821085540509420	2.91766715955716105	3.01732421338573609
334151611.500525772572	3651134.643209581729	-256239.685369789862	-132624.324824692623	1.57819419333733113	2.91766989777967201	3.01732530395138498
334151611.518188238144	3651136.837059191894	-256247.167294413433	-132564.008948074392	1.57817753128307259	2.91767263598462012	3.01732639458485030
334151611.535850763321	3651139.029898978304	-256254.649153512786	-132503.692829272040	1.57816086924231724	2.91767537417200673	3.01732748528613293
334151611.553513228893	3651141.221740216948	-256262.130900422897	-132443.376908749546	1.57814420732750782	2.91767811233179764	3.01732857604780547
334151611.571175754070	3651143.412587361876	-256269.612635483558	-132383.060719563888	1.57812754531375843	2.91768085048405457	3.01732966688472004
334151611.588838279247	3651145.602408367209	-256277.094310793007	-132322.744514256774	1.57811115113436973	2.91768344905438637	3.01733080445268209
334151611.606500744820	3651147.791193494108	-256284.575850984314	-132262.428475762805	1.57809513367055554	2.91768585128114344	3.01733200771700716
334151611.624163269997	3651149.979025761131	-256292.057412721071	-132202.112180832046	1.57807911621866070	2.91768825349653182	3.01733321104099117
334151611.641825735569	3651152.165800660383	-256299.538841777248	-132141.796071842226	1.57806309888679497	2.91769065568187358	3.01733441441652950
334151611.659488260746	3651154.351607910357	-256307.020265463041	-132081.479706299899	1.57804708145876726	2.91769305785633337	3.01733561785996551
334151611.677150726318	3651156.536377417855	-256314.501580569311	-132021.163507576595	1.57803106404267623	2.91769546000850610	3.01733682136314041
334151611.694813251495	3651158.720157315489	-256321.982879367279	-131960.847084719950	1.57801488549972535	2.91769799777505145	3.01733816803367194
334151611.712475776672	3651160.902912350837	-256329.464026633214	-131900.530635158706	1.57799863127415807	2.91770059922108471	3.01733958199221997
334151611.730138242245	3651163.084680676460	-256336.945184989658	-131840.214323445922	1.57798237717061562	2.91770320063211308	3.01734099600499128
334151611.747800767422	3651165.265434810426	-256344.426253896701	-131779.897802088264	1.57796612296969951	2.91770580203726126	3.01734241009111548
334151611.765463232994	3651167.445166931488	-256351.907267901086	-131719.581421064271	1.57794986878111687	2.91770840341651105	3.01734382424106862
334151611.783125758171	3651169.623885798268	-256359.388219225948	-131659.264803799248	1.57793364517856105	2.91771102428072471	3.01734526002124248
334151611.800788223743	3651171.801622778177	-256366.869058655429	-131598.948384929157	1.57791783414528886	2.91771390826906485	3.01734698679381319
334151611.818450748920	3651173.978335325606	-256374.349909256474	-131538.631677928148	1.57790202301734128	2.91771679224194402	3.01734871364452539
334151611.836113274097	3651176.154030000325	-256381.830654296558	-131478.314956220624	1.57788621190141320	2.91771967619198103	3.01735044056163559
334151611.853775739670	3651178.328722240869	-256389.311356719176	-131417.998398840369	1.57787040079751484	2.91772256011190256	3.01735216754519797
334151611.871438264847	3651180.502421781421	-256396.791967215569	-131357.681612690387	1.57785458970564041	2.91772544400534128	3.01735389459518322
334151611.889100730419	3651182.675106130075	-256404.272505165864	-131297.364998109755	1.57783859452287545	2.91772825944804470	3.01735543777580517
334151611.906763255596	3651184.846777861938	-256411.753017350507	-131237.048141350213	1.57782227234637396	2.91773095349099121	3.01735665464102709
334151611.924425780773	3651187.017446815502	-256419.233440705051	-131176.731249338685	1.57780595018277103	2.91773364750744291	3.01735787157195778
334151611.942088246346	3651189.187103546690	-256426.713815267023	-131116.414509660681	1.57778962803206158	2.91773634150103467	3.01735908856856883
334151611.959750771523	3651191.355747662019	-256434.194164054352	-131056.097527801510	1.57777330589422204	2.91773903548631530	3.01736030563075586
334151611.977413237095	3651193.523379844613	-256441.674333703064	-130995.780757403059	1.57775698387943519	2.91774172943172561	3.01736152275040004
334151611.995075762272	3651195.690019974019	-256449.154528454412	-130935.463699107466	1.57774080028574781	2.91774418225211063	3.01736309485575305
334151612.012738227844	3651197.855631688144	-256456.634607330896	-130875.146832918967	1.57772469389890091	2.91774650067225316	3.01736486481090171
334151612.030400753021	3651200.020268886816	-256464.114686558227	-130814.829722062772	1.57770858752323040	2.91774881906474093	3.01736663482459599
334151612.048063278198	3651202.184974415228	-256471.593976043427	-130754.513163827141	1.57769248115872340	2.91775113743685033	3.01736840489678615
334151612.065725743771	3651204.347546227276	-256479.073874915804	-130694.196166486785	1.57767637491410251	2.91775345576319101	3.01737017501559102
334151612.083388268948	3651206.509140090086	-256486.553736983537	-130633.878957012479	1.57766025611422411	2.91775578184983431	3.01737192271470400
334151612.101050734520	3651208.669716306962	-256494.033487830166	-130573.561908526244	1.57764380721024700	2.91775831399510643	3.01737307450918513
334151612.118713259697	3651210.829289232381	-256501.513245691953	-130513.244616558499	1.57762735831893219	2.91776084613296183	3.01737422636708930
334151612.136375725269	3651212.987839048728	-256508.992898235767	-130452.927484164087	1.57761090955131777	2.91776337823293197	3.01737537828073732
334151612.154038250446	3651215.145404091571	-256516.472491508699	-130392.610134998220	1.57759446068536624	2.91776591033048360	3.01737653026566610
334151612.171700775623	3651217.301954240073	-256523.952042982390	-130332.292725287291	1.57757801183209212	2.91776844240970235	3.01737768231409609
334151612.189363241196	3651219.457503823098	-256531.431485137204	-130271.975506501578	1.57756190100977034	2.91777085631325139	3.01737892910163685
334151612.207025766373	3651221.612028501928	-256538.910884938785	-130211.658039477014	1.57754621259097805	2.91777312256217236	3.01738029425521725
334151612.224688231945	3651223.765537993051	-256546.390212115046	-130151.340744026122	1.57753052428922769	2.91777538877986053	3.01738165945584091
334151612.242350757122	3651225.918054327834	-256553.869473963015	-130091.023206504586	1.57751483589276686	2.91777765498364650	3.01738302472202813
334151612.260013222694	3651228.069544289261	-256561.348696983361	-130030.705815260269	1.57749914750746911	2.91777992116668194	3.01738439004450631
334151612.277675747871	3651230.220047912095	-256568.827837046003	-129970.388213185055	1.57748345913333354	2.91778218732896510	3.01738575542327370
334151612.295338273048	3651232.369537573308	-256576.306881941040	-129910.070577159553	1.57746710169270066	2.91778470694312597	3.01738694591949397
334151612.313000738621	3651234.518009252846	-256583.785934096668	-129849.753086114564	1.57745043980431165	2.91778734191735589	3.01738805683818345
334151612.330663263798	3651236.665485739242	-256591.264883855387	-129789.435372236767	1.57743377781667093	2.91778997687937469	3.01738916783052469
334151612.348325729370	3651238.811940686777	-256598.743751910195	-129729.117811994234	1.57741711584222344	2.91779261181984584	3.01739027888896016
334151612.365988254547	3651240.957420187537	-256606.222593479179	-129668.800033675783	1.57740045388095140	2.91779524674968238	3.01739139001341616
334151612.383650779724	3651243.101855385117	-256613.701362928841	-129608.482201942476	1.57738379820053054	2.91779780266672972	3.01739250953712324
334151612.401313245296	3651245.245279765222	-256621.180043534754	-129548.164535840449	1.57736718827936295	2.91779978338984547	3.01739368978671640
334151612.418975770473	3651247.387712043244	-256628.658697293635	-129487.846651549946	1.57735057825744640	2.91780176410617864	3.01739487009915486
334151612.436638236046	3651249.529130117502	-256636.137236859882	-129427.528922305559	1.57733396824689009	2.91780374479989657	3.01739605046648940
334151612.454300761223	3651251.669547703117	-256643.615743522911	-129367.210949578061	1.57731735824768848	2.91780572547463546	3.01739723088869560
334151612.471963226795	3651253.808949636761	-256651.094164121227	-129306.893161722197	1.57730074837193479	2.91780770612547391	3.01739841135774745
334151612.489625751972	3651255.947340361774	-256658.572558944230	-129246.575118384499	1.57728421520605289	2.91780999557940346	3.01739967859712177
334151612.507288277149	3651258.084718530066	-256666.050858652743	-129186.257027802872	1.57726780324410054	2.91781277224958169	3.01740108270675478
334151612.524950742722	3651260.221118846443	-256673.529108608578	-129125.939140255010	1.57725139129501168	2.91781554890470174	3.01740248688366064
334151612.542613267899	3651262.356479943730	-256681.007302606653	-129065.620991058953	1.57723497935880275	2.91781832553384701	3.01740389112790997
334151612.560275733471	3651264.490836625453	-256688.485388536268	-129005.303008907737	1.57721856754622913	2.91782110212672663	3.01740529542996905
334151612.577938258648	3651266.624188450631	-256695.963417665567	-128944.984815809221	1.57720215563576160	2.91782387871483362	3.01740669980883336
334151612.595600724220	3651268.756531032268	-256703.441421631956	-128884.666755804574	1.57718595588768951	2.91782682142501537	3.01740785670371547
334151612.613263249397	3651270.887873590458	-256710.919325935596	-128824.348492208403	1.57716981604889517	2.91782981102948069	3.01740894377746249
334151612.630925774574	3651273.018187107984	-256718.397238419799	-128764.030135422669	1.57715367622376723	2.91783280061696715	3.01741003092098703
334151612.648588240147	3651275.148612098303	-256725.874246839783	-128703.712608131129	1.57713753652123434	2.91783579016847261	3.01741111812694429
334151612.666250765324	3651277.276909947861	-256733.352013613185	-128643.394206026642	1.57712139672343610	2.91783877972200045	3.01741220541002342
334151612.683913230896	3651279.404230762739	-256740.829665510770	-128583.075983077841	1.57710523174561446	2.91784175411924318	3.01741330120511941
334151612.701575756073	3651281.530507056043	-256748.307250829035	-128522.757531015945	1.57708868570595473	2.91784449962111525	3.01741452476374539
334151612.719238221645	3651283.655801016372	-256755.784790786274	-128462.439237457598	1.57707213979116023	2.91784724508966109	3.01741574838149784
334151612.736900746822	3651285.780068513937	-256763.262264610501	-128402.120701602136	1.57705559377790205	2.91784999054867722	3.01741697207497905
334151612.754563271999	3651287.903351936489	-256770.739646766393	-128341.802137966850	1.57703904777784132	2.91785273598808281	3.01741819583587656
334151612.772225737572	3651290.025597755332	-256778.217011976260	-128281.483738433279	1.57702250179097270	2.91785548141151319	3.01741941966416594
334151612.789888262749	3651292.146868014243	-256785.694298796559	-128221.165096948651	1.57700640073019738	2.91785834482702500	3.01742082727469851
334151612.807550728321	3651294.267106438056	-256793.171512528381	-128160.846626918777	1.57699082884165809	2.91786134853821499	3.01742245340046544
334151612.825213253498	3651296.386350312270	-256800.648660698702	-128100.527928119394	1.57697525686020157	2.91786435224393514	3.01742407960452841
334151612.842875778675	3651298.504576332401	-256808.125743156677	-128040.209188014618	1.57695968489092508	2.91786735592508650	3.01742570587590686
334151612.860538244247	3651300.621778323315	-256815.602733419393	-127979.890607485693	1.57694411293383863	2.91787035957439089	3.01742733221464388
334151612.878200769424	3651302.738001436461	-256823.079699988506	-127919.571814824390	1.57692854098892132	2.91787336320639934	3.01742895862064797
334151612.895863234997	3651304.853206922300	-256830.556595222908	-127859.253156557315	1.57691261351355383	2.91787604895732589	3.01743022694513208
334151612.913525760174	3651306.967384076212	-256838.033410799893	-127798.934282586517	1.57689655980896037	2.91787862198589476	3.01743136832412562
334151612.931188225746	3651309.080563648604	-256845.510180725454	-127738.615553707408	1.57688050611682606	2.91788119498580745	3.01743250976581834
334151612.948850750923	3651311.192759391852	-256852.986877929419	-127678.296608057281	1.57686445243713114	2.91788376797161231	3.01743365127011787
334151612.966513276100	3651313.303918759804	-256860.463535616407	-127617.977620986727	1.57684839876986915	2.91788634094694954	3.01743479283700289
334151612.984175741673	3651315.414081476163	-256867.940094298770	-127557.658805602608	1.57683234321443222	2.91788892021617396	3.01743594543869742
334151613.001838266850	3651317.523236889392	-256875.416597522766	-127497.339742093798	1.57681619465580281	2.91789179228200890	3.01743760589033316
334151613.019500732422	3651319.631364373490	-256882.892998034426	-127437.020857398922	1.57680004610959279	2.91789466431818356	3.01743926640967697
334151613.037163257599	3651321.738519851118	-256890.369369014603	-127376.701748689127	1.57678389757578641	2.91789753633561055	3.01744092699666133
334151613.054825723171	3651323.844620021991	-256897.845684114262	-127316.382780087224	1.57676774916337736	2.91790040831244069	3.01744258764009343
334151613.072488248348	3651325.949739801232	-256905.321923572512	-127256.063588767807	1.57675160065439623	2.91790328027781820	3.01744424836244773
334151613.090150773525	3651328.053855422884	-256912.798113899509	-127195.744348904322	1.57673532072684663	2.91790610630587244	3.01744577818451365
334151613.107813239098	3651330.156969557051	-256920.274207993207	-127135.425299967435	1.57671885331647577	2.91790886681696371	3.01744712123886893
334151613.125475764275	3651332.259057398885	-256927.750299492560	-127075.105989492164	1.57670238591906342	2.91791162731752873	3.01744846436046066
334151613.143138229847	3651334.360135371331	-256935.226288704027	-127014.786844648828	1.57668591853463957	2.91791438778573609	3.01744980754941894
334151613.160800755024	3651336.460212862119	-256942.702204808476	-126954.467482915788	1.57666945116318358	2.91791714823613679	3.01745115080565673
334151613.178463280201	3651338.559291193262	-256950.178052466974	-126894.148087350230	1.57665298380469077	2.91791990867236661	3.01745249412915051
334151613.196125745773	3651340.657335664146	-256957.653829954448	-126833.828855886619	1.57663645326831703	2.91792367210705050	3.01745403425265124
334151613.213788270950	3651342.754398812540	-256965.129585105955	-126773.509375113688	1.57661990891373605	2.91792765296258061	3.01745561711950128
334151613.231450736523	3651344.850422843359	-256972.605231249181	-126713.190074452315	1.57660336457444217	2.91793163379633613	3.01745720007413176
334151613.249113261700	3651346.946561431047	-256980.080113531119	-126652.871123049408	1.57658682025044405	2.91793561460103890	3.01745878311658489
334151613.266775727272	3651349.040574648883	-256987.555610902404	-126592.551757834139	1.57657027605339239	2.91793959535826986	3.01746036623612479
334151613.284438252449	3651351.133602175396	-256995.031102112203	-126532.232149249699	1.57655372836254193	2.91794349564282962	3.01746191840487299
334151613.302100777626	3651353.225612790789	-257002.506514221750	-126471.912499362821	1.57653713550910513	2.91794632582082025	3.01746305777653223
334151613.319763243198	3651355.316614637151	-257009.981834290229	-126411.593022460700	1.57652054266925057	2.91794915598049842	3.01746419721724690
334151613.337425768375	3651357.406601847615	-257017.457131297182	-126351.273296021653	1.57650394984297315	2.91795198612549767	3.01746533672699391
334151613.355088233948	3651359.495588513557	-257024.932318739389	-126290.953760507138	1.57648735714226551	2.91795481623425301	3.01746647629809672
334151613.372750759125	3651361.583563979715	-257032.407480214373	-126230.633969513743	1.57647076434315525	2.91795764633897914	3.01746761594597190
334151613.390413224697	3651363.670527242590	-257039.882552534109	-126170.314357445706	1.57645419737931736	2.91796063495198865	3.01746875374549806
334151613.408075749874	3651365.756479773670	-257047.357572206121	-126109.994503196736	1.57643765589067453	2.91796377986282129	3.01746988972722807
334151613.425738275051	3651367.841439969372	-257054.832545823039	-126049.674619755708	1.57642111441638488	2.91796692475908692	3.01747102578303528
334151613.443400740623	3651369.925377078820	-257062.307413842180	-125989.354895887795	1.57640457306809867	2.91797006961345717	3.01747216190528711
334151613.461063265800	3651372.008313244209	-257069.782235354971	-125929.034941836115	1.57638803162253294	2.91797321446603286	3.01747329810933174
334151613.478725731373	3651374.090241111815	-257077.256978178193	-125868.715147471448	1.57637149019132816	2.91797635929676202	3.01747443438749441
334151613.496388256550	3651376.171149508096	-257084.731700705684	-125808.395122809321	1.57635494970927859	2.91797921014598183	3.01747578784502668
334151613.514050722122	3651378.251051477157	-257092.206317967124	-125748.075257836041	1.57633840963500660	2.91798197193863240	3.01747720709924039
334151613.531713247299	3651380.329951567110	-257099.680901992309	-125687.755162676927	1.57632186946202113	2.91798473372597433	3.01747862643063547
334151613.549375772476	3651382.407838185783	-257107.155403968820	-125627.435020272067	1.57630532930195844	2.91798749548690406	3.01748004582964668
334151613.567038238049	3651384.484723325353	-257114.629809616861	-125567.115068792424	1.57628878915481874	2.91799025722141803	3.01748146529627226
334151613.584700763226	3651386.560619343072	-257122.104211939586	-125506.794879886686	1.57627227937736980	2.91799292491396089	3.01748280314999340
334151613.602363228798	3651388.635481553152	-257129.578475705319	-125446.474865151002	1.57625590750113664	2.91799516582607588	3.01748377034163395
334151613.620025753975	3651390.709346257150	-257137.052730084397	-125386.154587695957	1.57623953552645313	2.91799740672953734	3.01748473759827629
334151613.637688279152	3651392.782204470597	-257144.526948398619	-125325.834274992070	1.57622316356379844	2.91799964762494657	3.01748570491330570
334151613.655350744724	3651394.854033669923	-257152.001013530244	-125265.514160340666	1.57620679161319521	2.91800188849411057	3.01748667228682166
334151613.673013269901	3651396.924851671793	-257159.475052629656	-125205.193790209480	1.57619041967462459	2.91800412935158127	3.01748763971874379
334151613.690675735474	3651398.994686420076	-257166.949059445178	-125144.873578581843	1.57617403048699889	2.91800655649475438	3.01748868208292054
334151613.708338260651	3651401.063507471699	-257174.422989788000	-125084.553144009085	1.57615761925565745	2.91800921899798649	3.01748981911542868
334151613.726000726223	3651403.131304509938	-257181.896827750286	-125024.232869012849	1.57614120803730584	2.91801188147585755	3.01749095621349195
334151613.743663251400	3651405.198116325773	-257189.370632781211	-124963.912363945157	1.57612479683192519	2.91801454394291904	3.01749209337703039
334151613.761325776577	3651407.263898016885	-257196.844355369656	-124903.591811516439	1.57610838563952838	2.91801720638825568	3.01749323060610442
334151613.778988242149	3651409.328690519556	-257204.317998118553	-124843.271456069939	1.57609197457086436	2.91801986880598374	3.01749436789297043
334151613.796650767326	3651411.392459542491	-257211.791598277603	-124782.950839086654	1.57607568958591404	2.91802221217195967	3.01749556633376992
334151613.814313232899	3651413.455229590647	-257219.265112436697	-124722.630407087767	1.57605942949923072	2.91802449259506558	3.01749677688050744
334151613.831975758076	3651415.516973192804	-257226.738560227881	-124662.309732792899	1.57604316942434486	2.91802677299908675	3.01749798748586384
334151613.849638223648	3651417.578817326576	-257234.211241261393	-124601.989816868358	1.57602690947098512	2.91802905338071827	3.01749919814160350
