334151606.804330170155 0.000088312500
334151606.804330170155	3650515.542533345055	-254248.101375463651	-148660.101855290355	1.58253381577734520	2.91702210127731787	3.01701925967139317
334151606.821992695332	3650518.004499038216	-254255.600187860284	-148599.796017501154	1.58251705839244594	2.91702451042600730	3.01701992495685678
334151606.839655160904	3650520.465477324557	-254263.098867078719	-148539.490360166848	1.58250030113389317	2.91702691955262683	3.01702059030052494
334151606.857317686081	3650522.925418513827	-254270.597580413771	-148479.184445821593	1.58248354377549161	2.91702932868734877	3.01702125571140733
334151606.874980151653	3650525.384360015858	-254278.096184096619	-148418.878679282672	1.58246678643037786	2.91703173780053415	3.01702192118517321
334151606.892642676830	3650527.842307358515	-254285.594736856990	-148358.572670675116	1.58245037284987267	2.91703404789205401	3.01702292837898156
334151606.910305142403	3650530.299221850000	-254293.093231072708	-148298.266833524161	1.58243421360294589	2.91703628473544629	3.01702418828680852
334151606.927967667580	3650532.755162272602	-254300.591671798757	-148237.960748477461	1.58241805425860416	2.91703852156951537	3.01702544826074037
334151606.945630192757	3650535.210065594409	-254308.090037353744	-148177.654627950920	1.58240189492590777	2.91704075838033683	3.01702670829225950
334151606.963292658329	3650537.663972810376	-254315.588342129340	-148117.348673169763	1.58238573560484719	2.91704299517154597	3.01702796838132059
334151606.980955183506	3650540.116873570718	-254323.086579440889	-148057.042470263463	1.58236957629542219	2.91704523194314191	3.01702922852792454
334151606.998617649078	3650542.568755215034	-254330.584746574576	-147996.736415048887	1.58235301134147277	2.91704726264448233	3.01703033352827754
334151607.016280174255	3650545.019632400945	-254338.082871476450	-147936.430135587230	1.58233637835769758	2.91704925884324995	3.01703141261015206
334151607.033942699432	3650547.469509234186	-254345.580918963504	-147876.123814935214	1.58231974538547604	2.91705125502112450	3.01703249174730237
334151607.051605165005	3650549.918377665337	-254353.078889127122	-147815.817653972772	1.58230311242480792	2.91705325117810599	3.01703357093972757
334151607.069267690182	3650552.366233433597	-254360.576834553387	-147755.511250826647	1.58228647947565437	2.91705524732874277	3.01703465018725536
334151607.086930155754	3650554.813082649838	-254368.074676089920	-147695.205007368495	1.58226984553815275	2.91705735726245008	3.01703576238261206
334151607.104592680931	3650557.258916241117	-254375.572509176767	-147634.898514370434	1.58225320818861359	2.91705980613290494	3.01703697262048864
334151607.122255146503	3650559.703746246640	-254383.070222071197	-147574.592188416544	1.58223657085170455	2.91706225497669580	3.01703818292127535
334151607.139917671680	3650562.147564058658	-254390.567923602124	-147514.285606982856	1.58221993352738721	2.91706470380837279	3.01703939328480120
334151607.157580196857	3650564.590394726023	-254398.065510879533	-147453.979017008591	1.58220329621568001	2.91706715262065952	3.01704060371115101
334151607.175242662430	3650567.032179338392	-254405.563076371560	-147393.672565839312	1.58218665891659160	2.91706960140991756	3.01704181420036743
334151607.192905187607	3650569.472975534853	-254413.060534746590	-147333.365879956546	1.58217028193334941	2.91707200486194473	3.01704299745652049
334151607.210567653179	3650571.912773779593	-254420.557958849939	-147273.059359818930	1.58215404032536866	2.91707438474992520	3.01704416658229624
334151607.228230178356	3650574.351545952726	-254428.055331388576	-147212.752584086498	1.58213779861995096	2.91707676462360288	3.01704533577630674
334151607.245892643929	3650576.789312690031	-254435.552610271785	-147152.445975397772	1.58212155703628254	2.91707914447138883	3.01704650502253102
334151607.263555169106	3650579.227179905400	-254443.049109465850	-147092.139723205939	1.58210531524556908	2.91708152431612122	3.01704767434493748
334151607.281217694283	3650581.662930670194	-254450.546302397910	-147031.832823787903	1.58208907357659490	2.91708390413859497	3.01704884371951376
334151607.298880159855	3650584.097667549737	-254458.043383812765	-146971.526109236933	1.58207253185192753	2.91708600817376817	3.01704992658124604
334151607.316542685032	3650586.531415762845	-254465.540448361600	-146911.219127438031	1.58205595952173450	2.91708808418120746	3.01705100070963850
334151607.334205150604	3650588.964136869647	-254473.037398143671	-146850.912324450066	1.58203938720327497	2.91709016016425426	3.01705207489448357
334151607.351867675781	3650591.395873143338	-254480.534289667965	-146790.605304686324	1.58202281489651120	2.91709223613745783	3.01705314913561251
334151607.369530141354	3650593.826586430892	-254488.031180564576	-146730.298398665356	1.58200624271330148	2.91709431208434067	3.01705422342580221
334151607.387192666531	3650596.256293254439	-254495.527963853092	-146669.991271114210	1.58198994510267243	2.91709666578590587	3.01705517202913720
334151607.404855191708	3650598.684991481714	-254503.024715405685	-146609.684100958024	1.58197423384479396	2.91709961241045512	3.01705585225840611
334151607.422517657280	3650601.112672449090	-254510.521370130969	-146549.377078491263	1.58195852260085501	2.91710255901753213	3.01705653255515704
334151607.440180182457	3650603.539352855179	-254518.017952955241	-146489.069839136384	1.58194281137082715	2.91710550561804727	3.01705721291926343
334151607.457842648029	3650605.965023939498	-254525.514471652627	-146428.762759470148	1.58192710026073780	2.91710845219692416	3.01705789334607877
334151607.475505173206	3650608.389686736744	-254533.010989401315	-146368.455405085580	1.58191138905854056	2.91711139878067494	3.01705857384493825
334151607.493167698383	3650610.813346210402	-254540.507405875134	-146308.148028746713	1.58189521384614395	2.91711406906415860	3.01705963739067951
334151607.510830163956	3650613.235987955239	-254548.003712107398	-146247.840813397255	1.58187872908474292	2.91711655500781619	3.01706095649507766
334151607.528492689133	3650615.657633657567	-254555.500022099062	-146187.533372501552	1.58186224433575595	2.91711904093778340	3.01706227566222474
334151607.546155154705	3650618.078253225423	-254562.996175743378	-146127.226093896083	1.58184575971046004	2.91712152683117720	3.01706359488328468
334151607.563817679882	3650620.497878803406	-254570.492370183289	-146066.918570506677	1.58182927498633008	2.91712401272284261	3.01706491417605038
334151607.581480145454	3650622.916487593204	-254577.988481149980	-146006.611181509477	1.58181280161434867	2.91712650350163649	3.01706623322144907
334151607.599142670631	3650625.334088539705	-254585.484524410858	-145946.303557686188	1.58179716503916667	2.91712935725383460	3.01706752943152390
334151607.616805195808	3650627.750691595022	-254592.980488701083	-145885.995929849509	1.58178152847655107	2.91713221098649145	3.01706882570697443
334151607.634467661381	3650630.166263259482	-254600.476406209840	-145825.688417054596	1.58176589203203433	2.91713506468151929	3.01707012203903790
334151607.652130186558	3650632.580836871173	-254607.972262155265	-145765.380681427137	1.58175025549455017	2.91713791837509140	3.01707141844523852
334151607.669792652130	3650634.994399113581	-254615.468016878702	-145705.073124727292	1.58173461896964129	2.91714077204547939	3.01707271491685436
334151607.687455177307	3650637.406968133990	-254622.963707236748	-145644.765325957909	1.58171876478789630	2.91714348950589608	3.01707398615403566
334151607.705117642879	3650639.818528307136	-254630.459346800752	-145584.457673580560	1.58170233343786859	2.91714584573878932	3.01707519034646676
334151607.722780168056	3650642.229086538777	-254637.954954357730	-145524.149791016505	1.58168590198914583	2.91714820196734914	3.01707639460754695
334151607.740442693233	3650644.638604759704	-254645.450474616489	-145463.841849094490	1.58166947055263463	2.91715055817320801	3.01707759892917604
334151607.758105158806	3650647.047152874526	-254652.945967086795	-145403.534071731206	1.58165303912832567	2.91715291435999990	3.01707880331131229
334151607.775767683983	3650649.454673985951	-254660.441381098179	-145343.226065367606	1.58163660771620962	2.91715527053136325	3.01708000775391527
334151607.793430149555	3650651.861161190085	-254667.936697857396	-145282.918206581147	1.58162074006325426	2.91715741181880750	3.01708118136641312
334151607.811092674732	3650654.266663107555	-254675.431982935494	-145222.610117720702	1.58160514941305208	2.91715944747569811	3.01708233985789187
334151607.828755199909	3650656.671176982112	-254682.927206953755	-145162.301993727626	1.58158955877364660	2.91716148311519330	3.01708349840173584
334151607.846417665482	3650659.075747249182	-254690.421621247893	-145101.994621817779	1.58157396814505491	2.91716351873001800	3.01708465699802675
334151607.864080190659	3650661.478237571660	-254697.916732494050	-145041.686421270249	1.58155837752723283	2.91716555433835856	3.01708581564656164
334151607.881742656231	3650663.879681691062	-254705.411729943065	-144981.378362244403	1.58154278702543794	2.91716758991309888	3.01708697433966799
334151607.899405181408	3650666.280155132990	-254712.906658988126	-144921.070092497539	1.58152660883894813	2.91716996048757204	3.01708809482380502
334151607.917067646980	3650668.679606508464	-254720.401533948345	-144860.761963088182	1.58151040361297945	2.91717234646415502	3.01708921360614024
334151607.934730172157	3650671.078041794244	-254727.896386891749	-144800.453597436455	1.58149419839917127	2.91717473243419567	3.01709033244853497
334151607.952392697334	3650673.475504113361	-254735.391155435413	-144740.145202705200	1.58147799319756777	2.91717711837950500	3.01709145135118773
334151607.970055162907	3650675.871905154083	-254742.885833482200	-144679.836943438218	1.58146178811751237	2.91717950429606487	3.01709257030641442
334151607.987717688084	3650678.267334134784	-254750.380483050772	-144619.528460156755	1.58144549208154794	2.91718182246848823	3.01709363081966053
334151608.005380153656	3650680.661737617571	-254757.875081424572	-144559.220123150444	1.58142890478822795	2.91718392346006805	3.01709450382414790
334151608.023042678833	3650683.055143978912	-254765.369604870910	-144498.911563314992	1.58141231750686106	2.91718602444139075	3.01709537688547158
334151608.040705144405	3650685.447526224423	-254772.864037161868	-144438.603163053573	1.58139573034940528	2.91718812539581140	3.01709624999776516
334151608.058367669582	3650687.838927549310	-254780.358421534736	-144378.294526777376	1.58137914309196992	2.91719022634570369	3.01709712317288004
334151608.076030194759	3650690.229295419063	-254787.852791194280	-144317.985829845158	1.58136255584647856	2.91719232728897238	3.01709799640479037
334151608.093692660332	3650692.618687551003	-254795.347006996395	-144257.677325365192	1.58134595504366615	2.91719452977216198	3.01709909498651685
334151608.111355185509	3650695.007038089912	-254802.841221030569	-144197.368545938167	1.58132934635736522	2.91719679133754273	3.01710032471776035
334151608.129017651081	3650697.394372451119	-254810.335376603354	-144137.059938080027	1.58131273779521497	2.91719905287641934	3.01710155450018336
334151608.146680176258	3650699.780743463431	-254817.829431238468	-144076.751120918983	1.58129612913305473	2.91720131440605668	3.01710278435052848
334151608.164342641830	3650702.166053669527	-254825.323408721830	-144016.442425924412	1.58127952048298570	2.91720357590872581	3.01710401426052233
334151608.182005167007	3650704.550383566879	-254832.817403444671	-143956.133505500940	1.58126292962534865	2.91720582913919513	3.01710522865352315
334151608.199667692184	3650706.933702216949	-254840.311264027609	-143895.824551129190	1.58124677148012527	2.91720788124530506	3.01710606403772896
334151608.217330157757	3650709.316014064942	-254847.805070701725	-143835.515750502062	1.58123061345545390	2.91720993333670631	3.01710689947077348
334151608.234992682934	3650711.697321470361	-254855.298834880057	-143775.206725631957	1.58121445533326344	2.91721198542419780	3.01710773496411422
334151608.252655148506	3650714.077614606358	-254862.792525816418	-143714.897829214344	1.58119829722261551	2.91721403749146457	3.01710857051213832
334151608.270317673683	3650716.456890535541	-254870.286144336656	-143654.588715793361	1.58118213912348349	2.91721608954941924	3.01710940611472944
334151608.287980198860	3650718.835173595231	-254877.779704501794	-143594.279586474848	1.58116587335639092	2.91721829377411579	3.01711036401856614
334151608.305642664433	3650721.212442399934	-254885.273231468542	-143533.970559016336	1.58114933775120692	2.91722087947114161	3.01711162845842118
334151608.323305189610	3650723.588717469014	-254892.766668737080	-143473.661345902656	1.58113280204721596	2.91722346516064146	3.01711289297156648
334151608.340967655182	3650725.963950425386	-254900.260026140255	-143413.352262430650	1.58111626635601010	2.91722605082997122	3.01711415754941381
334151608.358630180359	3650728.338195142802	-254907.753368041187	-143353.042941527528	1.58109973067757981	2.91722863648277020	3.01711542219192674
334151608.376292645931	3650730.711429887451	-254915.246568620874	-143292.733812848397	1.58108319512353490	2.91723122209912100	3.01711668689059387
334151608.393955171108	3650733.083654500078	-254922.739794616849	-143232.424409452273	1.58106687342489138	2.91723399381709303	3.01711751199257705
334151608.411617696285	3650735.454879707191	-254930.232929623919	-143172.114964866079	1.58105063597350548	2.91723683878413409	3.01711816406515210
334151608.429280161858	3650737.825075976551	-254937.725976188522	-143111.805699091754	1.58103439853627070	2.91723968374106279	3.01711881620572164
334151608.446942687035	3650740.195359575562	-254945.218239657843	-143051.496783758455	1.58101816111318616	2.91724252868787781	3.01711946841428746
334151608.464605152607	3650742.563576338347	-254952.711166748253	-142991.187453656486	1.58100192381382376	2.91724537361382463	3.01712012068635627
334151608.482267677784	3650744.930746071972	-254960.204029601067	-142930.877857261279	1.58098568641903126	2.91724821854404448	3.01712077303087289
334151608.499930143356	3650747.296927933116	-254967.696813835471	-142870.568444550823	1.58096914070767469	2.91725060718416263	3.01712189888028037
334151608.517592668533	3650749.662098541390	-254975.189573139680	-142810.258776358067	1.58095258907618041	2.91725298703077174	3.01712303390045467
334151608.535255193710	3650752.026257175021	-254982.682275122323	-142749.949054977391	1.58093603745711131	2.91725536686291553	3.01712416898195457
334151608.552917659283	3650754.389401949011	-254990.174865316803	-142689.639518466487	1.58091948596218401	2.91725774666206705	3.01712530411714397
334151608.570580184460	3650756.751537978649	-254997.667440941645	-142629.329720534093	1.58090293436798057	2.91726012645800115	3.01712643932137015
334151608.588242650032	3650759.112676335499	-255005.159891727992	-142569.020120880858	1.58088641825844056	2.91726258248647774	3.01712731311153171
334151608.605905175209	3650761.472803439945	-255012.652317561326	-142508.710265746224	1.58086995626320514	2.91726515480824267	3.01712778817218252
334151608.623567640781	3650763.831905525643	-255020.144705450657	-142448.400543592230	1.58085349439282674	2.91726772710640381	3.01712826329404304
334151608.641230165958	3650766.190039906185	-255027.637008487538	-142388.090618074319	1.58083703242509710	2.91727029941333527	3.01712873848355079
334151608.658892691135	3650768.547143152449	-255035.129243451491	-142327.780645198567	1.58082057047112023	2.91727287171284688	3.01712921373748655
334151608.676555156708	3650770.903224812355	-255042.621437564085	-142267.470799358533	1.58080410853091169	2.91727544399766403	3.01712968905592582
334151608.694217681885	3650773.258318679873	-255050.113549371978	-142207.160755982157	1.58078767102329554	2.91727794960179576	3.01713059694261387
334151608.711880147457	3650775.612364974339	-255057.605587149621	-142146.850840831816	1.58077124630983112	2.91728042057489301	3.01713172930331996
334151608.729542672634	3650777.965453824960	-255065.097559593036	-142086.540721017169	1.58075482149808799	2.91728289154193154	3.01713286173412154
334151608.747205197811	3650780.317493957933	-255072.589476887864	-142026.230553728295	1.58073839669890215	2.91728536249468062	3.01713399422728967
334151608.764867663383	3650782.668559029233	-255080.081317184173	-141965.920546354697	1.58072197191228914	2.91728783342586517	3.01713512678289808
334151608.782530188560	3650785.018603937235	-255087.573101244518	-141905.610314623802	1.58070556294300246	2.91729030070829598	3.01713624942051295
334151608.800192654133	3650787.367632730398	-255095.064838510792	-141845.300211344700	1.58068947372853708	2.91729269453762452	3.01713717027046702
334151608.817855179310	3650789.715660519898	-255102.556530252186	-141784.989877881570	1.58067338441782512	2.91729508836405360	3.01713809118660858
334151608.835517644882	3650792.062651445158	-255110.048100755521	-141724.679711231380	1.58065729511946151	2.91729748216896345	3.01713901216274882
334151608.853180170059	3650794.408689950593	-255117.539666712109	-141664.369301441184	1.58064120583341383	2.91729987596690288	3.01713993319873941
334151608.870842695236	3650796.753694807645	-255125.031114117854	-141604.058876827126	1.58062511655969895	2.91730226975059459	3.01714085429465317
334151608.888505160809	3650799.097657063045	-255132.522536461591	-141543.748585078662	1.58060901724661229	2.91730469919368218	3.01714185262804824
334151608.906167685986	3650801.440673107281	-255140.013871442759	-141483.438070843462	1.58059289784217394	2.91730719885477097	3.01714300292425852
334151608.923830151558	3650803.782643573824	-255147.505157591804	-141423.127708710585	1.58057677845009703	2.91730969849434540	3.01714415328220431
334151608.941492676735	3650806.123605288099	-255154.996389032691	-141362.817111751385	1.58056065907034937	2.91731219812695386	3.01714530370173906
334151608.959155142307	3650808.463557054754	-255162.487519087794	-141302.506680420483	1.58054453981175436	2.91731469772234853	3.01714645417523197
334151608.976817667484	3650810.802497114986	-255169.978650773148	-141242.195980315271	1.58052842045672892	2.91731719731191941	3.01714760471823462
334151608.994480192661	3650813.140462816227	-255177.469657680049	-141181.885291019396	1.58051218380250091	2.91731998755732436	3.01714872774954346
334151609.012142658234	3650815.477393243462	-255184.960607024084	-141121.574736004055	1.58049587322363516	2.91732296098279154	3.01714983347077847
334151609.029805183411	3650817.813323141541	-255192.451524187840	-141061.263937506737	1.58047956265857370	2.91732593439087440	3.01715093926226574
334151609.047467648983	3650820.149308117572	-255199.941631351074	-141000.953904391266	1.58046325221738182	2.91732890776995468	3.01715204511645840
334151609.065130174160	3650822.483232540544	-255207.432395624317	-140940.643042752083	1.58044694167992716	2.91733188114326847	3.01715315104845105
334151609.082792699337	3650824.816124447621	-255214.923131692107	-140880.332120453444	1.58043062977021309	2.91733484966071943	3.01715425736509379
334151609.100455164909	3650827.148005010094	-255222.413766232756	-140820.021377083554	1.58041414883367581	2.91733722762381253	3.01715540209495936
334151609.118117690086	3650829.478902160190	-255229.904342254827	-140759.710403640842	1.58039766790948999	2.91733960556871308	3.01715654688589119
334151609.135780155659	3650831.808764038142	-255237.394860680419	-140699.399564480467	1.58038118710887954	2.91734198348418117	3.01715769173011283
334151609.153442680836	3650834.137636741623	-255244.885336661129	-140639.088514483534	1.58036470620937997	2.91734436139996811	3.01715883664310303
334151609.171105146408	3650836.465476491023	-255252.375701809127	-140578.777612065547	1.58034822532225516	2.91734673928664456	3.01715998161726473
334151609.188767671585	3650838.792356027290	-255259.866081430344	-140518.466478388757	1.58033174450432634	2.91734900481910309	3.01716112134361758
334151609.206430196762	3650841.118181237485	-255267.356319856393	-140458.155298538710	1.58031526377743470	2.91735111395964486	3.01716225373930236
334151609.224092662334	3650843.443009444512	-255274.846510307165	-140397.844284432707	1.58029878306219818	2.91735322308582834	3.01716338619154456
334151609.241755187511	3650845.766837124713	-255282.336668539181	-140337.533026842255	1.58028230235862477	2.91735533219401466	3.01716451870038016
334151609.259417653084	3650848.089642747305	-255289.826732340880	-140277.221936183196	1.58026582177792863	2.91735744127841556	3.01716565125808156
334151609.277080178261	3650850.411455169786	-255297.316731439991	-140216.910603453463	1.58024934109767989	2.91735955035060268	3.01716678388010173
334151609.294742643833	3650852.732247996610	-255304.806674725347	-140156.599448239605	1.58023271480868166	2.91736197559177457	3.01716803253859744
334151609.312405169010	3650855.052039881237	-255312.296584201133	-140096.288019718253	1.58021601617891849	2.91736455791767346	3.01716933888701622
334151609.330067694187	3650857.370831394102	-255319.786403960839	-140035.976593126397	1.58019931756201371	2.91736714021886545	3.01717064530074319
334151609.347730159760	3650859.688594964799	-255327.276133612380	-139975.665302227746	1.58018261907065116	2.91736972248637105	3.01717195177088016
334151609.365392684937	3650862.005371880252	-255334.765871201525	-139915.353767961264	1.58016592047942916	2.91737230475269804	3.01717325831508276
334151609.383055150509	3650864.321122657973	-255342.255480298714	-139855.042412507377	1.58014932110582684	2.91737485824386678	3.01717457482434259
334151609.400717675686	3650866.635870583821	-255349.745070318022	-139794.730826866493	1.58013362887736064	2.91737714889571942	3.01717598191721681
334151609.418380141258	3650868.949602214154	-255357.234549794957	-139734.419388918468	1.58011793676601608	2.91737943950830614	3.01717738905730126
334151609.436042666435	3650871.262339259032	-255364.724004487129	-139674.107695602957	1.58010224455997506	2.91738173011019963	3.01717879626361318
334151609.453705191612	3650873.574064289685	-255372.213389848301	-139613.795992221188	1.58008655236513107	2.91738402069438640	3.01718020352657268
334151609.471367657185	3650875.884767732583	-255379.702694129723	-139553.484442469431	1.58007086018149834	2.91738631125359182	3.01718161084625081
334151609.489030182362	3650878.194482341874	-255387.191917473276	-139493.172644708684	1.58005486610174506	2.91738865927200530	3.01718292978156333
334151609.506692647934	3650880.503175500780	-255394.681111529615	-139432.861024459737	1.58003834399543330	2.91739110783177402	3.01718409405252963
334151609.524355173111	3650882.810876393225	-255402.170227542898	-139372.549162143056	1.58002182179017470	2.91739355637741937	3.01718525839385920
334151609.542017698288	3650885.117558924947	-255409.659305216337	-139312.237245224882	1.58000529959745739	2.91739600490450224	3.01718642279757976
334151609.559680163860	3650887.423219403252	-255417.148288400203	-139251.925495235133	1.57998877741728050	2.91739845341302129	3.01718758726369218
334151609.577342689037	3650889.727888678666	-255424.637232051522	-139191.613527057838	1.57997225524963647	2.91740090190661272	3.01718875179215962
334151609.595005154610	3650892.031540734228	-255432.126078409288	-139131.301706570404	1.57995608203431126	2.91740331686361243	3.01719029729525268
334151609.612667679787	3650894.334193371702	-255439.614902734087	-139070.989649959083	1.57994000931115908	2.91740572215343841	3.01719195271278640
334151609.630330145359	3650896.635822851676	-255447.103622283757	-139010.677752917894	1.57992393659950170	2.91740812740659905	3.01719360819027749
334151609.647992670536	3650898.937548600603	-255454.591578004503	-138950.366218319017	1.57990786389930893	2.91741053263764272	3.01719526372758784
334151609.665655195713	3650901.237177882809	-255462.080184159160	-138890.054057258123	1.57989179121057233	2.91741293785020561	3.01719691932468326
334151609.683317661285	3650903.535783548374	-255469.568712190259	-138829.742042475584	1.57987569952463125	2.91741534387961510	3.01719855778128165
334151609.700980186462	3650905.833387293853	-255477.057207795733	-138769.429797507211	1.57985909393843516	2.91741777305071226	3.01719973432344180
334151609.718642652035	3650908.129996372387	-255484.545642148412	-138709.117704984237	1.57984248836479724	2.91742020219567788	3.01720091092804932
334151609.736305177212	3650910.425578474998	-255492.033997619961	-138648.805383462546	1.57982588280369640	2.91742263132542146	3.01720208759500164
334151609.753967642784	3650912.720154724550	-255499.522285574698	-138588.493215687107	1.57980927736719678	2.91742506042836069	3.01720326431631225
334151609.771630167961	3650915.013730443083	-255507.010501132521	-138528.180831025325	1.57979267183117478	2.91742748952401953	3.01720444110798613
334151609.789292693138	3650917.306301497854	-255514.498694937734	-138467.868384517496	1.57977623629590647	2.91742995715867259	3.01720545174929855
334151609.806955158710	3650919.597851431929	-255521.986780913721	-138407.556104941468	1.57976002653229197	2.91743247598846400	3.01720624170835316
334151609.824617683887	3650921.888398977928	-255529.474821053678	-138347.243608474411	1.57974381678159248	2.91743499481686852	3.01720703172977078
334151609.842280149460	3650924.177939566318	-255536.962783379306	-138286.931258400728	1.57972760715323912	2.91743751361350512	3.01720782180834091
334151609.859942674637	3650926.466467987746	-255544.450733765756	-138226.618652847043	1.57971139742842048	2.91744003241366423	3.01720861195471590
334151609.877605199814	3650928.753992657177	-255551.938568981888	-138166.306038637471	1.57969518771653794	2.91744255120151941	3.01720940216355471
334151609.895267665386	3650931.040506004822	-255559.426342557010	-138105.993576761888	1.57967918596141166	2.91744504801769144	3.01721044713142605
334151609.912930190563	3650933.326004673261	-255566.914053747721	-138045.680891940050	1.57966326819162850	2.91744753595944495	3.01721159501326675
334151609.930592656136	3650935.610489100683	-255574.401691331906	-137985.368335574312	1.57964735054142058	2.91745002386794328	3.01721274294808239
334151609.948255181313	3650937.893981399480	-255581.889302594267	-137925.055561016954	1.57963143279592444	2.91745251177442455	3.01721389095139036
334151609.965917646885	3650940.176452120300	-255589.376832663547	-137864.742940093507	1.57961551506257925	2.91745499965962951	3.01721503901546395
334151609.983580172062	3650942.457938979380	-255596.864330699755	-137804.430075800163	1.57959959734137634	2.91745748752719525	3.01721618714027029
334151610.001242697239	3650944.738409327343	-255604.351683614950	-137744.117210096418	1.57958275842650697	2.91745965246804895	3.01721715010936098
334151610.018905162811	3650947.017839590553	-255611.839021609398	-137683.804471314477	1.57956589253850654	2.91746180788817711	3.01721810768216070
334151610.036567687988	3650949.296311969403	-255619.326320666005	-137623.491514571913	1.57954902654891893	2.91746396330248148	3.01721906532021178
334151610.054230153561	3650951.573737716768	-255626.813492062851	-137563.178712649911	1.57953216057158263	2.91746611869394856	3.01722002301707226
334151610.071892678738	3650953.850157193374	-255634.300687201059	-137502.865659887233	1.57951529460646789	2.91746827407713027	3.01722098077261247
334151610.089555144310	3650956.125577035360	-255641.787731937133	-137442.552781527396	1.57949850590655627	2.91747047685276950	3.01722200395618811
334151610.107217669487	3650958.399988094345	-255649.274749973760	-137382.239684861590	1.57948183719185864	2.91747275344799073	3.01722312898000711
334151610.124880194664	3650960.673403864261	-255656.761750750651	-137321.926508530858	1.57946516848941076	2.91747503002511133	3.01722425406388739
334151610.142542660236	3650962.945802832022	-255664.248615636665	-137261.613536305289	1.57944849979922575	2.91747730657685533	3.01722537920789380
334151610.160205185413	3650965.217182811350	-255671.735446074075	-137201.300303960801	1.57943183112126873	2.91747958312140820	3.01722650441186246
334151610.177867650986	3650967.487551943399	-255679.222228205152	-137140.987210649211	1.57941516256806569	2.91748185963002982	3.01722762966831981
334151610.195530176163	3650969.756930332631	-255686.708903949359	-137080.673939040484	1.57939856901350151	2.91748407622487127	3.01722841048160939
334151610.213192641735	3650972.025299448054	-255694.195555033628	-137020.360800527211	1.57938199436515214	2.91748627773184355	3.01722910467954319
334151610.230855166912	3650974.292639603373	-255701.682101897866	-136960.047409132356	1.57936541972919686	2.91748847922777799	3.01722979893603416
334151610.248517692089	3650976.560091501568	-255709.167907729250	-136899.734585814935	1.57934884510563611	2.91749068071267015	3.01723049325108095
334151610.266180157661	3650978.825424526818	-255716.654310340120	-136839.421350095567	1.57933227060631887	2.91749288218011360	3.01723118761992382
334151610.283842682838	3650981.089743355289	-255724.140703927231	-136779.107851542212	1.57931569309665032	2.91749510391621758	3.01723190817022369
334151610.301505148411	3650983.353066125419	-255731.627036032150	-136718.794518731564	1.57929905501090739	2.91749774761468572	3.01723317241872246
334151610.319167673588	3650985.615378585178	-255739.113289473258	-136658.480957037682	1.57928241693815408	2.91750039129646099	3.01723443673326486
334151610.336830198765	3650987.876690281555	-255746.599491472123	-136598.167340854387	1.57926577887840347	2.91750303495426921	3.01723570111391615
334151610.354492664337	3650990.136974001303	-255754.085591333598	-136537.853903483658	1.57924914094393376	2.91750567857871479	3.01723696555206677
334151610.372155189514	3650992.396258311346	-255761.571669004741	-136477.540229986509	1.57923250291015993	2.91750832220313328	3.01723823006480529
334151610.389817655087	3650994.654536132701	-255769.057642080035	-136417.226716177305	1.57921601058300132	2.91751074283727174	3.01723951637490373
334151610.407480180264	3650996.911811581347	-255776.543609244749	-136356.912958887493	1.57919967575598985	2.91751292244939719	3.01724082623489398
334151610.425142645836	3650999.168065921403	-255784.029468457215	-136296.599368525669	1.57918334105076807	2.91751510203093822	3.01724213614321668
334151610.442805171013	3651001.423323642462	-255791.515265616792	-136236.285542036960	1.57916700624686590	2.91751728159805168	3.01724344611766515
334151610.460467696190	3651003.677586490288	-255799.001006972161	-136175.971692295891	1.57915067145451427	2.91751946114447636	3.01724475614932697
334151610.478130161762	3651005.930812683888	-255806.486690338148	-136115.657990134641	1.57913433667370695	2.91752164067384712	3.01724606623816882
334151610.495792686939	3651008.183056883514	-255813.972315001942	-136055.344044601952	1.57911787150159322	2.91752404144478117	3.01724742431301118
334151610.513455152512	3651010.434275140986	-255821.457834486064	-135995.030285237590	1.57910136140661939	2.91752651862486179	3.01724879899707066
334151610.531117677689	3651012.684468947351	-255828.943325354892	-135934.716264339600	1.57908485121255215	2.91752899579489400	3.01725017375321114
334151610.548780143261	3651014.933681783266	-255836.428731372842	-135874.402415239514	1.57906834103082683	2.91753147293569537	3.01725154857217603
334151610.566442668438	3651017.181866732892	-255843.914111668826	-135814.088310548424	1.57905183086142387	2.91753395005817584	3.01725292345387119
334151610.584105193615	3651019.429045618512	-255851.399429879966	-135753.774183902366	1.57903544341926239	2.91753640711419626	3.01725436976046835
334151610.601767659187	3651021.675218022428	-255858.884643445432	-135693.460216946492	1.57901972146587566	2.91753875540397845	3.01725620304665121
334151610.619430184364	3651023.920401267707	-255866.369814254984	-135633.146039156825	1.57900399941723313	2.91754110368413766	3.01725803640278256
334151610.637092649937	3651026.164564348757	-255873.854903829400	-135572.832001705130	1.57898827737947234	2.91754345192544307	3.01725986981660022
334151610.654755175114	3651028.407713226043	-255881.339944251871	-135512.517728009698	1.57897255535256442	2.91754580014244835	3.01726170328798249
334151610.672417640686	3651030.649853760377	-255888.824906581256	-135452.203614002647	1.57895683344262050	2.91754814832047682	3.01726353680454329
334151610.690080165863	3651032.890982128214	-255896.309816734632	-135391.889271110820	1.57894077232678676	2.91755054081567966	3.01726506744984846
334151610.707742691040	3651035.131119995378	-255903.794694903365	-135331.574872431462	1.57892423254716463	2.91755299585303307	3.01726617053583679
334151610.725405156612	3651037.370246077888	-255911.279457806697	-135271.260665978160	1.57890769278017751	2.91755545087276635	3.01726727368440528
334151610.743067681789	3651039.608361863531	-255918.764182024112	-135210.946204042324	1.57889115302582450	2.91755790587488084	3.01726837689555571
334151610.760730147362	3651041.845435063820	-255926.248840717453	-135150.631901568442	1.57887461339572122	2.91756036085125414	3.01726948016176966
334151610.778392672539	3651044.081541060470	-255933.733427499421	-135090.317382432433	1.57885807366662889	2.91756281582176280	3.01727058349804977
334151610.796055197716	3651046.316629645415	-255941.217962385388	-135030.002808698104	1.57884176911091045	2.91756509166980527	3.01727179679668689
334151610.813717663288	3651048.550697128288	-255948.702389234997	-134969.688401891297	1.57882552048932534	2.91756732490378790	3.01727303628830734
334151610.831380188465	3651050.783770634327	-255956.186856192624	-134909.373750301020	1.57880927187939823	2.91756955812921293	3.01727427583764118
334151610.849042654037	3651053.016926582903	-255963.670414253429	-134849.059878921020	1.57879302339081962	2.91757179131762845	3.01727551543643058
334151610.866705179214	3651055.247983310837	-255971.154697741673	-134788.745158134145	1.57877677480426026	2.91757402449683134	3.01727675510142834
334151610.884367644787	3651057.478027794976	-255978.638892601215	-134728.430616277124	1.57876052874871653	2.91757628033255090	3.01727799555712650
334151610.902030169964	3651059.707051263656	-255986.123055871984	-134668.115806940477	1.57874430659927967	2.91757875121809063	3.01727924302370321
334151610.919692695141	3651061.935094478540	-255993.607126531278	-134607.800993705954	1.57872808446207413	2.91758122208042447	3.01728049055190173
334151610.937355160713	3651064.162101978436	-256001.091125828563	-134547.486328047613	1.57871186244656481	2.91758369291496367	3.01728173813320444
334151610.955017685890	3651066.388108041603	-256008.575105817494	-134487.171418909158	1.57869564033380083	2.91758616374179613	3.01728298578455734
334151610.972680151463	3651068.613093936350	-256016.058964452997	-134426.856676697760	1.57867941823327285	2.91758863454178341	3.01728423349756136
334151610.990342676640	3651070.837091146968	-256023.542793637025	-134366.541710358200	1.57866316118193262	2.91759117634097231	3.01728567516615298
334151611.008005142212	3651073.060092778876	-256031.026574575779	-134306.226896464301	1.57864684660032872	2.91759383519651783	3.01728743660924215
334151611.025667667389	3651075.282056557480	-256038.510219878168	-134245.911860812164	1.57863053192065417	2.91759649403006494	3.01728919812919028
334151611.043330192566	3651077.503025183920	-256045.993899527501	-134185.596769375028	1.57861421725298001	2.91759915284666738	3.01729095971392214
334151611.060992658138	3651079.722978008911	-256053.477441619179	-134125.281838924595	1.57859790259734467	2.91760181162449861	3.01729272136361493
334151611.078655183315	3651081.941929398570	-256060.960964379425	-134064.966664992651	1.57858158795372150	2.91760447037810744	3.01729448307814963
334151611.096317648888	3651084.159869010095	-256068.444371804158	-134004.651683282631	1.57856510938157379	2.91760706189100949	3.01729587109585573
334151611.113980174065	3651086.376807185821	-256075.927759886108	-133944.336458093399	1.57854858168977508	2.91760963324289202	3.01729714716326747
334151611.131642699242	3651088.592730918899	-256083.411079721816	-133884.021185655904	1.57853205401066821	2.91761220457437576	3.01729842329510500
334151611.149305164814	3651090.807657035999	-256090.894314227276	-133823.706084905105	1.57851552645580218	2.91761477586927587	3.01729969948274412
334151611.166967689991	3651093.021571458783	-256098.377509849233	-133763.390741970157	1.57849899880208078	2.91761734715995313	3.01730097574343015
334151611.184630155563	3651095.234470678959	-256105.860633073229	-133703.075570606423	1.57848257386520885	2.91762001042365382	3.01730230150402923
334151611.202292680740	3651097.446350282524	-256113.343684682390	-133642.760145066190	1.57846662062316523	2.91762309689132415	3.01730385478285701
334151611.219955146313	3651099.657240658533	-256120.826657001191	-133582.444916502718	1.57845066760930841	2.91762618331022772	3.01730540811091918
334151611.237617671490	3651101.867113457061	-256128.309594749793	-133522.129414522613	1.57843471450066009	2.91762926972114389	3.01730696151983624
334151611.255280196667	3651104.075975667685	-256135.792462895100	-133461.813889175566	1.57841876140488968	2.91763235610441551	3.01730851499911568
334151611.272942662239	3651106.283832976129	-256143.275249911530	-133401.498517577682	1.57840280832199698	2.91763544246003903	3.01731006854875528
334151611.290605187416	3651108.490685411263	-256150.757980404946	-133341.182935030927	1.57838660236583284	2.91763827680403809	3.01731150066419618
334151611.308267652988	3651110.696519262157	-256158.240653183952	-133280.867486879753	1.57837005021940402	2.91764076602060962	3.01731276644213153
334151611.325930178165	3651112.901349639520	-256165.723269534617	-133220.551814482635	1.57835349797379587	2.91764325522526358	3.01731403229182993
334151611.343592643738	3651115.105201092549	-256173.205797855975	-133160.236321241420	1.57833694574070904	2.91764574440964708	3.01731529820468092
334151611.361255168915	3651117.307999157812	-256180.688280504895	-133099.920560297731	1.57832039352014419	2.91764823357375658	3.01731656418068361
334151611.378917694092	3651119.509811677970	-256188.170699921902	-133039.604801393580	1.57830384131209356	2.91765072272123183	3.01731783021981181
334151611.396580159664	3651121.710606078152	-256195.653034936171	-132979.289190182724	1.57828795101010466	2.91765347907997707	3.01731893660172723
334151611.414242684841	3651123.910402478650	-256203.135347650241	-132918.973329546367	1.57827217004824405	2.91765627962808605	3.01732001664572103
334151611.431905150414	3651126.109178720973	-256210.617538901599	-132858.657635842508	1.57825638909927268	2.91765908015244779	3.01732109675497817
334151611.449567675591	3651128.308047444094	-256218.098955606023	-132798.342323815392	1.57824060816316414	2.91766188066761689	3.01732217692938809
334151611.467230141163	3651130.504810953047	-256225.581025423016	-132738.026565554494	1.57822482734643899	2.91766468114858579	3.01732325716170591
334151611.484892666340	3651132.700574136805	-256233.063126159657	-132677.710544571251	1.57820894093771846	2.91766747418261518	3.01732433868793271
334151611.502555191517	3651134.895323171746	-256240.545068280422	-132617.394508878526	1.57819227887151325	2.91767021239947066	3.01732542926140157
334151611.520217657089	3651137.089055608027	-256248.026937822608	-132557.078658056533	1.57817561681880636	2.91767295060240084	3.01732651990265888
334151611.537880182266	3651139.281796451192	-256255.508805904683	-132496.762532628956	1.57815895477959645	2.91767568879140748	3.01732761061170596
334151611.555542647839	3651141.473520057742	-256262.990564457723	-132436.446598011331	1.57814229286634444	2.91767842694554247	3.01732870138119846
334151611.573205173016	3651143.664236806799	-256270.472241186100	-132376.130428566044	1.57812563085414648	2.91768116509578057	3.01732979222590458
334151611.590867698193	3651145.853929460049	-256277.953935268335	-132315.814197166212	1.57810931073188332	2.91768372507086271	3.01733094270435975
334151611.608530163765	3651148.042642555200	-256285.435504325054	-132255.498150861298	1.57809329326944026	2.91768612729547705	3.01733214597554600
334151611.626192688942	3651150.230317520909	-256292.917027898045	-132195.181850263907	1.57807727581891655	2.91768852950872359	3.01733334930639074
334151611.643855154514	3651152.417016954627	-256300.398488724342	-132134.865739402827	1.57806125848842127	2.91769093169192351	3.01733455268879025
334151611.661517679691	3651154.602667363826	-256307.879847577162	-132074.549381489749	1.57804524106176447	2.91769333386424057	3.01733575613908744
334151611.679180145264	3651156.787352082785	-256315.361161629873	-132014.233182197146	1.57802922364704434	2.91769573601427057	3.01733695964912307
334151611.696842670441	3651158.971004556865	-256322.842425859330	-131953.916759842279	1.57801301789336379	2.91769829668153013	3.01733833049384925
334151611.714505195618	3651161.153653319925	-256330.323654634063	-131893.600275646575	1.57799676366921315	2.91770089812500588	3.01733974445972786
334151611.732167661190	3651163.335295148659	-256337.804725083173	-131833.283991029253	1.57798050956708713	2.91770349953347585	3.01734115847983020
334151611.749830186367	3651165.515920466278	-256345.285839427903	-131772.967430282733	1.57796425536758766	2.91770610093606741	3.01734257257328542
334151611.767492651939	3651167.695538848639	-256352.766795441537	-131712.651069112995	1.57794800118042144	2.91770870231275836	3.01734398673056914
334151611.785155177116	3651169.874169491697	-256360.247748610273	-131652.334457220830	1.57793182848261981	2.91771135565271056	3.01734545842487112
334151611.802817642689	3651172.051777656190	-256367.728633479361	-131592.017998960277	1.57791601745072896	2.91771423963800913	3.01734718520507439
334151611.820480167866	3651174.228373031132	-256375.209428985603	-131531.701317758474	1.57790020632416339	2.91771712360784496	3.01734891206341826
334151611.838142693043	3651176.403953038622	-256382.690169377485	-131471.384589308407	1.57788439520961665	2.91772000755484129	3.01735063898816147
334151611.855805158615	3651178.578530611470	-256390.170867146604	-131411.068025188346	1.57786858410709963	2.91772289147171948	3.01735236597935552
334151611.873467683792	3651180.752112052869	-256397.651475890831	-131350.751238240045	1.57785277301660676	2.91772577536211575	3.01735409303697333
334151611.891130149364	3651182.924681734294	-256405.132009186229	-131290.434616920043	1.57783671910894441	2.91772856899289090	3.01735557758992901
334151611.908792674541	3651185.096238334198	-256412.612543385301	-131230.117740123445	1.57782039693392373	2.91773126303362940	3.01735679446269467
334151611.926455199718	3651187.266792621464	-256420.092962084134	-131169.800841372547	1.57780407477180185	2.91773395704787220	3.01735801140116910
334151611.944117665291	3651189.436322392896	-256427.573275398812	-131109.484115494764	1.57778775262257320	2.91773665103925417	3.01735922840532345
334151611.961780190468	3651191.604862094391	-256435.053599015431	-131049.167152188602	1.57777143048621404	2.91773934502232679	3.01736044547505466
334151611.979442656040	3651193.772368893959	-256442.533811188710	-130988.850336462754	1.57775510847290845	2.91774203896552686	3.01736166260224126
334151611.997105181217	3651195.938887020107	-256450.013993706525	-130928.533296604204	1.57773894966606454	2.91774444864290983	3.01736329822007621
334151612.014767646790	3651198.104409581516	-256457.494127762300	-130868.216409192653	1.57772284328050194	2.91774676705987446	3.01736506818195149
334151612.032430171967	3651200.268910502084	-256464.974152978684	-130807.899286842265	1.57770673690612107	2.91774908544554723	3.01736683820239904
334151612.050092697144	3651202.433482204098	-256472.453387021698	-130747.582754287811	1.57769063054289815	2.91775140381447917	3.01736860828131581
334151612.067755162716	3651204.595965794288	-256479.933287733962	-130687.265762320298	1.57767452429956134	2.91775372213764195	3.01737037840684774
334151612.085417687893	3651206.757435201202	-256487.413138989941	-130626.948534108582	1.57765836613935195	2.91775607279389382	3.01737205505231953
334151612.103080153465	3651208.917896752711	-256494.892885175213	-130566.631478883894	1.57764191723683211	2.91775860493705963	3.01737320685409616
334151612.120742678642	3651211.077355011832	-256502.372638378118	-130506.314180175657	1.57762546834697392	2.91776113707280915	3.01737435871929716
334151612.138405144215	3651213.235820502974	-256509.852263182547	-130445.997060511218	1.57760901958081678	2.91776366917067165	3.01737551064024023
334151612.156067669392	3651215.393243971281	-256517.331871970557	-130385.679679194713	1.57759257071632142	2.91776620126611785	3.01737666263246629
334151612.173730194569	3651217.549669616856	-256524.811400820443	-130325.362293865284	1.57757612186450413	2.91776873334322984	3.01737781468819222
334151612.191392660141	3651219.705091311131	-256532.290835063817	-130265.045062284567	1.57756009841450062	2.91777111670518563	3.01737908595452220
334151612.209055185318	3651221.859500858933	-256539.770256872784	-130204.727575223384	1.57754440999699130	2.91777338295172317	3.01738045111457076
334151612.226717650890	3651224.012912340928	-256547.249579733034	-130144.410273147281	1.57752872169652347	2.91777564916702703	3.01738181632166214
334151612.244380176067	3651226.165310575161	-256554.728839819873	-130084.092734826976	1.57751303330134540	2.91777791536842868	3.01738318159431751
334151612.262042641640	3651228.316699557472	-256562.208034753887	-130023.775356197802	1.57749734491733018	2.91778018154907892	3.01738454692326252
334151612.279705166817	3651230.467075292487	-256569.687166905293	-129963.457741325779	1.57748165654447670	2.91778244770897865	3.01738591230849806
334151612.297367691994	3651232.616445923690	-256577.166263370949	-129903.140077910619	1.57746518723303897	2.91778500970241605	3.01738707356123559
334151612.315030157566	3651234.764811669011	-256584.645238440076	-129842.822594834608	1.57744852534616964	2.91778764467095186	3.01738818448754209
334151612.332692682743	3651236.912168656476	-256592.124226388696	-129782.504866861695	1.57743186336003882	2.91779027963455118	3.01738929548745016
334151612.350355148315	3651239.058505969122	-256599.603066010459	-129722.187319117889	1.57741520138710656	2.91779291457296441	3.01739040655347690
334151612.368017673492	3651241.203840926755	-256607.081899315410	-129661.869527889387	1.57739853942734953	2.91779554950074305	3.01739151768552416
334151612.385680198669	3651243.348174680024	-256614.560667345591	-129601.551695474423	1.57738188971201909	2.91779803025314344	3.01739264514558281
334151612.403342664242	3651245.491510838736	-256622.039349786181	-129541.234034742723	1.57736527979215557	2.91780001097407871	3.01739382540148116
334151612.421005189419	3651247.633818193804	-256629.517979338852	-129480.916145012321	1.57734866977153843	2.91780199169186982	3.01739500572019992
334151612.438667654991	3651249.775119100697	-256636.996503856848	-129420.598414969398	1.57733205976229218	2.91780397237976930	3.01739618609386362
334151612.456330180168	3651251.915414219256	-256644.475024934538	-129360.280447387820	1.57731544976439042	2.91780595305596391	3.01739736652234924
334151612.473992645741	3651254.054695601575	-256651.953445199993	-129299.962621554412	1.57729883988994612	2.91780793370098479	3.01739854699773113
334151612.491655170918	3651256.192985347938	-256659.431811934162	-129239.644590830037	1.57728232947579872	2.91781031461950668	3.01739983992548000
334151612.509317696095	3651258.330254269764	-256666.910129310505	-129179.326511446794	1.57726591751532030	2.91781309129075606	3.01740124404282373
334151612.526980161667	3651260.466514410917	-256674.388354813331	-129119.008605048060	1.57724950556771626	2.91781586793967218	3.01740264822748872
334151612.544642686844	3651262.601764742285	-256681.866514566413	-129058.690456470460	1.57723309363298658	2.91781864456625062	3.01740405247947319
334151612.562305152416	3651264.736015611794	-256689.344615262264	-128998.372479574522	1.57721668182188646	2.91782142116020182	3.01740545678924343
334151612.579967677593	3651266.869252775796	-256696.822679776000	-128938.054253142589	1.57720026991290352	2.91782419774210400	3.01740686117586643
334151612.597630143166	3651269.001467933878	-256704.300649150915	-128877.736193639299	1.57718410142426713	2.91782716493009708	3.01740798160462420
334151612.615292668343	3651271.132682139054	-256711.778572196170	-128817.417903953581	1.57716796158704375	2.91783015453261019	3.01740906868638792
334151612.632955193520	3651273.262904931791	-256719.256436076976	-128757.099585073098	1.57715182176348545	2.91783314411814709	3.01741015583793049
334151612.650617659092	3651275.393198134843	-256726.733466142614	-128696.782037631463	1.57713568206252286	2.91783613366770078	3.01741124305190489
334151612.668280184269	3651277.521401874721	-256734.211199020938	-128636.463636257075	1.57711954226629447	2.91783912321927819	3.01741233034300160
334151612.685942649841	3651279.648588399403	-256741.688822129392	-128576.145425691953	1.57710333060985586	2.91784206957714254	3.01741344178822057
334151612.703605175018	3651281.774766219314	-256749.166429787932	-128515.826953709387	1.57708678457171292	2.91784481507676086	3.01741466535459191
334151612.721267640591	3651283.899928857107	-256756.643964725401	-128455.508653295285	1.57707023865843476	2.91784756054305427	3.01741588898009105
334151612.738930165768	3651286.024098811671	-256764.121407551778	-128395.190124111657	1.57705369264669293	2.91785030599981710	3.01741711268131851
334151612.756592690945	3651288.147256799508	-256771.598820408835	-128334.871558264465	1.57703714664814876	2.91785305143696938	3.01741833644996182
334151612.774255156517	3651290.269382066093	-256779.076145212690	-128274.553147352883	1.57702060066279692	2.91785579685814511	3.01741956028599612
334151612.791917681694	3651292.390521937050	-256786.553413730086	-128214.234499011582	1.57700461151209725	2.91785868995190745	3.01742101411393593
334151612.809580147266	3651294.510657984763	-256794.030639316014	-128153.916028299136	1.57698903962495263	2.91786169366391190	3.01742264024741313
334151612.827242672443	3651296.629787657876	-256801.507756142091	-128093.597336055609	1.57697346764489521	2.91786469736680987	3.01742426645921125
334151612.844905197620	3651298.747895579319	-256808.984836824151	-128033.278595152529	1.57695789567701805	2.91786770104513860	3.01742589273832396
334151612.862567663193	3651300.864982903935	-256816.461822406040	-127972.960007885602	1.57694232372133136	2.91787070469161858	3.01742751908479478
334151612.880230188370	3651302.981080632657	-256823.938831484847	-127912.641169892144	1.57692675177781338	2.91787370832080439	3.01742914549853403
334151612.897892653942	3651305.096168952063	-256831.415671603521	-127852.322537420827	1.57691076894698856	2.91787634459758038	3.01743035808606308
334151612.915555179119	3651307.210253519006	-256838.892545242503	-127792.003648169164	1.57689471524382485	2.91787891762411089	3.01743149947225309
334151612.933217644691	3651309.323309570085	-256846.369250990741	-127731.684927150811	1.57687866155312095	2.91788149062198299	3.01743264092114138
334151612.950880169868	3651311.435387213249	-256853.845946422109	-127671.365980699877	1.57686260787485533	2.91788406360575037	3.01743378243263782
334151612.968542695045	3651313.546432850882	-256861.322586141556	-127611.046986890186	1.57684655420902842	2.91788663657540992	3.01743492400674151
334151612.986205160618	3651315.656470180489	-256868.799147276382	-127550.728152768439	1.57683048774916656	2.91788925021697976	3.01743613622066054
334151613.003867685795	3651317.765520717017	-256876.275651971577	-127490.409094517192	1.57681433919196357	2.91789212227982464	3.01743779668007317
334151613.021530151367	3651319.873528232332	-256883.752077266545	-127430.090209025133	1.57679819064717019	2.91789499432028432	3.01743945720714901
334151613.039192676544	3651321.980557225179	-256891.228440418665	-127369.771074222168	1.57678204211479955	2.91789786632744619	3.01744111780195556
334151613.056855142117	3651324.086559853517	-256898.704724514682	-127309.452112291867	1.57676589370381670	2.91790073830128627	3.01744277845316411
334151613.074517667294	3651326.191575222183	-256906.180938772421	-127249.132939527277	1.57674974519626199	2.91790361026367284	3.01744443918329575
334151613.092180192471	3651328.295559521299	-256913.657124061720	-127188.813692811658	1.57673342862558097	2.91790642348925466	3.01744593249763859
334151613.109842658043	3651330.398532548454	-256921.133206975006	-127128.494625020947	1.57671696121670024	2.91790918399788346	3.01744727555972769
334151613.127505183220	3651332.500519414432	-256928.609270368383	-127068.175327160585	1.57670049382077893	2.91791194449598423	3.01744861868905190
334151613.145167648792	3651334.601483187173	-256936.085228227166	-127007.856188873353	1.57668402643784544	2.91791470496172778	3.01744996188574355
334151613.162830173969	3651336.701458302327	-256943.561196235125	-126947.536799862297	1.57666755906788003	2.91791746540966512	3.01745130514971427
334151613.180492699146	3651338.800401879009	-256951.037041759933	-126887.217403386327	1.57665109171087825	2.91792022584342980	3.01745264848094008
334151613.198155164719	3651340.898348807823	-256958.512788241467	-126826.898178592266	1.57663455232606653	2.91792412950743518	3.01745421611912246
334151613.215817689896	3651342.995281102136	-256965.988511688454	-126766.578704262662	1.57661800797324281	2.91792811036004496	3.01745579899606087
334151613.233480155468	3651345.091192969587	-256973.464203580865	-126706.259364326572	1.57660146363570552	2.91793209119088059	3.01745738196077973
334151613.251142680645	3651347.187213924713	-256980.939057405078	-126645.940425424211	1.57658491931346489	2.91793607199266214	3.01745896501332078
334151613.268805146217	3651349.281115912832	-256988.414547188208	-126585.621047526729	1.57656837511816961	2.91794005274697321	3.01746054814294906
334151613.286467671394	3651351.374028307386	-256995.890060375590	-126525.301418907475	1.57655182184787424	2.91794382083034121	3.01746204931483009
334151613.304130196571	3651353.465925191063	-257003.365414460975	-126464.981788873498	1.57653522899599796	2.91794665100622908	3.01746318869442431
334151613.321792662144	3651355.556805972010	-257010.840749028954	-126404.662303817080	1.57651863615770838	2.91794948116016428	3.01746432814309440
334151613.339455187321	3651357.646674616728	-257018.316030859743	-126344.342589878579	1.57650204333298749	2.91795231130669652	3.01746546766075419
334151613.357117652893	3651359.735536830034	-257025.791207461909	-126284.023035626204	1.57648545063383971	2.91795514141334777	3.01746660723979110
334151613.374780178070	3651361.823410853744	-257033.266367495788	-126223.703243948650	1.57646885783628998	2.91795797151596892	3.01746774689560038
334151613.392442643642	3651363.910249663983	-257040.741428970941	-126163.383613144106	1.57645229676641052	2.91796099630178807	3.01746888426569981
334151613.410105168819	3651365.996100753546	-257048.216447199811	-126103.063758213233	1.57643575527941748	2.91796414121052861	3.01747002025594302
334151613.427767693996	3651368.080926193856	-257055.691418680915	-126042.743873857718	1.57641921380677741	2.91796728610470302	3.01747115632026475
334151613.445430159569	3651370.164765295107	-257063.166282353108	-125982.424143365963	1.57640267246014099	2.91797043095698072	3.01747229245102977
334151613.463092684746	3651372.247586796992	-257070.641099176224	-125922.104182573094	1.57638613101622460	2.91797357580746519	3.01747342866358848
334151613.480755150318	3651374.329378973693	-257078.115853140043	-125861.784387298030	1.57636958958666518	2.91797672063973845	3.01747456495024347
334151613.498417675495	3651376.410191699862	-257085.590518086188	-125801.464369307039	1.57635304924613373	2.91797952747421618	3.01747595091460541
334151613.516080141068	3651378.489978068508	-257093.065143938031	-125741.144497592817	1.57633650917334123	2.91798228926788772	3.01747737017656537
334151613.533742666245	3651380.568746839184	-257100.539722920861	-125680.824395580436	1.57631996900184035	2.91798505105261352	3.01747878951572712
334151613.551405191422	3651382.646542268805	-257108.014202936378	-125620.504277785585	1.57630342884326202	2.91798781281092623	3.01748020892250501
334151613.569067656994	3651384.723299056292	-257115.488627304905	-125560.184300214591	1.57628688869760669	2.91799057454282229	3.01748162839689682
334151613.586730182171	3651386.799071556423	-257122.962965442071	-125499.864119165068	1.57627039824030080	2.91799318239561245	3.01748291427781323
334151613.604392647743	3651388.873814733233	-257130.437280749116	-125439.544077038139	1.57625402636545120	2.91799542330596573	3.01748388147616664
334151613.622055172920	3651390.947561339475	-257137.911533336126	-125379.223798784093	1.57623765439215080	2.91799766420766682	3.01748484873952272
334151613.639717698097	3651393.020305356476	-257145.385720281309	-125318.903492638812	1.57622128243087944	2.91799990510131391	3.01748581606126454
334151613.657380163670	3651395.092019423842	-257152.859807384404	-125258.583357950105	1.57620491048165934	2.91800214596871665	3.01748678344149424
334151613.675042688847	3651397.162736451719	-257160.333818369836	-125198.263000431558	1.57618853854447161	2.91800438682442609	3.01748775088012966
334151613.692705154419	3651399.232443313114	-257167.807817236288	-125137.942776008684	1.57617214484068735	2.91800686241605689	3.01748881272429204
334151613.710367679596	3651401.301153135020	-257175.281739977770	-125077.622328755067	1.57615573361083761	2.91800952491721111	3.01748994976432794
334151613.728030145168	3651403.368845763616	-257182.755552720773	-125017.302072314356	1.57613932239397769	2.91801218739300339	3.01749108686991852
334151613.745692670345	3651405.435526259709	-257190.229352705850	-124956.981560391345	1.57612291119008807	2.91801484985798698	3.01749222404098560
334151613.763355195522	3651407.501203074120	-257197.703076743666	-124896.661013222008	1.57610649999918273	2.91801751230124529	3.01749336127758649
334151613.781017661095	3651409.565867224708	-257205.176698158088	-124836.340658275280	1.57609008893200531	2.91802017472053343	3.01749449857196028
334151613.798680186272	3651411.629509297665	-257212.650277078646	-124776.020028498810	1.57607382130613938	2.91802247419283622	3.01749570542225332
334151613.816342651844	3651413.692164682318	-257220.123786536074	-124715.699589760567	1.57605756122081142	2.91802475461374966	3.01749691597572589
334151613.834005177021	3651415.753818659112	-257227.597276083310	-124655.378907538528	1.57604130114727670	2.91802703501921590	3.01749812658779870
334151613.851667642593	3651417.815520590171	-257235.069895576657	-124595.058992001213	1.57602504119528097	2.91802931539137855	3.01749933725031250
