334151606.751519501209 0.000088312500
334151606.751519501209	3650508.175250345841	-254225.679667292978	-148840.415110150847	1.58258344244884430	2.91701500042234318	3.01701668104131349
334151606.769182026386	3650510.640236866195	-254233.178645681852	-148780.109409344965	1.58256696554922094	2.91701734939692647	3.01701769248532159
334151606.786844491959	3650513.104218413122	-254240.677543904778	-148719.803862284374	1.58255040544764491	2.91701971622991740	3.01701860110672770
334151606.804507017136	3650515.567177049350	-254248.176437965187	-148659.498047747533	1.58253364804959951	2.91702212539639527	3.01701926632997841
334151606.822169482708	3650518.029149166308	-254255.675213819137	-148599.192430189752	1.58251689066484280	2.91702453454134059	3.01701993161611393
334151606.839832007885	3650520.490100222174	-254263.173958944652	-148538.886545154586	1.58250013329333528	2.91702694367930215	3.01702059696495883
334151606.857494473457	3650522.950024838094	-254270.672666402330	-148478.580806393904	1.58248337604816380	2.91702935279883224	3.01702126237196433
334151606.875156998634	3650525.408985627815	-254278.171299857378	-148418.274845033477	1.58246661870316352	2.91703176191918567	3.01702192784627110
334151606.892819523811	3650527.866909316275	-254285.669858152687	-148357.968848192977	1.58245021110791395	2.91703407028660777	3.01702294098936097
334151606.910481989384	3650530.323813885450	-254293.168346286286	-148297.662999045075	1.58243405175206209	2.91703630713645179	3.01702420090636858
334151606.928144514561	3650532.779735011980	-254300.666776361264	-148237.356919825746	1.58241789240784647	2.91703854396668705	3.01702546088091994
334151606.945806980133	3650535.234651152510	-254308.165086176712	-148177.051020944869	1.58240173318430810	2.91704078077066464	3.01702672090440993
334151606.963469505310	3650537.688548704144	-254315.663403860759	-148116.744865171320	1.58238557386335454	2.91704301756531503	3.01702798099400393
334151606.981132030487	3650540.141435654834	-254323.161664663407	-148056.438642912777	1.58236941455404567	2.91704525433671469	3.01702924114118431
334151606.998794496059	3650542.593295023777	-254330.659797379107	-147996.132612763409	1.58235284474666016	2.91704728263165292	3.01703034433608996
334151607.016457021236	3650545.044187354390	-254338.157962637517	-147935.826320119522	1.58233621176299111	2.91704927883388532	3.01703142341847430
334151607.034119486809	3650547.494040731806	-254345.655969993357	-147875.520213530312	1.58231957890313302	2.91705127500292516	3.01703250254883670
334151607.051782011986	3650549.942885364406	-254353.154003162432	-147815.213818923890	1.58230294594257082	2.91705327116337187	3.01703358174177216
334151607.069444477558	3650552.390721579082	-254360.651918944874	-147754.907610601105	1.58228631299355227	2.91705526730656128	3.01703466098993944
334151607.087107002735	3650554.837560661137	-254368.149760001193	-147694.601179447316	1.58226967889959824	2.91705738178719587	3.01703577450399241
334151607.104769527912	3650557.283398007974	-254375.647563580511	-147634.294693804812	1.58225304155018542	2.91705983065745666	3.01703698474249826
334151607.122431993484	3650559.728221014608	-254383.145282348210	-147573.988379733928	1.58223640432567070	2.91706227949297459	3.01703819503564619
334151607.140094518661	3650562.172026397660	-254390.642967419233	-147513.681792244606	1.58221976688922106	2.91706472832889840	3.01703940540811200
334151607.157756984234	3650564.614828342106	-254398.140584090230	-147453.375395678915	1.58220312968990795	2.91706717713291264	3.01704061582682215
334151607.175419509411	3650567.056624758523	-254405.638119978685	-147393.068750986917	1.58218649239094589	2.91706962592197616	3.01704182631666740
334151607.193081974983	3650569.497411850374	-254413.135591793427	-147332.762265984231	1.58217011947661468	2.91707202868061044	3.01704300915023893
334151607.210744500160	3650571.937189526856	-254420.633012390579	-147272.455525499943	1.58215387775917593	2.91707440856874634	3.01704417828469129
334151607.228407025337	3650574.375959717203	-254428.130411556020	-147212.148749767948	1.58213763605386126	2.91707678844951701	3.01704534747922049
334151607.246069490910	3650576.813711047173	-254435.627650213079	-147151.842154261889	1.58212139436072596	2.91707916830109504	3.01704651673407920
334151607.263732016087	3650579.251569883432	-254443.124195229757	-147091.535900655785	1.58210515267972274	2.91708154814166898	3.01704768604905649
334151607.281394481659	3650581.687304984313	-254450.621328944078	-147031.229203415918	1.58208891101088889	2.91708392795668425	3.01704885542431978
334151607.299057006836	3650584.122051362414	-254458.118433985976	-146970.922282045882	1.58207236586460653	2.91708602896393376	3.01704993733939464
334151607.316719472408	3650586.555772233289	-254465.615487977979	-146910.615506952570	1.58205579364636928	2.91708810496200144	3.01705101146104671
334151607.334381997585	3650588.988500329200	-254473.112451010034	-146850.308503086126	1.58203922132801766	2.91709018094851480	3.01705208564641403
334151607.352044522762	3650591.420222337358	-254480.609392691113	-146790.001450674026	1.58202264902137180	2.91709225692154606	3.01705315988810652
334151607.369706988335	3650593.850916770753	-254488.106206209515	-146729.694590370404	1.58200607672644966	2.91709433287382058	3.01705423418620899
334151607.387369513512	3650596.280610254500	-254495.603026376106	-146669.387430169532	1.58198978773978793	2.91709669529243776	3.01705517884200747
334151607.405031979084	3650598.709305572324	-254503.099708566209	-146609.080481544661	1.58197407658807654	2.91709964190180893	3.01705585906730489
334151607.422694504261	3650601.136972058099	-254510.596419054084	-146548.773250729253	1.58195836534425816	2.91710258851605975	3.01705653936464691
334151607.440357029438	3650603.563652331941	-254518.093001943955	-146488.466011375305	1.58194265411436974	2.91710553511647230	3.01705721972942831
334151607.458019495010	3650605.989310531411	-254525.589530849742	-146428.158912356128	1.58192694289841107	2.91710848170304748	3.01705790016164865
334151607.475682020187	3650608.413966787513	-254533.086027801124	-146367.851583151380	1.58191123169635350	2.91711142828669612	3.01705858066118315
334151607.493344485760	3650610.837605784182	-254540.582427909598	-146307.544401635154	1.58189504884715904	2.91711409394470289	3.01705965059354098
334151607.511007010937	3650613.260242837481	-254548.078796054033	-146247.236989934667	1.58187856408586391	2.91711657989542683	3.01706096969848536
334151607.528669476509	3650615.681859186850	-254555.575030192238	-146186.929758459213	1.58186207933701084	2.91711906582154556	3.01706228886630257
334151607.546332001686	3650618.102480942849	-254563.071279998432	-146126.622245025384	1.58184559460059138	2.91712155172669618	3.01706360809694996
334151607.563994526863	3650620.522079941817	-254570.567468012654	-146066.314709524711	1.58182910987658598	2.91712403761815153	3.01706492739034537
334151607.581656992435	3650622.940693400800	-254578.063496132352	-146006.007354477799	1.58181264510499253	2.91712653207083816	3.01706624619506325
334151607.599319517612	3650625.358283917420	-254585.559548169054	-145945.699748479470	1.58179700852993643	2.91712938582284043	3.01706754240579222
334151607.616981983185	3650627.774869017303	-254593.055546529504	-145885.392282930290	1.58178137196745583	2.91713223955166390	3.01706883868193865
334151607.634644508362	3650630.190461349674	-254600.551453863445	-145825.084588608879	1.58176573541754140	2.91713509326094567	3.01707013502345989
334151607.652306973934	3650632.605015867855	-254608.047253493161	-145764.777061102213	1.58175009898571561	2.91713794693623463	3.01707143142155232
334151607.669969499111	3650635.018577777315	-254615.543053943373	-145704.469302109384	1.58173446246092309	2.91714080061006520	3.01707272789378145
334151607.687632024288	3650637.431135963183	-254623.038791556144	-145644.161464748991	1.58171860032239731	2.91714351309184527	3.01707399820677535
334151607.705294489861	3650639.842672012281	-254630.534423258825	-145583.853837438481	1.58170216886160375	2.91714586933563869	3.01707520240799321
334151607.722957015038	3650642.253216889687	-254638.030027638131	-145523.545948818093	1.58168573741300289	2.91714822556400799	3.01707640666967958
334151607.740619480610	3650644.662714633159	-254645.525531531574	-145463.238201718457	1.58166930608750222	2.91715058175858477	3.01707761098373295
334151607.758282005787	3650647.071236881893	-254653.021009897988	-145402.930236545682	1.58165287466330629	2.91715293794882369	3.01707881536643407
334151607.775944530964	3650649.478758318815	-254660.516397304251	-145342.622243479127	1.58163644325131258	2.91715529411999608	3.01708001980964280
334151607.793606996536	3650651.885271836072	-254668.011720619339	-145282.314396803937	1.58162058390837368	2.91715743220482615	3.01708119296955513
334151607.811269521713	3650654.290763833094	-254675.506999612815	-145222.006295947271	1.58160499325827963	2.91715946786154268	3.01708235146155834
334151607.828931987286	3650656.695237141103	-254683.002209826780	-145161.698372603278	1.58158940272419590	2.91716150349193581	3.01708350999805397
334151607.846594512463	3650659.099801174365	-254690.496634124895	-145101.390793759725	1.58157381209570347	2.91716353911022441	3.01708466859482849
334151607.864256978035	3650661.502256219741	-254697.991702098865	-145041.082787922292	1.58155822147801661	2.91716557470747695	3.01708582724400820
334151607.881919503212	3650663.903745142743	-254705.486749098782	-144980.774546183500	1.58154263087109803	2.91716761029824623	3.01708698594543234
334151607.899582028389	3650666.304178328253	-254712.981695141032	-144920.466244972893	1.58152644652851371	2.91716998438244035	3.01708810602918298
334151607.917244493961	3650668.703622704837	-254720.476575972512	-144860.158127446310	1.58151024141201990	2.91717237035119448	3.01708922480447717
334151607.934907019138	3650671.102074986324	-254727.971442711132	-144799.849748612120	1.58149403619834250	2.91717475631742307	3.01709034364751405
334151607.952569484711	3650673.499469366856	-254735.466204239754	-144739.541542419145	1.58147783099686112	2.91717714226255698	3.01709146255076943
334151607.970232009888	3650675.895904299337	-254742.960875357763	-144679.233107682638	1.58146162580756622	2.91717952819023463	3.01709258151420334
334151607.987894475460	3650678.291309372056	-254750.455511463311	-144618.924825165537	1.58144532605629617	2.91718184349954424	3.01709363955741772
334151608.005557000637	3650680.685704113916	-254757.950109463534	-144558.616287166398	1.58142873876309586	2.91718394449098550	3.01709451256247441
334151608.023219525814	3650683.079105526209	-254765.444675825973	-144498.307719976990	1.58141215148184022	2.91718604547580629	3.01709538562432744
334151608.040881991386	3650685.471481283661	-254772.939099130774	-144437.999301776028	1.58139556421257210	2.91718814643581892	3.01709625874317533
334151608.058544516563	3650687.862866276409	-254780.433456556464	-144377.690678682702	1.58137897695525664	2.91719024738557220	3.01709713191885998
334151608.076206982136	3650690.253238995560	-254787.927766012319	-144317.382207923161	1.58136238982184296	2.91719234831205787	3.01709800514547277
334151608.093869507313	3650692.642592702992	-254795.422041461861	-144257.073477042024	1.58134578880427901	2.91719455241409698	3.01709910729476327
334151608.111531972885	3650695.030946236569	-254802.916221854830	-144196.764923787676	1.58132918011810752	2.91719681397564257	3.01710033702664226
334151608.129194498062	3650697.418277796824	-254810.410384527815	-144136.456103054341	1.58131257144399306	2.91719907552477453	3.01710156681801411
334151608.146857023239	3650699.804615834728	-254817.904451930634	-144076.147272367962	1.58129596278196249	2.91720133705057671	3.01710279666899517
334151608.164519488811	3650702.189951427281	-254825.398449250992	-144015.838589485385	1.58127935424408195	2.91720359854987255	3.01710402657115440
334151608.182182013988	3650704.574255676009	-254832.892424262362	-143955.529656952189	1.58126276789551934	2.91720584968097940	3.01710523701474287
334151608.199844479561	3650706.957549490500	-254840.386284665554	-143895.220903342764	1.58124660975041098	2.91720790178696010	3.01710607239949580
334151608.217507004738	3650709.339862387627	-254847.880097114394	-143834.911913720134	1.58123045161681919	2.91720995388363269	3.01710690783881574
334151608.235169529915	3650711.721172166057	-254855.373871734744	-143774.602882908774	1.58121429349473575	2.91721200597463204	3.01710774333266452
334151608.252831995487	3650714.101431858726	-254862.867562050611	-143714.293986263103	1.58119813549323873	2.91721405803636902	3.01710857887550565
334151608.270494520664	3650716.480707656126	-254870.361180634849	-143653.984872842091	1.58118197739422195	2.91721611009419401	3.01710941447864345
334151608.288156986237	3650718.858974143863	-254877.854734917724	-143593.675919108355	1.58116570784738264	2.91721831965319600	3.01711037667435633
334151608.305819511414	3650721.236239167396	-254885.348270455550	-143533.366721891973	1.58114917213072537	2.91722090536629786	3.01711164112340624
334151608.323481976986	3650723.612487404607	-254892.841682303348	-143473.057685663429	1.58113263653845482	2.91722349104295509	3.01711290562861301
334151608.341144502163	3650725.987723917700	-254900.335055859032	-143412.748407253966	1.58111610084736842	2.91722607671572121	3.01711417020706962
334151608.358807027340	3650728.361965069547	-254907.828400727565	-143352.439092292567	1.58109956516906602	2.91722866236831813	3.01711543485023004
334151608.376469492912	3650730.735189435072	-254915.321621891402	-143292.129938319937	1.58108302950356516	2.91723124799346900	3.01711669955817019
334151608.394132018089	3650733.107395211235	-254922.814810561016	-143231.820554047765	1.58106671079168803	2.91723402230546691	3.01711751852342269
334151608.411794483662	3650735.478609263897	-254930.307921961241	-143171.511329578381	1.58105047345001504	2.91723686726165443	3.01711817059218790
334151608.429457008839	3650737.848808629904	-254937.801011348143	-143111.201855570253	1.58103423601291326	2.91723971222211942	3.01711882273340048
334151608.447119474411	3650740.219088868704	-254945.293232123513	-143050.893148471223	1.58101799858997927	2.91724255716519565	3.01711947494268484
334151608.464781999588	3650742.587270444725	-254952.786152346001	-142990.583605264866	1.58100176118118729	2.91724540210179262	3.01712012721992551
334151608.482444524765	3650744.954449848738	-254960.279061470152	-142930.273994272749	1.58098552378654511	2.91724824702827368	3.01712077956516111
334151608.500106990337	3650747.320617427118	-254967.771855803323	-142869.964575507300	1.58096897503936606	2.91725063100634996	3.01712191024057796
334151608.517769515514	3650749.685787433293	-254975.264601782896	-142809.654920611589	1.58095242340798814	2.91725301085641542	3.01712304526132824
334151608.535431981087	3650752.049907347187	-254982.757223335269	-142749.345426476561	1.58093587178906048	2.91725539068110251	3.01712418034351781
334151608.553094506264	3650754.413057724480	-254990.249866732134	-142689.035675788997	1.58091932018254866	2.91725777049496093	3.01712531548699570
334151608.570756971836	3650756.775186501909	-254997.742429234902	-142628.726078734879	1.58090276870016977	2.91726015027946373	3.01712645068412444
334151608.588419497013	3650759.136297618970	-255005.234945923905	-142568.416251380753	1.58088625348730272	2.91726260823873185	3.01712731786612398
334151608.606082022190	3650761.496441248804	-255012.727372163674	-142508.106396360527	1.58086979149220497	2.91726518056042261	3.01712779292741962
334151608.623744487762	3650763.855544118211	-255020.219706777425	-142447.796700801060	1.58085332951087709	2.91726775286742113	3.01712826805321876
334151608.641407012939	3650766.213621585164	-255027.712026465684	-142387.486743704823	1.58083686754328512	2.91727032517427842	3.01712874324337221
334151608.659069478512	3650768.570728296880	-255035.204241175612	-142327.176983704703	1.58082040570054971	2.91727289745752838	3.01712921849473314
334151608.676732003689	3650770.926813510712	-255042.696451440192	-142266.866942927445	1.58080394376047040	2.91727546974590890	3.01712969381378038
334151608.694394528866	3650773.281880801078	-255050.188556816458	-142206.556887441373	1.58078750662422252	2.91727797433620184	3.01713060827636381
334151608.712056994438	3650775.635946072172	-255057.680593571364	-142146.247009580518	1.58077108180003889	2.91728044532098574	3.01713174064538725
334151608.729719519615	3650777.988991231658	-255065.172585912136	-142085.936864243413	1.58075465698842166	2.91728291628784486	3.01713287307681366
334151608.747381985188	3650780.341057426296	-255072.664490770432	-142025.626898062445	1.58073823230020616	2.91728538722854935	3.01713400556291411
334151608.765044510365	3650782.692079058383	-255080.156369956385	-141965.316676170449	1.58072180751371061	2.91728785816319203	3.01713513811911005
334151608.782706975937	3650785.042127016000	-255087.648132184084	-141905.006627494004	1.58070540190202258	2.91729032467049665	3.01713625863721280
334151608.800369501114	3650787.391139730811	-255095.139861493284	-141844.696348402300	1.58068931257910039	2.91729271851102778	3.01713717949403115
334151608.818032026291	3650789.739167848602	-255102.631526627636	-141784.386028236448	1.58067322326851190	2.91729511233731387	3.01713810041077313
334151608.835694491863	3650792.086171864066	-255110.123100441240	-141724.075867642125	1.58065713407884401	2.91729750613437444	3.01713902138121171
334151608.853357017040	3650794.432153914124	-255117.614656375838	-141663.765439571755	1.58064104479292000	2.91729989993217043	3.01713994241780181
334151608.871019482613	3650796.777134874836	-255125.106130375352	-141603.455189126631	1.58062495551934457	2.91730229370844452	3.01714086351438926
334151608.888682007790	3650799.121133985929	-255132.597529501014	-141543.144729264895	1.58060885579575872	2.91730472422717302	3.01714186414905683
334151608.906344473362	3650801.464105574414	-255140.088880245108	-141482.834408323019	1.58059273650022747	2.91730722387602315	3.01714301443807287
334151608.924006998539	3650803.806070264895	-255147.580149727000	-141422.523852553248	1.58057661710826647	2.91730972351905615	3.01714416479659997
334151608.941669523716	3650806.147045081016	-255155.071424534632	-141362.213235056523	1.58056049772865048	2.91731222314784766	3.01714531521678886
334151608.959331989288	3650808.486983023118	-255162.562538018858	-141301.902810967033	1.58054437836139572	2.91731472275512260	3.01714646569871237
334151608.976994514465	3650810.825923867989	-255170.053616427584	-141241.592137455882	1.58052825900649396	2.91731722234451407	3.01714761624233274
334151608.994656980038	3650813.163851993158	-255177.544673348515	-141181.281602977600	1.58051202054693274	2.91732001731710744	3.01714873881657564
334151609.012319505215	3650815.500769775826	-255185.035611829575	-141120.970866209071	1.58049570996819755	2.91732299074603763	3.01714984453847723
334151609.029982030392	3650817.836685392074	-255192.526539093378	-141060.660061655188	1.58047939940326598	2.91732596415758483	3.01715095033063196
334151609.047644495964	3650820.172683458775	-255200.016649566678	-141000.350034595380	1.58046308885214648	2.91732893754811018	3.01715205619307580
334151609.065307021141	3650822.506577872206	-255207.507410312362	-140940.039166785951	1.58044677831483016	2.91733191092124944	3.01715316212577189
334151609.082969486713	3650824.839476678986	-255214.998123222031	-140879.728451422357	1.58043046480951177	2.91733487346041676	3.01715426882261539
334151609.100632011890	3650827.171343210153	-255222.488786853093	-140819.417513000633	1.58041398387308218	2.91733725143060330	3.01715541355302053
334151609.118294477463	3650829.502223321237	-255229.979343601270	-140759.106728439278	1.58039750294902781	2.91733962937168423	3.01715655834459939
334151609.135957002640	3650831.832085777074	-255237.469854413241	-140698.795713580243	1.58038102203731734	2.91734200729820747	3.01715770319720678
334151609.153619527817	3650834.160945597570	-255244.960340597579	-140638.484644231299	1.58036454113794944	2.91734438521017436	3.01715884811084445
334151609.171281993389	3650836.488780851942	-255252.450721992878	-140578.173747754365	1.58034806025094032	2.91734676310030627	3.01715999308558214
334151609.188944518566	3650838.815626338124	-255259.941035800701	-140517.862603266403	1.58033157943451186	2.91734902593392853	3.01716113268543173
334151609.206606984138	3650841.141452229582	-255267.431293816335	-140457.551636292454	1.58031509881894383	2.91735113507214239	3.01716226507392182
334151609.224269509315	3650843.466287893709	-255274.921510904271	-140397.240408010693	1.58029861810382410	2.91735324419814557	3.01716339752673024
334151609.241931974888	3650845.790091197938	-255282.411642280756	-140336.929364481650	1.58028213740036749	2.91735535330615203	3.01716453003613250
334151609.259594500065	3650848.112903807778	-255289.901719331741	-140276.618072944751	1.58026565670856556	2.91735746239979621	3.01716566260209129
334151609.277257025242	3650850.434698983096	-255297.391744819382	-140216.306726803858	1.58024917602843362	2.91735957147180258	3.01716679522467812
334151609.294919490814	3650852.755479385611	-255304.881671638112	-140155.995565534336	1.58023254766903953	2.91736200144059143	3.01716804561373220
334151609.312582015991	3650855.075280456338	-255312.371573938435	-140095.684162307181	1.58021584903939738	2.91736458376991736	3.01716935196276914
334151609.330244481564	3650857.394025051966	-255319.861370833911	-140035.372918427136	1.58019915042262893	2.91736716606726043	3.01717065837718534
334151609.347907006741	3650859.711804939900	-255327.351146553847	-139975.061425350083	1.58018245181870176	2.91736974834717211	3.01717196485683958
334151609.365569472313	3650862.028545185458	-255334.840840756340	-139914.750099090714	1.58016575334030174	2.91737233060067069	3.01717327139283098
334151609.383231997490	3650864.344299516175	-255342.330466008221	-139854.438548698672	1.58014916403943606	2.91737488117686894	3.01717458890785473
334151609.400894522667	3650866.659041424748	-255349.820060424681	-139794.126931822801	1.58013347181108976	2.91737717182487000	3.01717599600133157
334151609.418556988239	3650868.972768560983	-255357.309556148393	-139733.815499815362	1.58011777959395627	2.91737946244789148	3.01717740315152660
334151609.436219513416	3650871.285483340267	-255364.798976414255	-139673.503831565991	1.58010208738803537	2.91738175304593339	3.01717881035844115
334151609.453881978989	3650873.597193834372	-255372.288352879637	-139613.192311124527	1.58008639529919637	2.91738404362289616	3.01718021761238919
334151609.471544504166	3650875.907901760656	-255379.777660031337	-139552.880566435982	1.58007070311567599	2.91738633418188797	3.01718162493263486
334151609.489207029343	3650878.217607982457	-255387.266929194186	-139492.568767261226	1.58005470072783605	2.91738868378563909	3.01718294143467913
334151609.506869494915	3650880.526293538976	-255394.756063929672	-139432.257148311910	1.58003817851016937	2.91739113234602332	3.01718410571427720
334151609.524532020092	3650882.833975784946	-255402.245206221996	-139371.945285882917	1.58002165630502156	2.91739358089875767	3.01718527005616233
334151609.542194485664	3650885.140621647704	-255409.734240513004	-139311.633576968918	1.58000513422393229	2.91739602941394116	3.01718643445260382
334151609.559857010841	3650887.446294539608	-255417.223259281280	-139251.321644039301	1.57998861204386576	2.91739847792955009	3.01718759891927180
334151609.577519476414	3650889.750950678717	-255424.712194142339	-139191.009845505265	1.57997208987636228	2.91740092641567994	3.01718876344843245
334151609.595182001591	3650892.054590090178	-255432.201029638352	-139130.697843263304	1.57995592105101834	2.91740334095185316	3.01719031387552850
334151609.612844526768	3650894.357238703873	-255439.689883597224	-139070.385779295990	1.57993984832798096	2.91740574624142113	3.01719196929366129
334151609.630506992340	3650896.658864617348	-255447.178606112866	-139010.073888196755	1.57992377572489984	2.91740815148653976	3.01719362476049913
334151609.648169517517	3650898.960567223839	-255454.666552498005	-138949.762335545063	1.57990770302482209	2.91741055671732497	3.01719528029840856
334151609.665831983089	3650901.260189725086	-255462.155158915150	-138889.450362066098	1.57989163033621538	2.91741296192235477	3.01719693589617144
334151609.683494508266	3650903.558795510326	-255469.643705998024	-138829.138158288959	1.57987553320422269	2.91741536820341185	3.01719856956519594
334151609.701156973839	3650905.856392006390	-255477.132188481628	-138768.826114197960	1.57985892773021730	2.91741779736273799	3.01719974609999619
334151609.718819499016	3650908.152978182305	-255484.620592434920	-138708.513841221255	1.57984232215669018	2.91742022651479038	3.01720092270516016
334151609.736482024193	3650910.448563587386	-255492.108945064741	-138648.201513758308	1.57982571659571480	2.91742265564434522	3.01720209937273687
334151609.754144489765	3650912.743116651662	-255499.597251931060	-138587.889344454190	1.57980911104729005	2.91742508475140294	3.01720327610272587
334151609.771807014942	3650915.036678086035	-255507.085477585410	-138527.576953736803	1.57979250551138639	2.91742751385051102	3.01720445289499084
334151609.789469480515	3650917.329232562799	-255514.573625445337	-138467.264709407813	1.57977607404941267	2.91742998237197515	3.01720545965581355
334151609.807132005692	3650919.620782616548	-255522.061730476591	-138406.952240836283	1.57975986428592052	2.91743250120528153	3.01720624961546013
334151609.824794530869	3650921.911315888166	-255529.549820769840	-138346.639711719705	1.57974365453535048	2.91743502003356259	3.01720703963750347
334151609.842456996441	3650924.200843582861	-255537.037753237440	-138286.327368888800	1.57972744479774008	2.91743753883862578	3.01720782972210833
334151609.860119521618	3650926.489368439186	-255544.525706591696	-138226.014769275032	1.57971123507305067	2.91744005763866276	3.01720861986910949
334151609.877781987190	3650928.776873105206	-255552.013538821833	-138165.702336591494	1.57969502547069918	2.91744257641056803	3.01720941007322940
334151609.895444512367	3650931.063376313541	-255559.501311914122	-138105.389687020070	1.57967902663753312	2.91744507292542155	3.01721045862043091
334151609.913106977940	3650933.348883929197	-255566.989036993618	-138045.077189894539	1.57966310886787897	2.91744756086336032	3.01721160650291287
334151609.930769503117	3650935.633368935436	-255574.476666962495	-137984.764457830111	1.57964719111036911	2.91745004878366254	3.01721275444612802
334151609.948432028294	3650937.916848349385	-255581.964288426883	-137924.451663920307	1.57963127336500175	2.91745253668632953	3.01721390245007681
334151609.966094493866	3650940.199302742258	-255589.451791543514	-137864.139056179964	1.57961535573919432	2.91745502456301553	3.01721505050693350
334151609.983757019043	3650942.480771884322	-255596.939302579005	-137803.826191772474	1.57959943801810576	2.91745751243404250	3.01721619863231538
334151610.001419484615	3650944.761221760418	-255604.426639120909	-137743.513520891371	1.57958258961161113	2.91745967404396023	3.01721715969363702
334151610.019082009792	3650947.040681560058	-255611.914026432030	-137683.200585986924	1.57956572360990966	2.91746182947366828	3.01721811727353106
334151610.036744475365	3650949.319104978815	-255619.401265571010	-137622.887831194705	1.57954885773427556	2.91746398487444347	3.01721907490569663
334151610.054407000542	3650951.596523099579	-255626.888486920274	-137562.574809041515	1.57953199175704717	2.91746614027303020	3.01722003260307980
334151610.072069525719	3650953.872946799733	-255634.375625878311	-137502.261776932079	1.57951512579205477	2.91746829565605603	3.01722099035920799
334151610.089731991291	3650956.148359182291	-255641.862703151448	-137441.948897157999	1.57949833895385017	2.91747049965201244	3.01722201522407563
334151610.107394516468	3650958.422759860288	-255649.349741768558	-137381.635775198665	1.57948167023927555	2.91747277624705292	3.01722314024849636
334151610.125056982040	3650960.696165869012	-255656.836678983149	-137321.322832281556	1.57946500164944226	2.91747505281343811	3.01722426532534138
334151610.142719507217	3650962.968528260943	-255664.323576947936	-137261.009633654554	1.57944833295937292	2.91747732936863891	3.01722539046991667
334151610.160381972790	3650965.239925401751	-255671.810403761920	-137200.696606944344	1.57943166428155979	2.91747960590209754	3.01722651567458344
334151610.178044497967	3650967.510280491319	-255679.297174925188	-137140.383345175913	1.57941499561597309	2.91748188242836637	3.01722764093921469
334151610.195707023144	3650969.779649429023	-255686.783857964765	-137080.070048274589	1.57939840300296375	2.91748409826839872	3.01722841743441439
334151610.213369488716	3650972.047996331938	-255694.270486432390	-137019.756891707628	1.57938182846659592	2.91748629976521423	3.01722911162820706
334151610.231032013893	3650974.315351109952	-255701.757088513667	-136959.443516951520	1.57936525383075765	2.91748850126467563	3.01722980588525180
334151610.248694479465	3650976.582769304980	-255709.242834666831	-136899.130908994732	1.57934867920732080	2.91749070274945765	3.01723050020088479
334151610.266357004642	3650978.848096101545	-255716.729287335067	-136838.817439747567	1.57933210459627738	2.91749290422319918	3.01723119457507449
334151610.284019529819	3650981.112414329778	-255724.215667595912	-136778.503954491258	1.57931552645071793	2.91749513039238817	3.01723192083254466
334151610.301681995392	3650983.375721702818	-255731.701959465106	-136718.190634863742	1.57929888847739086	2.91749777407762112	3.01723318507313021
334151610.319344520569	3650985.638032639865	-255739.188252919703	-136657.877059873048	1.57928225040476056	2.91750041776283098	3.01723444938830276
334151610.337006986141	3650987.899330681656	-255746.674420928350	-136597.563669748080	1.57926561234514695	2.91750306141679783	3.01723571376964683
334151610.354669511318	3650990.159607702401	-255754.160557457100	-136537.250012147531	1.57924897429852229	2.91750570505407003	3.01723697821703496
334151610.372331976891	3650992.418871542439	-255761.646618756000	-136476.936533472093	1.57923233637716387	2.91750834866525421	3.01723824272185892
334151610.389994502068	3650994.677139692474	-255769.132604734739	-136416.622818669799	1.57921584708472618	2.91751076465889048	3.01723952948519658
334151610.407657027245	3650996.934416863136	-255776.618505340244	-136356.309087974747	1.57919951225783706	2.91751294426717145	3.01724083934579124
334151610.425319492817	3650999.190639800858	-255784.104400971381	-136295.995478145633	1.57918317744249226	2.91751512385840384	3.01724214926356904
334151610.442982017994	3651001.445907649118	-255791.590217730467	-136235.681650357496	1.57916684263871243	2.91751730342167237	3.01724345923862192
334151610.460644483566	3651003.700149094686	-255799.075955992972	-136175.367995439039	1.57915050795670830	2.91751948296162933	3.01724476926194241
334151610.478307008743	3651005.953366547823	-255806.561638980260	-136115.054092285165	1.57913417317601668	2.91752166249079226	3.01724607935135669
334151610.495969474316	3651008.205589807592	-255814.047233882098	-136054.740354872600	1.57911770624791736	2.91752406624129845	3.01724743807223783
334151610.513631999493	3651010.456802298315	-255821.532776750828	-135994.426375278854	1.57910119604165144	2.91752654342942774	3.01724881276627510
334151610.531294524670	3651012.707001396921	-255829.018290019565	-135934.112372317701	1.57908468584770034	2.91752902060287900	3.01725018752301333
334151610.548956990242	3651014.956187656149	-255836.503689602192	-135873.798511106783	1.57906817577751446	2.91753149773519160	3.01725156233325631
334151610.566619515419	3651017.204385688063	-255843.989033150021	-135813.484439065418	1.57905166560822807	2.91753397486108934	3.01725293721554877
334151610.584281980991	3651019.451545034070	-255851.474321704125	-135753.170507243107	1.57903528605429710	2.91753643062068502	3.01725438810998181
334151610.601944506168	3651021.697717093863	-255858.959580992872	-135692.856337994279	1.57901956399491583	2.91753877892122526	3.01725622140915561
334151610.619606971741	3651023.942868047860	-255866.444732283650	-135632.542335674545	1.57900384205249877	2.91754112718279091	3.01725805475351061
334151610.637269496918	3651026.187016160693	-255873.929864229023	-135572.228103171714	1.57898812001482614	2.91754347543473092	3.01725988816781276
334151610.654932022095	3651028.430155118462	-255881.414898561721	-135511.913817479566	1.57897239798802747	2.91754582365145643	3.01726172163977147
334151610.672594487667	3651030.672295521945	-255888.899860948528	-135451.599703474145	1.57895667597209588	2.91754817183660320	3.01726355516935429
334151610.690257012844	3651032.913417358883	-255896.384790357959	-135391.285359166650	1.57894060666548963	2.91755056539858248	3.01726507849802372
334151610.707919478416	3651035.153544999193	-255903.869591575582	-135330.971207197988	1.57892406699760990	2.91755302042763942	3.01726618157712334
334151610.725582003593	3651037.392634043004	-255911.354414224537	-135270.656761046906	1.57890752723074268	2.91755547545083394	3.01726728472628825
334151610.743244528770	3651039.630736936349	-255918.839108584856	-135210.342306352686	1.57889098747651602	2.91755793045277256	3.01726838793806484
334151610.760906994343	3651041.867841276806	-255926.323730979784	-135150.028023346065	1.57887444773493035	2.91756038543345086	3.01726949121245180
334151610.778569519520	3651044.103932064958	-255933.808381196286	-135089.713471560564	1.57885790800595771	2.91756284040742164	3.01727059454932878
334151610.796231985092	3651046.338987418450	-255941.292869788420	-135029.399099890492	1.57884160647548710	2.91756511402456375	3.01727180920267912
334151610.813894510269	3651048.573067778256	-255948.777345609764	-134969.084496847005	1.57882535785401235	2.91756734726198896	3.01727304869484803
334151610.831556975842	3651050.806110379286	-255956.261713036831	-134908.770060619427	1.57880910924422224	2.91756958047630510	3.01727428824484978
334151610.849219501019	3651053.039267093409	-255963.745367155178	-134848.455967706745	1.57879286064608926	2.91757181368206275	3.01727552785256448
334151610.866882026196	3651055.270307494327	-255971.229623688589	-134788.141260102508	1.57877661205964692	2.91757404686107114	3.01727676751814133
334151610.884544491768	3651057.500324940309	-255978.713838780677	-134727.826692837436	1.57876036637824857	2.91757630506957133	3.01727800804289359
334151610.902207016945	3651059.729371750727	-255986.197984841623	-134667.511914850358	1.57874414422893405	2.91757877595491522	3.01727925551008669
334151610.919869482517	3651061.957368051633	-255993.682032628276	-134607.197284327878	1.57872792209185731	2.91758124681341569	3.01728050303893180
334151610.937532007694	3651064.184378639795	-256001.166074746259	-134546.882410435268	1.57871169996699146	2.91758371765962377	3.01728175062931037
334151610.955194473267	3651066.410378848668	-256008.650001655042	-134486.567715472338	1.57869547796383514	2.91758618847075812	3.01728299827284951
334151610.972856998444	3651068.635371728335	-256016.133873539278	-134426.252772383130	1.57867925586342306	2.91758865927418709	3.01728424598644107
334151610.990519523621	3651070.859377202578	-256023.617748886172	-134365.937804743444	1.57866299788519338	2.91759120295959162	3.01728569279650705
334151611.008181989193	3651073.082324235700	-256031.101453172247	-134305.622999162559	1.57864668319361923	2.91759386182071578	3.01728745425223144
334151611.025844514370	3651075.304299249779	-256038.585168399324	-134245.307942974934	1.57863036851405880	2.91759652065762065	3.01728921577279907
334151611.043506979942	3651077.525261559524	-256046.068821643537	-134184.993052413804	1.57861405395661492	2.91759917945717406	3.01729097734628260
334151611.061169505119	3651079.745204243343	-256053.552363250667	-134124.677934267529	1.57859773930108660	2.91760183824200237	3.01729273899656647
334151611.078832030296	3651081.964152529836	-256061.035862303921	-134064.362779574149	1.57858142454748696	2.91760449700482694	3.01729450072370842
334151611.096494495869	3651084.182088113856	-256068.519299360574	-134004.047790508834	1.57856494395287550	2.91760708763361976	3.01729588386788050
334151611.114157021046	3651086.399012936279	-256076.002684254257	-133943.732559264172	1.57854841626120357	2.91760965898529889	3.01729715993593750
334151611.131819486618	3651088.614929890726	-256083.486004348408	-133883.417474408139	1.57853188869377181	2.91761223030039751	3.01729843605979786
334151611.149482011795	3651090.829818959348	-256090.969258541678	-133823.102160553390	1.57851536102748513	2.91761480161127373	3.01729971225670424
334151611.167144477367	3651093.043710873928	-256098.452400737180	-133762.787031680084	1.57849883337390318	2.91761737289447165	3.01730098851809236
334151611.184807002544	3651095.256602924783	-256105.935547238798	-133702.471653384913	1.57848241407970047	2.91762004133446196	3.01730231706112750
334151611.202469527721	3651097.468495619018	-256113.418602160673	-133642.156233897811	1.57846646094544285	2.91762312778951083	3.01730387033010983
334151611.220131993294	3651099.679359886795	-256120.901581429498	-133581.840979926259	1.57845050782406382	2.91762621421691826	3.01730542366945542
334151611.237794518471	3651101.889225686435	-256128.384525042406	-133521.525489828724	1.57843455471554450	2.91762930062759374	3.01730697707907680
334151611.255456984043	3651104.098083614837	-256135.867363770318	-133461.210172716383	1.57841860172756010	2.91763238699824390	3.01730853054850945
334151611.273119509220	3651106.305941039231	-256143.350169839541	-133400.894612123026	1.57840264864479041	2.91763547335726425	3.01731008409882495
334151611.290781974792	3651108.512777372729	-256150.832867770427	-133340.579218457831	1.57838643669125922	2.91763830171738592	3.01731151333338188
334151611.308444499969	3651110.718607904855	-256158.315562505537	-133280.263587252412	1.57836988443324833	2.91764079094574269	3.01731277912053031
334151611.326107025146	3651112.923427430913	-256165.798186046799	-133219.947902858607	1.57835333218775919	2.91764328015383123	3.01731404497083266
334151611.343769490719	3651115.127245441545	-256173.280713730375	-133159.632409391168	1.57833678006649958	2.91764576932965980	3.01731531087570604
334151611.361432015896	3651117.330056596082	-256180.763199693174	-133099.316654500843	1.57832022784605952	2.91764825849356813	3.01731657685234156
334151611.379094481468	3651119.531835424714	-256188.245599483605	-133039.001084363903	1.57830367563814034	2.91765074763720289	3.01731784289213012
334151611.396757006645	3651121.732636345550	-256195.727974415728	-132978.685258977755	1.57828779294906352	2.91765350712708704	3.01731894741907070
334151611.414419472218	3651123.932413673028	-256203.210230798839	-132918.369606461056	1.57827201209384005	2.91765630765730233	3.01732002745641870
334151611.432081997395	3651126.131185665727	-256210.692457289842	-132858.053729703679	1.57825623114498526	2.91765910818877572	3.01732110756627270
334151611.449744522572	3651128.330058159772	-256218.173884537129	-132797.738398437330	1.57824045020901171	2.91766190870014164	3.01732218774136340
334151611.467406988144	3651130.526790727396	-256225.655964101286	-132737.422634006856	1.57822466928591365	2.91766470919503540	3.01732326798166151
334151611.485069513321	3651132.722552672494	-256233.138014565397	-132677.106632262614	1.57820877405160864	2.91766750159822186	3.01732434961077978
334151611.502731978893	3651134.917292597238	-256240.619970117114	-132616.790797450900	1.57819211209797539	2.91767023980850659	3.01732544017747450
334151611.520394504070	3651137.111022697296	-256248.101860147464	-132556.474720453931	1.57817545004540327	2.91767297801126269	3.01732653081941171
334151611.538057029247	3651139.303754033986	-256255.583683658188	-132496.158639444504	1.57815878800632836	2.91767571620009347	3.01732762152913780
334151611.555719494820	3651141.495449669193	-256263.065475724143	-132435.842679418798	1.57814212598076309	2.91767845436772122	3.01732871230670696
334151611.573382019997	3651143.686164891347	-256270.547192464379	-132375.526496676903	1.57812546396869435	2.91768119252142144	3.01732980315206545
334151611.591044485569	3651145.875866312068	-256278.028796761646	-132315.210498805303	1.57810915041017807	2.91768374911343686	3.01733095474783442
334151611.608707010746	3651148.064555116463	-256285.510415422905	-132254.894232155028	1.57809313294784248	2.91768615134514064	3.01733215801956378
334151611.626369476318	3651150.252233555540	-256292.991918734973	-132194.578144433093	1.57807711549745022	2.91768855355092427	3.01733336135106045
334151611.644032001495	3651152.438899374567	-256300.473396344954	-132134.261814527010	1.57806109805897044	2.91769095574897630	3.01733456474218853
334151611.661694526672	3651154.624562875368	-256307.954758500622	-132073.945462672564	1.57804508063243354	2.91769335792110551	3.01733576819308347
334151611.679356992245	3651156.809214613866	-256315.436045256094	-132013.629276445485	1.57802906332592441	2.91769576006318720	3.01733697169553183
334151611.697019517422	3651158.992866960820	-256322.917349600175	-131953.312827496789	1.57801285520186041	2.91769832272174057	3.01733834464615747
334151611.714681982994	3651161.175508009735	-256330.398551858263	-131892.996557477105	1.57799660097783323	2.91770092416499383	3.01733975861267512
334151611.732344508171	3651163.357140633743	-256337.879648595845	-131832.680058570084	1.57798034676614019	2.91770352558234913	3.01734117264302171
334151611.750006973743	3651165.537758236285	-256345.360736423812	-131772.363711999322	1.57796409267645465	2.91770612697560949	3.01734258672750943
334151611.767669498920	3651167.717367878184	-256352.841692056478	-131712.047149836959	1.57794783848941167	2.91770872835207795	3.01734400088543220
334151611.785332024097	3651169.895967116579	-256360.322681639664	-131651.730518477736	1.57793167022603487	2.91771138452470158	3.01734547570827205
334151611.802994489670	3651172.073562854901	-256367.803509979800	-131591.414080756076	1.57791585908756438	2.91771426852075111	3.01734720250085653
334151611.820657014847	3651174.250170855317	-256375.284335464239	-131531.097392312862	1.57790004796111938	2.91771715249032138	3.01734892935986565
334151611.838319480419	3651176.425740652718	-256382.765079014789	-131470.780857385776	1.57788423695340452	2.91772003641876188	3.01735065627361010
334151611.855982005596	3651178.600308548659	-256390.245749626280	-131410.464118868724	1.57786842585099629	2.91772292034265002	3.01735238326541566
334151611.873644530773	3651180.773862949107	-256397.726378603023	-131350.147306510509	1.57785261476062333	2.91772580423278205	3.01735411032369827
334151611.891306996346	3651182.946428600699	-256405.206941529410	-131289.830677835416	1.57783655562715097	2.91772859597320711	3.01735558977773666
334151611.908969521523	3651185.117968879174	-256412.687448770273	-131229.513814221718	1.57782023345225930	2.91773129001375331	3.01735680665115957
334151611.926631987095	3651187.288503161166	-256420.167824420787	-131169.197123590711	1.57780391140042142	2.91773398401443274	3.01735802358204319
334151611.944294512272	3651189.458036018070	-256427.648180555494	-131108.880189479125	1.57778758925131601	2.91773667800926040	3.01735924058682858
334151611.961956977844	3651191.626545932144	-256435.128495026205	-131048.563395701189	1.57777126711509741	2.91773937198486477	3.01736045765726901
334151611.979619503021	3651193.794069503434	-256442.608726599574	-130988.246391094435	1.57775494499176627	2.91774206594124275	3.01736167479336226
334151611.997282028198	3651195.960570372641	-256450.088895442837	-130927.929364419018	1.57773878834561110	2.91774447186112029	3.01736331594761875
334151612.014944493771	3651198.126080978196	-256457.568986352941	-130867.612484250232	1.57772268206885946	2.91774679026697159	3.01736508589809960
334151612.032607018948	3651200.290564178489	-256465.049024566484	-130807.295361784549	1.57770657569458450	2.91774910865600612	3.01736685591910803
334151612.050269484520	3651202.455143257510	-256472.528248831950	-130746.979022867439	1.57769046933149060	2.91775142701374746	3.01736862599868783
334151612.067932009697	3651204.617615308613	-256480.008189010608	-130686.661829906821	1.57767436297955554	2.91775374535474485	3.01737039613673597
334151612.085594475269	3651206.779077934567	-256487.488000466547	-130626.344815870660	1.57765820149927638	2.91775609814048220	3.01737206658058188
334151612.103257000446	3651208.939542569686	-256494.967789470829	-130566.027552411702	1.57764175259687756	2.91775863028710214	3.01737321838296912
334151612.120919525623	3651211.098970819730	-256502.447539135814	-130505.710247533891	1.57762530370714638	2.91776116242266825	3.01737437024880562
334151612.138581991196	3651213.257402868476	-256509.927163305401	-130445.393127641175	1.57760885483011126	2.91776369452898754	3.01737552217821836
334151612.156244516373	3651215.414839426056	-256517.406775401119	-130385.075752380319	1.57759240596574291	2.91776622662425034	3.01737667417108035
334151612.173906981945	3651217.571235750336	-256524.886268432747	-130324.758549878432	1.57757595722506871	2.91776875868526231	3.01737782621965778
334151612.191569507122	3651219.726660059765	-256532.365732111764	-130264.441123359342	1.57755994138625755	2.91777113939394406	3.01737909961833761
334151612.209231972694	3651221.881062826607	-256539.845114120457	-130204.123850473479	1.57754425296886569	2.91777340563663579	3.01738046477897459
334151612.226894497871	3651224.034465104342	-256547.324463267374	-130143.806334108143	1.57752856456263713	2.91777567185857789	3.01738182999590210
334151612.244557023048	3651226.186863206793	-256554.803723413090	-130083.488795788071	1.57751287616757074	2.91777793805977215	3.01738319526912102
334151612.262219488621	3651228.338235401548	-256562.282918058365	-130023.171417044752	1.57749718788953985	2.91778020423336892	3.01738456058935656
334151612.279882013798	3651230.488580194302	-256569.762059953850	-129962.853796002717	1.57748149951679228	2.91778247039669836	3.01738592597513033
334151612.297544479370	3651232.637957267929	-256577.241119869082	-129902.536352818977	1.57746502046003689	2.91778503607825712	3.01738708468043182
334151612.315207004547	3651234.786322660279	-256584.720140660473	-129842.218667450652	1.57744835846085074	2.91778767105958581	3.01738819561493088
334151612.332869529724	3651236.933666760568	-256592.199098745041	-129781.900946720270	1.57743169647485204	2.91779030602300526	3.01738930661550020
334151612.350531995296	3651239.079993689898	-256599.677958944871	-129721.583373681147	1.57741503461449506	2.91779294095190567	3.01739041767463245
334151612.368194520473	3651241.225325079635	-256607.156795210700	-129661.265588394148	1.57739837265486993	2.91779557587950489	3.01739152880734096
334151612.385856986046	3651243.369648619555	-256614.635526341764	-129600.947976096679	1.57738172345917649	2.91779805008050008	3.01739265695877190
334151612.403519511223	3651245.512949125841	-256622.114188514388	-129540.630115558088	1.57736511342732855	2.91780003080980288	3.01739383722321763
334151612.421181976795	3651247.655249239877	-256629.592844990839	-129480.312400112103	1.57734850351892875	2.91780201151520879	3.01739501753451167
334151612.438844501972	3651249.796552761924	-256637.071398942004	-129419.994475132175	1.57733189350978531	2.91780399221019415	3.01739619790867586
334151612.456507027149	3651251.936839826871	-256644.549887358269	-129359.676495554362	1.57731528351200811	2.91780597287892318	3.01739737833775923
334151612.474169492722	3651254.076112808660	-256652.028313384450	-129299.358694900773	1.57729867352557385	2.91780795353594824	3.01739855882166541
334151612.491832017899	3651256.214386235457	-256659.506693212403	-129239.040650766125	1.57728216509472552	2.91781034242389392	3.01739985398872879
334151612.509494483471	3651258.351638591383	-256666.984964637784	-129178.722773560134	1.57726575324513774	2.91781311908099195	3.01740125809723825
334151612.527157008648	3651260.487889057491	-256674.463203040883	-129118.404666168994	1.57724934129765715	2.91781589573332223	3.01740266228255294
334151612.544819474220	3651262.623127310071	-256681.941392516921	-129058.086711113676	1.57723292936305648	2.91781867235967685	3.01740406653521109
334151612.562481999397	3651264.757369441912	-256689.419492830202	-128997.768533225782	1.57721651744132885	2.91782144896369511	3.01740547085518918
334151612.580144524574	3651266.890601635911	-256696.897560201032	-128937.450326032384	1.57720010553246426	2.91782422555264942	3.01740687524243878
334151612.597806990147	3651269.022817597259	-256704.375516350527	-128877.132266529545	1.57718393987767147	2.91782719485903597	3.01740799248503899
334151612.615469515324	3651271.154028236400	-256711.853442356078	-128816.813982785112	1.57716780004058488	2.91783018446137943	3.01740907956750171
334151612.633131980896	3651273.284235396422	-256719.331246999907	-128756.495866083016	1.57715166021717401	2.91783317403947073	3.01741016671979034
334151612.650794506073	3651275.414517060388	-256726.808356587309	-128696.178091054884	1.57713552040741778	2.91783616360785825	3.01741125394180854
334151612.668456971645	3651277.542701265309	-256734.286019744322	-128635.859911097214	1.57711938072025104	2.91783915314389963	3.01741234122623458
334151612.686119496822	3651279.669877185021	-256741.763709089020	-128575.541472946948	1.57710316499752512	2.91784209706282471	3.01741345403474615
334151612.703782021999	3651281.796052371617	-256749.241306426818	-128515.223006904533	1.57708661895951940	2.91784484255860965	3.01741467760181648
334151612.721444487572	3651283.921201189514	-256756.718824785494	-128454.904713732045	1.57707007293470647	2.91784758803842470	3.01741590123628001
334151612.739107012749	3651286.045365077909	-256764.196260191500	-128394.586196431192	1.57705352692310208	2.91785033349135325	3.01741712493820602
334151612.756769478321	3651288.168504633941	-256771.673693716264	-128334.267806168777	1.57703698103635137	2.91785307891822887	3.01741834869921055
334151612.774432003498	3651290.290637815837	-256779.151018484408	-128273.949194378700	1.57702043505113165	2.91785582433920831	3.01741957253591986
334151612.792094528675	3651292.411769284867	-256786.628292761190	-128213.630571217203	1.57700445564916603	2.91785872002590185	3.01742103038991649
334151612.809756994247	3651294.531866936479	-256794.105468701688	-128153.312095635323	1.57698888365706091	2.91786172374584529	3.01742265653511987
334151612.827419519424	3651296.650996011682	-256801.582612254599	-128092.993390094533	1.57697331167712518	2.91786472744849723	3.01742428274759211
334151612.845081984997	3651298.769080501050	-256809.059692839131	-128032.674836660590	1.57695773981446852	2.91786773110748010	3.01742590901639440
334151612.862744510174	3651300.886183194350	-256816.536737776449	-127972.356047213674	1.57694216785889307	2.91787073476099135	3.01742753536349362
334151612.880406975746	3651303.002261389513	-256824.013677134179	-127912.037430636934	1.57692659591550211	2.91787373838629271	3.01742916177792919
334151612.898069500923	3651305.117329780478	-256831.490550668706	-127851.718571879697	1.57691060815419126	2.91787637036581993	3.01743036951781463
334151612.915732026100	3651307.231413582340	-256838.967347361409	-127791.399715163381	1.57689455445116233	2.91787894338489684	3.01743151090467743
334151612.933394491673	3651309.344473521225	-256846.444115458784	-127731.080998785954	1.57687850086891213	2.91788151638095083	3.01743265234639013
334151612.951057016850	3651311.456511368509	-256853.920801196189	-127670.762034168089	1.57686244719077107	2.91788408936454102	3.01743379385851362
334151612.968719482422	3651313.567564382683	-256861.397391080682	-127610.443260590269	1.57684639352507849	2.91788666232674698	3.01743493543328922
334151612.986382007599	3651315.677608693950	-256868.873965462844	-127550.124225590480	1.57683032600632300	2.91788927897682138	3.01743615285140843
334151613.004044473171	3651317.786604984663	-256876.350439689413	-127489.805375231983	1.57681417755822428	2.91789215102847033	3.01743781330023975
334151613.021706998348	3651319.894636605866	-256883.826891969307	-127429.486275677846	1.57679802901355481	2.91789502306867066	3.01743947382799327
334151613.039369523525	3651322.001634655055	-256891.303264863032	-127369.167134704636	1.57678188048130341	2.91789789507920938	3.01744113442345485
334151613.057031989098	3651324.107647874858	-256898.779541885451	-127308.848184771254	1.57676573196147052	2.91790076706008517	3.01744279508662361
334151613.074694514275	3651326.212634334806	-256906.255842990853	-127248.528960004478	1.57674958345403504	2.91790363902584948	3.01744445581741072
334151613.092356979847	3651328.316621643491	-256913.731994630332	-127188.209939461784	1.57673326368913891	2.91790645113179092	3.01744594594935878
334151613.110019505024	3651330.419588430319	-256921.208087540901	-127127.890664736929	1.57671679628038341	2.91790921164384365	3.01744728901210024
334151613.127682030201	3651332.521571730264	-256928.684153892973	-127067.571372818289	1.57670032888459200	2.91791197214172904	3.01744863214209813
334151613.145344495773	3651334.622505960520	-256936.160081541282	-127007.252241658309	1.57668386161291996	2.91791473259707690	3.01744997533034676
334151613.163007020950	3651336.722468189895	-256943.636019683938	-126946.932859890469	1.57666739424308466	2.91791749304479842	3.01745131859499116
334151613.180669486523	3651338.821402022615	-256951.111841695703	-126886.613670232924	1.57665092688622210	2.91792025347107353	3.01745266192693506
334151613.198332011700	3651340.919340843335	-256958.587664797291	-126826.294211911096	1.57663438661894295	2.91792416937647037	3.01745423197268714
334151613.215994477272	3651343.016256572679	-256966.063342287962	-126765.974939759879	1.57661784237792846	2.91792815020676954	3.01745581483979253
334151613.233657002449	3651345.112196397502	-256973.539019781369	-126705.655436236615	1.57660129804054439	2.91793213103735116	3.01745739780539024
334151613.251319527626	3651347.208186411299	-256981.013923401741	-126645.336464570166	1.57658475371845674	2.91793611183887869	3.01745898085881015
334151613.268981993198	3651349.302088732831	-256988.489386572386	-126585.017099969948	1.57656820941166331	2.91794009261135256	3.01746056400005314
334151613.286644518375	3651351.394970652182	-256995.964882831468	-126524.697478477494	1.57655165565499633	2.91794384917424621	3.01746206072644974
334151613.304306983948	3651353.486856389791	-257003.440253354609	-126464.378041966251	1.57653506291523948	2.91794667933566032	3.01746320009901714
334151613.321969509125	3651355.577730930876	-257010.915597917454	-126404.058349977960	1.57651847007708157	2.91794950949304965	3.01746433954835691
334151613.339631974697	3651357.667596701533	-257018.390850430704	-126343.738830975097	1.57650187725250546	2.91795233963212342	3.01746547906675033
334151613.357294499874	3651359.756448305212	-257025.866053215053	-126283.419075730315	1.57648528444150582	2.91795516975651870	3.01746661865417742
334151613.374957025051	3651361.844308974687	-257033.341210055019	-126223.099277996880	1.57646869164409198	2.91795799985895643	3.01746775831067815
334151613.392619490623	3651363.931136416271	-257040.816293577227	-126162.779665017064	1.57645213119962313	2.91796102778885968	3.01746889563561016
334151613.410282015800	3651366.016984875314	-257048.291301480960	-126102.459816027244	1.57643558971277842	2.91796417269377972	3.01747003162661631
334151613.427944481373	3651368.101795154624	-257055.766227108834	-126042.140120553537	1.57641904824029622	2.91796731757685857	3.01747116769174273
334151613.445607006550	3651370.185633432586	-257063.241123115964	-125981.820201066061	1.57640250678216232	2.91797046244900526	3.01747230383092457
334151613.463269472122	3651372.268420312554	-257070.715933586820	-125921.500429040636	1.57638596545002141	2.91797360728653121	3.01747344003650753
334151613.480931997299	3651374.350219470449	-257078.190700798121	-125861.180432887064	1.57636942402060098	2.91797675212226082	3.01747457632388372
334151613.498594522476	3651376.431015409064	-257085.665365451743	-125800.860414782393	1.57635288369239612	2.91797955512314333	3.01747596511998317
334151613.516256988049	3651378.510786394123	-257093.139951056393	-125740.540556252425	1.57633634350811414	2.91798231692313914	3.01747738439226731
334151613.533919513226	3651380.589571221732	-257100.614557115710	-125680.220441055775	1.57631980333674226	2.91798507870763668	3.01747880373210631
334151613.551581978798	3651382.667332028970	-257108.089030779520	-125619.900512027933	1.57630326328991677	2.91798784045553106	3.01748022312993314
334151613.569244503975	3651384.744096264709	-257115.563441725273	-125559.580346876595	1.57628672314438645	2.91799060219083728	3.01748164260498131
334151613.586907029152	3651386.819846672472	-257123.037849095126	-125499.260145059903	1.57627023437009806	2.91799320483449121	3.01748292395840023
334151613.604569494724	3651388.894594556186	-257130.512121603824	-125438.940110289201	1.57625386238488452	2.91799544574772840	3.01748389116393412
334151613.622232019901	3651390.968320940156	-257137.986376799527	-125378.619837862294	1.57623749041170491	2.91799768664927539	3.01748485842787550
334151613.639894485474	3651393.041042929050	-257145.460483639239	-125318.299759074987	1.57622111856105152	2.91799992752881820	3.01748582574366742
334151613.657557010651	3651395.112762105651	-257152.934650611889	-125257.979396914146	1.57620474661194265	2.91800216840334325	3.01748679312444112
334151613.675219476223	3651397.183458668645	-257160.408645208576	-125197.659234220060	1.57618837467488015	2.91800440925526061	3.01748776056368095
334151613.692882001400	3651399.253159289248	-257167.882654073997	-125137.338802861457	1.57617198046692542	2.91800688908050576	3.01748882411249575
334151613.710544526577	3651401.321859613527	-257175.356572294491	-125077.018373432104	1.57615556923721023	2.91800955157784081	3.01748996115320800
334151613.728206992149	3651403.389525198843	-257182.830365206435	-125016.698118177374	1.57613915813122918	2.91801221404757039	3.01749109825171358
334151613.745869517326	3651405.456206498668	-257190.304151963792	-124956.377606254595	1.57612274692747389	2.91801487650873526	3.01749223542345568
334151613.763531982899	3651407.521875135135	-257197.777876150445	-124896.057259964204	1.57610633573669867	2.91801753895181193	3.01749337266071294
334151613.781194508076	3651409.586530546658	-257205.251537234522	-124835.736677431443	1.57608992455890196	2.91802020137680085	3.01749450996348445
334151613.798856973648	3651411.650163972285	-257212.725102917728	-124775.416261829829	1.57607365855597381	2.91802249701985872	3.01749571753859946
